0 0.7424892703862661 0.574764353041988 0.11444921316165951 0.0664095972579263
0 0.3905579399141631 0.848114824335904 0.11731044349070101 0.0844044558697515
0 0.12589413447782546 0.4046700942587832 0.11731044349070101 0.07497857754927163
0 0.4974964234620887 0.15231362467866325 0.13090128755364808 0.0766923736075407
0 0.5854792560801144 0.24528706083976007 0.056509298998569386 0.08697514995715509
0 0.5110872675250357 0.8384747215081405 0.11659513590844063 0.07112253641816624
0 0.5736766809728183 0.8774635818337618 0.13876967095851217 0.04027420736932305
0 0.6198140200286123 0.3194087403598972 0.1223175965665236 0.08783204798628963
0 0.8104434907010014 0.24185946872322195 0.18454935622317598 0.10154241645244216
0 0.3708869814020029 0.5008568980291346 0.10944206008583691 0.08397600685518423
0 0.49320457796852646 0.31748071979434445 0.12088698140200287 0.07712082262210797
0 0.6255364806866953 0.8316195372750642 0.11516452074391989 0.055698371893744644
0 0.9295422031473534 0.8571122536418166 0.056509298998569386 0.042416452442159386
0 0.8841201716738197 0.676949443016281 0.12446351931330472 0.12253641816623821
0 0.388412017167382 0.7615681233933161 0.06866952789699571 0.09125964010282776
0 0.13090128755364808 0.3333333333333333 0.13161659513590845 0.08826049700085689
0 0.5028612303290415 0.24400171379605826 0.12160228898426323 0.0946872322193659
0 0.7857653791130186 0.8453299057412168 0.0736766809728183 0.08997429305912596
0 0.24642346208869814 0.760497000856898 0.09370529327610873 0.0934018851756641
0 0.3748211731044349 0.5839760068551842 0.12160228898426323 0.0805484147386461
0 0.2142346208869814 0.2416452442159383 0.06795422031473533 0.061696658097686374
0 0.8644492131616596 0.5713367609254498 0.1552217453505007 0.06212510711225364
0 0.8143776824034334 0.49421593830334193 0.11802575107296137 0.08269065981148244
0 0.24391988555078684 0.15766923736075408 0.12875536480686695 0.0805484147386461
0 0.740343347639485 0.3196229648671808 0.12446351931330472 0.0856898029134533
0 0.6183834048640916 0.14824335904027422 0.1323319027181688 0.07369323050556983
0 0.4996423462088698 0.5801199657240789 0.13662374821173104 0.07626392459297343
0 0.14091559370529327 0.7626392459297343 0.11444921316165951 0.09168808911739502
0 0.3894849785407725 0.4050985432733505 0.15665236051502146 0.08868894601542417
0 0.3136623748211731 0.7656383890317052 0.08226037195994278 0.10454155955441302
0 0.37124463519313305 0.1578834618680377 0.12589413447782546 0.08011996572407884
0 0.5 0.3935304198800343 0.13876967095851217 0.055269922879177376
0 0.13733905579399142 0.8434018851756641 0.11587982832618025 0.0715509854327335
0 0.12911301859799715 0.4974293059125964 0.11659513590844063 0.0779777206512425
0 0.17381974248927037 0.35218508997429304 0.03719599427753934 0.030848329048843187
0 0.7174535050071531 0.8365467009425879 0.05436337625178827 0.07412167952013711
0 0.6244635193133047 0.671165381319623 0.15450643776824036 0.0895458440445587
0 0.6527181688125894 0.2352185089974293 0.09513590844062947 0.0831191088260497
0 0.6241058655221745 0.577120822622108 0.13948497854077252 0.0702656383890317
0 0.3104434907010014 0.6726649528706083 0.13876967095851217 0.0934018851756641
0 0.46530758226037194 0.6658097686375322 0.1680972818311874 0.08654670094258783
0 0.5107296137339056 0.7634961439588689 0.12732474964234622 0.09168808911739502
0 0.7997138769670958 0.40359897172236503 0.18025751072961374 0.0856898029134533
0 0.8680257510729614 0.15167095115681234 0.10658082975679542 0.0908311910882605
0 0.5722460658082976 0.8521850899742931 0.2532188841201717 0.08740359897172237
0 0.8665951359084406 0.8425449871465296 0.08082975679542204 0.0844044558697515
0 0.6405579399141631 0.41131105398457585 0.13376251788268956 0.09168808911739502
0 0.2503576537911302 0.5846186803770351 0.14163090128755365 0.0844044558697515
0 0.13125894134477825 0.31533847472150817 0.12804005722460657 0.04798628963153385
0 0.261444921316166 0.8436161096829478 0.11802575107296137 0.07369323050556983
0 0.7571530758226037 0.762853470437018 0.10801144492131616 0.059554413024850046
0 0.7585836909871244 0.6696658097686375 0.09799713876967096 0.0934018851756641
0 0.12052932761087268 0.15252784918594686 0.1323319027181688 0.06255355612682091
0 0.7410586552217453 0.14995715509854327 0.13161659513590845 0.07883461868037704
0 0.6680972818311874 0.8748928877463582 0.07725321888412018 0.038560411311053984
0 0.36623748211731044 0.3196229648671808 0.12875536480686695 0.0728363324764353
0 0.2528612303290415 0.5002142245072836 0.12660944206008584 0.08097686375321336
0 0.1584406294706724 0.664738646101114 0.14377682403433475 0.0766923736075407
0 0.869098712446352 0.31362467866323906 0.11874105865522175 0.10197086546700942
0 0.2449928469241774 0.3217652099400171 0.1251788268955651 0.07369323050556983
0 0.8844778254649499 0.7688517566409597 0.11802575107296137 0.059554413024850046
0 0.5125178826895566 0.4417309340188518 0.20386266094420602 0.050556983718937444
0 0.32975679542203146 0.24057412167952014 0.19027181688125894 0.07497857754927163
0 0.6208869814020028 0.7602827763496144 0.09012875536480687 0.0895458440445587
0 0.8490701001430615 0.7208654670094259 0.1859799713876967 0.05012853470437018
0 0.12660944206008584 0.5820479862896315 0.09871244635193133 0.0818337617823479
0 0.6566523605150214 0.5034275921165381 0.13733905579399142 0.10111396743787489
0 0.13304721030042918 0.24850042844901457 0.12303290414878398 0.09768637532133675
0 0.5003576537911302 0.495929734361611 0.13376251788268956 0.060411311053984576
0 0.25 0.41131105398457585 0.12660944206008584 0.09168808911739502