0 0.3672 0.48806042884990253 0.0656 0.06286549707602339
0 0.7904 0.43737816764132553 0.0728 0.09405458089668615
0 0.3282 0.4727095516569201 0.2132 0.13840155945419103
0 0.9252 0.26096491228070173 0.0656 0.09015594541910331
0 0.5396 0.3077485380116959 0.0752 0.11842105263157894
0 0.3998 0.3925438596491228 0.0852 0.11354775828460038
0 0.9136 0.35891812865497075 0.0848 0.08430799220272904
0 0.3092 0.11574074074074074 0.0528 0.09697855750487329
0 0.842 0.35769980506822613 0.0664 0.0847953216374269
0 0.9094 0.6564327485380117 0.0772 0.10136452241715399
0 0.2442 0.679093567251462 0.0692 0.0891812865497076
0 0.4966 0.6846978557504874 0.102 0.06725146198830409
0 0.3718 0.6751949317738791 0.066 0.10087719298245613
0 0.7288 0.8891325536062378 0.0888 0.047270955165692005
0 0.3548 0.19712475633528265 0.12 0.09015594541910331
0 0.875 0.8464912280701754 0.0716 0.07115009746588694
0 0.2274 0.8728070175438597 0.0588 0.19103313840155944
0 0.6128 0.7475633528265108 0.1248 0.05555555555555555
0 0.633 0.6754385964912281 0.0644 0.08966861598440545
0 0.3084 0.6776315789473685 0.0672 0.10282651072124756
0 0.8592 0.14449317738791423 0.1696 0.1398635477582846
0 0.898 0.7655945419103314 0.1064 0.12280701754385964
0 0.6384 0.5896686159844055 0.0664 0.10331384015594541
0 0.7354 0.2412280701754386 0.1004 0.09454191033138401
0 0.5702 0.6815302144249513 0.0572 0.08333333333333333
0 0.3192 0.5199805068226121 0.0904 0.02631578947368421
0 0.4412 0.2970272904483431 0.1256 0.09015594541910331
0 0.483 0.11403508771929824 0.0652 0.08674463937621832
0 0.2584 0.5787037037037037 0.0848 0.10185185185185185
0 0.9106 0.5665204678362573 0.0972 0.09210526315789473
0 0.813 0.8557504873294347 0.0908 0.06140350877192982
0 0.655 0.11915204678362573 0.0532 0.08528265107212475
0 0.4278 0.6778752436647173 0.054 0.09259259259259259
0 0.5034 0.5930799220272904 0.058 0.09551656920077972
0 0.3676 0.11232943469785575 0.0568 0.0813840155945419
0 0.7712 0.557504873294347 0.0736 0.13450292397660818
0 0.6056 0.1189083820662768 0.056 0.08771929824561403
0 0.467 0.9230019493177388 0.1508 0.07992202729044834
0 0.5686 0.6793372319688109 0.07 0.08187134502923976
0 0.7476 0.1337719298245614 0.1088 0.12134502923976608
0 0.8212 0.6871345029239766 0.076 0.11500974658869395
0 0.8694 0.2631578947368421 0.0652 0.09064327485380116
0 0.5078 0.7487816764132553 0.0828 0.06676413255360623
0 0.4202 0.5077972709551657 0.034 0.06432748538011696
0 0.5562 0.14010721247563354 0.0804 0.05896686159844054
0 0.3528 0.29800194931773877 0.064 0.09990253411306042
0 0.9128 0.4727095516569201 0.0944 0.1267056530214425
0 0.6662 0.6851851851851852 0.0348 0.09844054580896686
0 0.4492 0.4232456140350877 0.0832 0.13596491228070176
0 0.729 0.8221247563352827 0.0916 0.06335282651072124
0 0.7652 0.7775341130604289 0.1544 0.06578947368421052
0 0.2386 0.2880116959064328 0.0428 0.09259259259259259
0 0.5758 0.5906432748538012 0.0764 0.09844054580896686
0 0.5458 0.1074561403508772 0.0668 0.07163742690058479
0 0.845 0.45760233918128657 0.0748 0.1267056530214425
0 0.3456 0.3742690058479532 0.0616 0.06432748538011696
0 0.7524 0.33187134502923976 0.1288 0.1111111111111111
0 0.7338 0.6727582846003899 0.0804 0.14473684210526316
0 0.32 0.6345029239766082 0.0688 0.19005847953216373
0 0.5016 0.20492202729044834 0.0568 0.10769980506822611
0 0.5162 0.4215399610136452 0.0836 0.09844054580896686
0 0.65 0.4451754385964912 0.044 0.1476608187134503
0 0.4396 0.20419103313840156 0.0984 0.09746588693957114
0 0.422 0.5835769980506823 0.116 0.10575048732943469
0 0.4438 0.8114035087719298 0.1348 0.1627680311890838
0 0.3438 0.8654970760233918 0.0492 0.19883040935672514
0 0.6034 0.8611111111111112 0.1476 0.20662768031189083
0 0.9186 0.86135477582846 0.0732 0.09892787524366471
0 0.6014 0.2826510721247563 0.0516 0.06237816764132553
0 0.2546 0.14059454191033138 0.0692 0.15838206627680312
0 0.7468 0.7931286549707602 0.136 0.08528265107212475
0 0.2682 0.3654970760233918 0.1012 0.06432748538011696
0 0.2992 0.8559941520467836 0.0536 0.22076023391812866
0 0.267 0.8820662768031189 0.0556 0.16861598440545808
0 0.2628 0.1878654970760234 0.0736 0.09113060428849902
0 0.3124 0.4612573099415205 0.0352 0.08528265107212475
0 0.6356 0.21003898635477583 0.0888 0.09161793372319688
0 0.6518 0.324317738791423 0.0612 0.08528265107212475
0 0.5546 0.43323586744639375 0.1468 0.22514619883040934
0 0.2448 0.7821637426900585 0.068 0.11306042884990253
0 0.3252 0.584307992202729 0.0704 0.08869395711500974
0 0.8362 0.5694444444444444 0.086 0.11159844054580896
0 0.4288 0.11963937621832359 0.0536 0.097953216374269
0 0.7244 0.4215399610136452 0.0784 0.09551656920077972
0 0.7228 0.5229044834307992 0.0784 0.10038986354775828
0 0.3186 0.2936159844054581 0.1252 0.10477582846003898
0 0.8112 0.8898635477582846 0.0952 0.04191033138401559
0 0.8124 0.24074074074074073 0.0832 0.07017543859649122
0 0.56 0.20516569200779727 0.0632 0.08771929824561403