0 0.15103056147832267 0.7412167952013711 0.24235963041933192 0.26735218508997427
0 0.6670220326936744 0.42802056555269924 0.2906894100923952 0.15938303341902313
0 0.26687988628287135 0.14588688946015424 0.09168443496801706 0.1546700942587832
0 0.27789623312011374 0.3911739502999143 0.08386638237384506 0.06598114824335904
0 0.4182658137882018 0.4796486718080548 0.19971570717839374 0.10411311053984576
0 0.5255863539445629 0.8209083119108826 0.14285714285714285 0.10454155955441302
0 0.2935323383084577 0.8316195372750642 0.13503909026297087 0.17395029991431019
0 0.18017057569296374 0.16345329905741215 0.08742004264392324 0.19237360754070265
0 0.7380952380952381 0.1953727506426735 0.16417910447761194 0.2125107112253642
0 0.502132196162047 0.7328620394173093 0.24520255863539445 0.0844044558697515
0 0.4431414356787491 0.2686375321336761 0.18550106609808104 0.13624678663239073
0 0.18017057569296374 0.3922450728363325 0.17270788912579957 0.26520994001713794
0 0.3738450604122246 0.3886032562125107 0.2814498933901919 0.08740359897172237
0 0.07960199004975124 0.4884318766066838 0.15209665955934612 0.23307626392459296
0 0.4314143567874911 0.8541131105398457 0.12366737739872068 0.11268209083119109
0 0.8891257995735607 0.155955441302485 0.1677327647476901 0.12253641816623821
0 0.4193319118692253 0.1514567266495287 0.2501776830135039 0.11525278491859468
0 0.6652452025586354 0.4607969151670951 0.2828713574982232 0.10325621251071122
0 0.6265103056147833 0.22193658954584405 0.15707178393745558 0.20394173093401885
0 0.417910447761194 0.6171808054841473 0.22032693674484718 0.175235646958012
0 0.8919687277896233 0.3883890317052271 0.18052594171997158 0.1983718937446444
0 0.255863539445629 0.5338474721508141 0.09381663113006397 0.20308483290488433
0 0.07142857142857142 0.2275064267352185 0.11016346837242359 0.3161953727506427
0 0.5426439232409381 0.5961868037703514 0.13148542999289267 0.13581833761782347
0 0.669864960909737 0.35711225364181665 0.30206112295664533 0.0715509854327335
0 0.36105188343994316 0.286203941730934 0.2046908315565032 0.11139674378748929
0 0.7814498933901919 0.6685946872322194 0.38877043354655294 0.5042844901456727