0 0.33123145400593473 0.3960734101579172 0.12091988130563798 0.07255655142979087
0 0.45326409495548964 0.774221084080239 0.10534124629080119 0.06316688006828852
0 0.34532640949554894 0.7699530516431925 0.11350148367952523 0.06145966709346991
0 0.33419881305637983 0.6961160904822876 0.09421364985163205 0.06487409304310712
0 0.43212166172106825 0.5635936833119932 0.1327893175074184 0.07383696116090482
0 0.6880563798219584 0.5708493384549722 0.11646884272997032 0.7046521553563807
0 0.331973293768546 0.4660691421254802 0.11943620178041543 0.06487409304310712
0 0.3327151335311573 0.16880068288518993 0.14614243323442136 0.0892018779342723
0 0.5953264094955489 0.844216816047802 0.10608308605341246 0.0793854033290653
0 0.4981454005934718 0.7084933845497225 0.2767062314540059 0.08023900981647461
0 0.4502967359050445 0.32970550576184376 0.13056379821958458 0.07212974818608621
0 0.34681008902077154 0.5458813486982501 0.13724035608308605 0.0998719590268886
0 0.3327151335311573 0.3241570635936833 0.12091988130563798 0.07212974818608621
0 0.34458456973293766 0.6297481860862143 0.1327893175074184 0.07212974818608621
0 0.35682492581602376 0.8950064020486556 0.15281899109792285 0.08536064874093043
0 0.5578635014836796 0.6589842082799829 0.17359050445103857 0.12633376013657704
0 0.5838278931750742 0.7772087067861716 0.14094955489614244 0.06914212548015365
0 0.5678783382789317 0.4039692701664533 0.16543026706231453 0.06530089628681178
0 0.3586795252225519 0.8326931284677763 0.15949554896142434 0.06743491250533504
0 0.6728486646884273 0.16688006828851898 0.1201780415430267 0.08877507469056765
0 0.5701038575667656 0.9093043107127614 0.15652818991097922 0.05335040546308152
0 0.3809347181008902 0.24775928297055058 0.22922848664688428 0.09517712334613743
0 0.48256676557863504 0.6903542466922749 0.12685459940652818 0.052496798975672214
0 0.5741839762611276 0.33376013657703796 0.13353115727002968 0.0793854033290653
0 0.47440652818991097 0.8420827998292787 0.18620178041543026 0.07597097737942808
0 0.5422848664688428 0.255228339735382 0.19732937685459942 0.07597097737942808
0 0.5686201780415431 0.5623132735808792 0.15801186943620177 0.07639778062313274
0 0.5025964391691394 0.16837387964148529 0.2559347181008902 0.07042253521126761
0 0.4499258160237389 0.903755868544601 0.09866468842729971 0.06615450277422108
0 0.5853115727002968 0.6331626120358514 0.13353115727002968 0.07725138711054204
0 0.46327893175074186 0.6306017925736236 0.1298219584569733 0.07469056764831412
0 0.4833086053412463 0.4805804524114383 0.17433234421364985 0.09133589415279555
0 0.5712166172106825 0.4933845497225779 0.1513353115727003 0.06316688006828852
0 0.4391691394658754 0.39970123772940674 0.1394658753709199 0.07725138711054204