2 0.599334 0.184939 0.062980 0.032224
2 0.587814 0.450613 0.065540 0.033975
2 0.452893 0.536427 0.062980 0.031173
2 0.595238 0.334851 0.068100 0.030823
2 0.464670 0.245884 0.066052 0.030823
2 0.596518 0.276532 0.068612 0.030473
2 0.459549 0.392119 0.065028 0.027671
2 0.460573 0.363222 0.058884 0.030123
2 0.594726 0.366025 0.060932 0.030823
2 0.465182 0.214186 0.065028 0.035377
2 0.451613 0.623818 0.069636 0.033625
2 0.463134 0.182487 0.062980 0.032224
2 0.464158 0.275832 0.065028 0.029072
2 0.457501 0.421716 0.062980 0.030123
2 0.598054 0.248862 0.065540 0.029072
1 0.635433 0.367426 0.632873 0.603853
2 0.593958 0.304904 0.066564 0.027671
2 0.586534 0.534851 0.062980 0.032925
2 0.580645 0.625044 0.070661 0.033275
2 0.598566 0.216287 0.066564 0.033975
2 0.460573 0.306130 0.058884 0.028722
2 0.455709 0.450088 0.064516 0.025219
2 0.458525 0.334676 0.060932 0.028371
2 0.455197 0.507531 0.069636 0.028021
1 0.520481 0.445534 0.851510 0.770578
2 0.450589 0.593520 0.063492 0.026970
2 0.589606 0.392820 0.069124 0.026270
2 0.452381 0.480560 0.061956 0.028021
2 0.451613 0.564974 0.067588 0.030123
