0 0.313517 0.423891 0.186206 0.464718
2 0.742881 0.415071 0.027922 0.031250
2 0.656620 0.362399 0.142751 0.132560
1 0.433894 0.507434 0.056768 0.686744
1 0.851794 0.492692 0.117049 0.684980
1 0.279956 0.182082 0.362426 0.050151
1 0.281250 0.756552 0.363536 0.191028
1 0.572023 0.498110 0.049371 0.678679
2 0.620747 0.581149 0.038462 0.030746
1 0.728550 0.196825 0.357249 0.093246
1 0.158931 0.505040 0.117788 0.692540
2 0.620655 0.642263 0.029771 0.046623
2 0.626572 0.484627 0.070821 0.054435
2 0.614368 0.527596 0.040496 0.031502
1 0.729475 0.749622 0.363536 0.176663
