2 0.678007 0.289542 0.028686 0.020695
2 0.700042 0.554786 0.022034 0.019032
2 0.625139 0.324834 0.030765 0.017738
2 0.270579 0.405950 0.020649 0.019586
2 0.556333 0.500462 0.025360 0.021988
2 0.556887 0.202143 0.024252 0.022173
2 0.366131 0.233925 0.027716 0.019586
2 0.564024 0.421009 0.040743 0.036770
2 0.274182 0.300998 0.023420 0.017369
2 0.266907 0.745473 0.024945 0.019771
2 0.267184 0.548134 0.018293 0.019032
2 0.370635 0.515798 0.026469 0.020510
2 0.266422 0.707871 0.023975 0.021434
2 0.637819 0.447524 0.027578 0.019217
2 0.274460 0.679970 0.037278 0.036216
2 0.556887 0.236696 0.022034 0.017738
2 0.710574 0.609109 0.029795 0.019032
2 0.722630 0.520972 0.025360 0.019032
2 0.432165 0.482446 0.032289 0.020695
2 0.299751 0.336659 0.024390 0.017369
1 0.783329 0.467849 0.061946 0.595713
2 0.651608 0.359387 0.026330 0.016260
2 0.358440 0.463322 0.027300 0.020140
2 0.694083 0.254250 0.025360 0.014782
2 0.369318 0.621859 0.026053 0.019032
2 0.562916 0.722376 0.036308 0.036770
2 0.668168 0.751016 0.030904 0.020510
2 0.396341 0.586844 0.029656 0.019586
2 0.342156 0.426275 0.025499 0.021064
2 0.282151 0.206578 0.036585 0.038064
2 0.564579 0.668607 0.037417 0.035292
1 0.226788 0.464523 0.062777 0.595713
2 0.328298 0.268108 0.032705 0.019586
2 0.437916 0.355137 0.027716 0.018108
