2 0.558204 0.236973 0.043237 0.042683
1 0.134631 0.382761 0.112666 0.516075
2 0.558620 0.362620 0.073448 0.072616
2 0.551344 0.569937 0.048365 0.044900
2 0.557303 0.185144 0.048365 0.049520
2 0.207802 0.174427 0.038110 0.035846
2 0.210920 0.509239 0.050721 0.041020
2 0.559035 0.513489 0.051829 0.040281
2 0.554739 0.435144 0.046563 0.040281
2 0.667475 0.321046 0.038941 0.042683
2 0.210019 0.450665 0.045316 0.033259
2 0.276261 0.344327 0.033675 0.031227
1 0.830308 0.389412 0.099917 0.516075
2 0.213900 0.230322 0.047256 0.040835
2 0.210643 0.591463 0.044346 0.036955
2 0.215840 0.388027 0.054185 0.065041
2 0.556472 0.623429 0.048365 0.041390
2 0.210712 0.286216 0.044762 0.039542
