2 0.425081 0.140132 0.054289 0.037417
2 0.696254 0.371974 0.060261 0.034483
2 0.460098 0.657740 0.074376 0.034483
2 0.608578 0.783382 0.071661 0.030448
2 0.603149 0.170946 0.054289 0.041086
2 0.767372 0.244314 0.048317 0.032282
2 0.413409 0.221203 0.059175 0.030081
2 0.438382 0.578136 0.052660 0.036684
2 0.751357 0.530081 0.043431 0.034483
2 0.653637 0.298606 0.061889 0.034483
1 0.232356 0.459831 0.056460 0.765591
2 0.333605 0.491930 0.147123 0.054292
2 0.645223 0.680301 0.063518 0.035583
1 0.557003 0.093727 0.705755 0.037784
1 0.879750 0.459281 0.049403 0.778430
2 0.316504 0.424248 0.069490 0.032649
2 0.718512 0.603448 0.059175 0.034483
2 0.480185 0.349413 0.074376 0.037784
2 0.685396 0.501834 0.060261 0.030081
1 0.555917 0.830154 0.697068 0.036684
2 0.386265 0.756787 0.063518 0.029347
