2 0.653238 0.375613 0.041575 0.034069
2 0.565397 0.474510 0.040655 0.028922
1 0.702815 0.696569 0.301141 0.120588
1 0.522351 0.392647 0.056475 0.504902
1 0.667494 0.168382 0.343451 0.094118
1 0.798565 0.437990 0.111111 0.637745
1 0.201435 0.439583 0.094555 0.623284
2 0.566133 0.318750 0.069352 0.053186
2 0.656181 0.228922 0.032377 0.038235
2 0.275110 0.393627 0.064937 0.060294
2 0.275846 0.517157 0.057211 0.064216
1 0.295990 0.178922 0.278514 0.095098
2 0.566501 0.547917 0.032561 0.033088
1 0.307211 0.695466 0.304268 0.115931
