2 0.552980 0.589338 0.022075 0.018873
2 0.204838 0.413725 0.038447 0.036275
2 0.557487 0.407966 0.027042 0.016912
2 0.205482 0.237255 0.022811 0.021078
2 0.556843 0.263358 0.022811 0.013480
2 0.199135 0.595343 0.029985 0.019118
2 0.560155 0.620466 0.038999 0.039951
2 0.209069 0.563971 0.038447 0.036275
2 0.556107 0.317647 0.021339 0.019118
2 0.557579 0.245343 0.024283 0.015196
2 0.556015 0.299020 0.023363 0.015686
2 0.204102 0.275735 0.020052 0.015196
2 0.554268 0.280515 0.025754 0.018382
2 0.565397 0.435539 0.039919 0.034314
2 0.202723 0.330025 0.022811 0.020833
2 0.204838 0.254902 0.021523 0.015196
2 0.554636 0.227941 0.025754 0.021078
2 0.201987 0.499265 0.024283 0.021078
2 0.557579 0.507843 0.047093 0.038235
2 0.554544 0.480147 0.027410 0.017157
2 0.203458 0.292892 0.024283 0.015196
2 0.601085 0.334804 0.020052 0.019118
2 0.201987 0.351838 0.024283 0.018873
2 0.240250 0.576471 0.021339 0.017157
2 0.206218 0.196691 0.024283 0.024755
2 0.197940 0.637010 0.024283 0.030392
