2 0.571652 0.594853 0.024099 0.023039
2 0.164367 0.245588 0.028514 0.030882
2 0.570824 0.642525 0.024283 0.017402
2 0.572480 0.425123 0.027594 0.024265
2 0.622241 0.663235 0.023363 0.026471
2 0.583793 0.331863 0.065673 0.047059
2 0.574319 0.467034 0.029433 0.025245
2 0.573859 0.446446 0.028514 0.018382
2 0.166575 0.425000 0.024099 0.026471
2 0.578182 0.362868 0.021707 0.021814
2 0.570456 0.572917 0.025018 0.020833
2 0.165287 0.491176 0.026674 0.029902
2 0.570824 0.530270 0.027594 0.018382
2 0.163539 0.335294 0.025018 0.033333
2 0.166667 0.621814 0.027594 0.026471
2 0.584621 0.280637 0.027594 0.029902
2 0.164367 0.578186 0.033664 0.033333
2 0.572112 0.509069 0.025018 0.022059
2 0.166207 0.380760 0.023363 0.032108
2 0.572572 0.551103 0.025938 0.020833
2 0.172185 0.540074 0.047461 0.044853
2 0.167862 0.664461 0.035504 0.024020
2 0.570364 0.619608 0.021523 0.026471
2 0.573400 0.491789 0.027594 0.021814
2 0.581218 0.387623 0.020787 0.020833
2 0.162252 0.292157 0.024283 0.027451
2 0.584621 0.238113 0.029433 0.025245
