2 0.255850 0.366892 0.049569 0.036330
2 0.269550 0.307574 0.046490 0.033867
2 0.588208 0.721367 0.042796 0.037151
1 0.189039 0.404044 0.082820 0.601190
2 0.253233 0.427237 0.045259 0.034688
1 0.720135 0.806445 0.370382 0.148604
2 0.693966 0.655275 0.046490 0.030583
2 0.252925 0.486556 0.047106 0.033867
0 0.684498 0.329844 0.247383 0.507800
2 0.253464 0.274528 0.042334 0.032225
2 0.252540 0.575944 0.049107 0.040640
2 0.255542 0.216236 0.048953 0.036330
1 0.854603 0.469109 0.090055 0.814245
2 0.614224 0.630747 0.108067 0.087849
1 0.542026 0.480809 0.055727 0.796182
2 0.257697 0.156917 0.047106 0.037151
