1 0.238013 0.452790 0.079961 0.459165
2 0.577328 0.405211 0.027162 0.030673
2 0.575596 0.448910 0.032289 0.027162
2 0.300097 0.430802 0.027300 0.027162
2 0.577744 0.321323 0.029656 0.021434
2 0.300998 0.342849 0.035754 0.028271
1 0.810698 0.451127 0.075665 0.458056
2 0.298850 0.474409 0.031458 0.026053
2 0.577744 0.261826 0.026330 0.027347
2 0.574764 0.492517 0.030626 0.028271
2 0.299266 0.277162 0.028963 0.030673
2 0.300928 0.538987 0.028963 0.030673
2 0.574349 0.553215 0.031458 0.031781
2 0.298434 0.604860 0.030626 0.026053
2 0.570538 0.598577 0.037417 0.022727
2 0.301344 0.387103 0.031458 0.030673
2 0.297603 0.667683 0.030626 0.020510
2 0.572201 0.639412 0.027162 0.027162
