0 0.682805 0.346778 0.226755 0.325328
1 0.711361 0.754516 0.438732 0.178571
2 0.206820 0.265189 0.036792 0.030788
1 0.533020 0.471264 0.083282 0.757389
1 0.860376 0.462644 0.141010 0.754105
2 0.205742 0.409380 0.034637 0.027299
2 0.206820 0.498871 0.031558 0.031404
2 0.206512 0.559319 0.032789 0.032841
2 0.673491 0.583436 0.029557 0.027299
2 0.203741 0.590415 0.032789 0.026067
1 0.702586 0.140497 0.423337 0.108169
2 0.592903 0.644602 0.035252 0.035920
2 0.204895 0.326457 0.040640 0.035099
2 0.206358 0.379926 0.031558 0.025862
2 0.205973 0.235324 0.038485 0.030993
2 0.617303 0.554906 0.082820 0.087233
