1 0.315733 0.761905 0.189039 0.103038
1 0.706435 0.851498 0.381158 0.082718
1 0.190502 0.316502 0.076509 0.151888
1 0.831435 0.314347 0.063424 0.146346
1 0.330357 0.384442 0.344828 0.653530
2 0.567811 0.133415 0.051878 0.049261
1 0.570890 0.771552 0.098060 0.118227
1 0.712592 0.768678 0.191195 0.103038
1 0.458590 0.766215 0.092365 0.109606
1 0.684806 0.389060 0.345905 0.684113
1 0.182497 0.519499 0.074969 0.150246
1 0.184652 0.745587 0.076509 0.152094
1 0.312423 0.858272 0.386853 0.084770
1 0.196198 0.166461 0.076509 0.148194
1 0.836361 0.512213 0.077894 0.146346
2 0.253618 0.116892 0.047568 0.047414
1 0.843596 0.723830 0.075739 0.175082
1 0.827432 0.165435 0.064655 0.150246
