2 0.554532 0.649113 0.021203 0.018847
0 0.362666 0.365669 0.221175 0.392461
1 0.338623 0.731892 0.316103 0.073910
2 0.562500 0.189856 0.037140 0.042313
2 0.304601 0.611511 0.075942 0.084812
1 0.526261 0.469050 0.021203 0.732631
1 0.196300 0.629712 0.057234 0.135625
1 0.674958 0.130728 0.316103 0.064117
1 0.789496 0.473208 0.083149 0.739098
1 0.207178 0.322432 0.083149 0.478936
2 0.601372 0.557280 0.022866 0.018847
2 0.398212 0.623245 0.015937 0.018847
1 0.333634 0.126201 0.336059 0.082040
2 0.551067 0.320584 0.021203 0.021064
2 0.609340 0.506652 0.017738 0.016630
2 0.619041 0.248707 0.019401 0.023651
2 0.611073 0.461844 0.017600 0.021249
2 0.572201 0.600887 0.017738 0.021064
1 0.674958 0.763950 0.316103 0.152809
2 0.560698 0.401792 0.033537 0.047118
2 0.668168 0.672857 0.019263 0.019032
2 0.309867 0.670362 0.019401 0.018847
1 0.483232 0.324649 0.029933 0.478936
