2 0.612223 0.427032 0.042488 0.036330
2 0.610453 0.462028 0.040794 0.033662
2 0.613147 0.513342 0.042488 0.042282
2 0.244689 0.396346 0.038023 0.029967
2 0.245690 0.279351 0.034791 0.031609
2 0.241918 0.631568 0.038023 0.029146
2 0.613147 0.366071 0.040640 0.030172
2 0.685576 0.629721 0.051570 0.038588
2 0.609067 0.569992 0.046952 0.039819
2 0.613147 0.396860 0.042488 0.036330
2 0.243996 0.339080 0.032635 0.029967
2 0.614070 0.275657 0.046182 0.037356
2 0.741687 0.659893 0.049877 0.041051
2 0.243381 0.458333 0.032635 0.027094
2 0.611838 0.334667 0.039871 0.032635
2 0.614455 0.658764 0.038023 0.033867
2 0.244304 0.542282 0.038793 0.031609
