2 0.300928 0.559313 0.025915 0.022912
2 0.314440 0.372967 0.056541 0.042683
2 0.301760 0.516630 0.028963 0.024760
2 0.585851 0.318367 0.027855 0.021803
1 0.242725 0.450942 0.084396 0.461382
2 0.587098 0.362528 0.032012 0.022912
2 0.302106 0.472653 0.029656 0.025499
2 0.583356 0.620103 0.031181 0.024021
2 0.301829 0.339246 0.031319 0.022912
2 0.303007 0.427568 0.028963 0.022173
2 0.582594 0.530303 0.026330 0.026238
2 0.596937 0.434220 0.058343 0.050259
1 0.816865 0.442350 0.073586 0.455654
2 0.584188 0.489375 0.027855 0.023097
2 0.583772 0.574649 0.027023 0.027347
2 0.585851 0.339616 0.029518 0.020695
2 0.599016 0.246212 0.052522 0.043792
2 0.300859 0.277624 0.028271 0.019771
2 0.301206 0.602919 0.026469 0.026238
