0 0.299723 0.378284 0.246613 0.381773
2 0.813193 0.555316 0.027248 0.025246
2 0.235299 0.639573 0.119612 0.121921
1 0.268165 0.143576 0.358990 0.096264
1 0.127078 0.477627 0.095597 0.779146
2 0.717442 0.396860 0.029711 0.026888
2 0.799030 0.333846 0.024784 0.023604
2 0.712746 0.235324 0.022475 0.025246
1 0.261084 0.783559 0.429803 0.162356
2 0.395166 0.679495 0.022475 0.028120
2 0.675416 0.297516 0.026016 0.026888
2 0.761776 0.489122 0.026016 0.028325
2 0.600600 0.670977 0.030326 0.031609
2 0.593827 0.452894 0.023553 0.028530
