1 0.540563 0.446531 0.060807 0.481732
2 0.588593 0.309216 0.047876 0.028941
2 0.600062 0.354577 0.077586 0.061371
2 0.598907 0.610632 0.067580 0.059113
1 0.109221 0.440784 0.093442 0.485016
2 0.173030 0.253284 0.046490 0.030378
2 0.178648 0.355090 0.056496 0.059934
2 0.172568 0.220341 0.049261 0.036741
2 0.587823 0.222393 0.052802 0.031404
2 0.588439 0.283149 0.048491 0.029762
2 0.173799 0.309011 0.046798 0.032225
2 0.173491 0.280686 0.047414 0.024425
2 0.185499 0.612890 0.076355 0.061166
2 0.589671 0.253181 0.049107 0.030172
