2 0.614052 0.328622 0.028548 0.019401
2 0.283121 0.355691 0.023836 0.019956
2 0.283814 0.288618 0.026608 0.018477
2 0.614745 0.445953 0.029379 0.022727
2 0.283883 0.630636 0.030904 0.019956
2 0.612597 0.615207 0.031458 0.022727
2 0.283883 0.407058 0.029518 0.016630
2 0.614191 0.378511 0.027439 0.019771
2 0.282844 0.525407 0.026608 0.024205
2 0.614399 0.293976 0.032289 0.024021
2 0.282636 0.578622 0.025637 0.019032
2 0.612597 0.546933 0.030072 0.019217
2 0.284922 0.474686 0.028825 0.020325
2 0.284229 0.254435 0.029379 0.019956
2 0.614191 0.495381 0.031874 0.019217
