1 0.303702 0.255651 0.361909 0.030042
2 0.514613 0.499405 0.066732 0.040452
1 0.462981 0.392029 0.054067 0.287329
1 0.077691 0.481112 0.148563 0.902736
2 0.528495 0.286883 0.109109 0.078227
2 0.149294 0.645449 0.066732 0.025580
0 0.302971 0.389798 0.301997 0.251933
2 0.150268 0.594438 0.072577 0.031231
1 0.347053 0.832986 0.676571 0.198989
2 0.371895 0.547739 0.079396 0.033016
2 0.626887 0.187091 0.062348 0.027365
2 0.518022 0.387864 0.069654 0.035098
1 0.350950 0.098751 0.640526 0.133849
1 0.299318 0.516954 0.359961 0.028554
1 0.141013 0.389352 0.043351 0.286139
