1 0.254926 0.713259 0.310037 0.116585
2 0.608067 0.274015 0.054803 0.052135
2 0.192503 0.469212 0.046644 0.045156
2 0.603602 0.633518 0.051416 0.046182
2 0.600216 0.564450 0.049569 0.052956
2 0.336053 0.195608 0.038485 0.133826
2 0.191733 0.637315 0.041102 0.043924
2 0.604834 0.367303 0.049569 0.041256
2 0.191964 0.538075 0.044335 0.049056
1 0.135545 0.443247 0.076201 0.656609
2 0.189963 0.288177 0.065887 0.065271
2 0.602833 0.465620 0.051416 0.052750
2 0.191964 0.371305 0.041872 0.045156
1 0.249923 0.172414 0.297568 0.108374
