2 0.545403 0.460970 0.035508 0.024072
2 0.549305 0.200567 0.035395 0.025963
2 0.549361 0.246389 0.032794 0.022008
1 0.256587 0.435007 0.080063 0.511004
2 0.549361 0.659646 0.053828 0.057944
2 0.323533 0.652596 0.032794 0.028026
2 0.321610 0.271406 0.034151 0.028026
2 0.320253 0.366145 0.031437 0.025963
2 0.548626 0.223521 0.036752 0.019945
2 0.320253 0.316283 0.028949 0.025963
2 0.547382 0.411107 0.036752 0.027854
2 0.546704 0.314219 0.035395 0.025963
1 0.766425 0.442056 0.092163 0.513067
2 0.546025 0.436039 0.036752 0.025791
2 0.552584 0.517882 0.057786 0.053989
2 0.320932 0.465010 0.032794 0.028026
2 0.546704 0.365199 0.035395 0.027854
2 0.548626 0.272352 0.036752 0.022008
2 0.321554 0.578748 0.028836 0.027854
2 0.320932 0.533786 0.032794 0.025963
