2 0.599363 0.588877 0.098115 0.088322
1 0.824626 0.220806 0.109063 0.209165
2 0.292891 0.295916 0.060560 0.070399
1 0.319568 0.739283 0.308758 0.165558
1 0.221799 0.455100 0.109895 0.711382
0 0.826705 0.436715 0.109895 0.211567
0 0.669831 0.740392 0.197201 0.183296
0 0.670247 0.337121 0.194706 0.405950
1 0.328368 0.166574 0.299473 0.129897
2 0.289357 0.483647 0.052938 0.061160
1 0.537694 0.692350 0.060421 0.286401
1 0.539773 0.235403 0.061253 0.202513
0 0.539773 0.442350 0.062916 0.204730
2 0.664357 0.611234 0.026885 0.034738
1 0.821716 0.691796 0.111558 0.291944
