2 0.362377 0.265856 0.110632 0.057266
2 0.362377 0.265856 0.110632 0.057266
2 0.345956 0.450046 0.081076 0.042026
2 0.345956 0.450046 0.081076 0.042026
2 0.369356 0.181727 0.143473 0.071275
2 0.369356 0.181727 0.143473 0.071275
2 0.352935 0.357682 0.088875 0.037408
2 0.352935 0.357682 0.088875 0.037408
2 0.369356 0.181727 0.143473 0.071275
2 0.369356 0.181727 0.143473 0.071275
2 0.368534 0.566887 0.095033 0.049107
2 0.368534 0.566887 0.095033 0.049107
2 0.368534 0.566887 0.095033 0.049107
2 0.368534 0.566887 0.095033 0.049107
2 0.345956 0.450046 0.081076 0.042026
2 0.345956 0.450046 0.081076 0.042026
2 0.356835 0.665717 0.087233 0.047876
2 0.356835 0.665717 0.087233 0.047876
2 0.352935 0.357682 0.088875 0.037408
2 0.352935 0.357682 0.088875 0.037408
2 0.362377 0.265856 0.110632 0.057266
2 0.362377 0.265856 0.110632 0.057266
2 0.356835 0.665717 0.087233 0.047876
2 0.356835 0.665717 0.087233 0.047876
