1 0.286793 0.758222 0.368764 0.136548
2 0.722769 0.328067 0.032289 0.029010
1 0.453645 0.419069 0.037555 0.531781
2 0.739676 0.544900 0.032289 0.029564
2 0.592641 0.614930 0.058897 0.058389
2 0.701774 0.573263 0.038803 0.034553
1 0.150568 0.478197 0.098808 0.663341
2 0.732400 0.436622 0.033259 0.031412
1 0.620565 0.163248 0.221175 0.073356
2 0.736488 0.270880 0.028963 0.032890
1 0.631860 0.711567 0.241269 0.130081
0 0.316796 0.394863 0.218681 0.486696
2 0.592641 0.370473 0.052522 0.055802
1 0.538733 0.434959 0.050028 0.473392
2 0.605529 0.257391 0.136225 0.131559
