2 0.228525 0.627258 0.039871 0.040230
2 0.228140 0.284072 0.035406 0.028325
1 0.152940 0.424979 0.107913 0.439860
2 0.548722 0.620792 0.039871 0.031814
2 0.228525 0.364224 0.043257 0.030583
2 0.229449 0.493432 0.038023 0.027094
2 0.548260 0.588875 0.040794 0.029557
2 0.545182 0.306548 0.043257 0.030583
2 0.548722 0.410304 0.039871 0.028325
2 0.229449 0.256363 0.043257 0.029557
2 0.228525 0.440374 0.032789 0.024836
2 0.551801 0.560550 0.040794 0.027094
2 0.548260 0.459873 0.040794 0.023604
2 0.546490 0.279351 0.038793 0.025862
2 0.548260 0.535304 0.044181 0.025862
2 0.548260 0.334154 0.042334 0.027094
2 0.228987 0.592467 0.033713 0.019910
1 0.786253 0.418001 0.107913 0.458744
2 0.227679 0.335899 0.043411 0.023604
2 0.548260 0.381363 0.037100 0.027094
2 0.545182 0.250411 0.036176 0.027094
2 0.229911 0.465722 0.038947 0.028325
2 0.230296 0.568247 0.032635 0.023604
2 0.231219 0.387828 0.043411 0.026067
2 0.548645 0.485119 0.041564 0.029351
2 0.546490 0.435037 0.040640 0.028120
2 0.548722 0.509955 0.043257 0.029351
2 0.228525 0.517549 0.039871 0.023604
2 0.229834 0.413793 0.040640 0.021346
2 0.230373 0.311884 0.038023 0.022373
2 0.543411 0.220341 0.039717 0.033046
2 0.229834 0.542385 0.035406 0.023604
2 0.228140 0.226293 0.042488 0.040025
2 0.547799 0.358374 0.036176 0.025862
