1 0.762819 0.486881 0.084396 0.627864
2 0.298295 0.352458 0.037555 0.027531
1 0.648559 0.724778 0.307650 0.149113
2 0.543514 0.485495 0.032428 0.024205
2 0.684174 0.514043 0.015521 0.025868
2 0.297118 0.462214 0.044069 0.029379
2 0.300443 0.406874 0.036308 0.025868
2 0.542614 0.622321 0.036170 0.032890
1 0.228659 0.447062 0.091186 0.391907
2 0.301067 0.542591 0.045316 0.027531
2 0.551899 0.527254 0.056957 0.054878
2 0.544138 0.459165 0.038941 0.025129
2 0.581693 0.338692 0.114052 0.165928
2 0.298434 0.299797 0.037555 0.029379
1 0.505543 0.486604 0.024667 0.617701
1 0.651261 0.211567 0.307511 0.075388
2 0.655834 0.405950 0.033398 0.028455
