2 0.213811 0.535346 0.035315 0.033540
1 0.852535 0.465170 0.099476 0.755934
2 0.597290 0.546956 0.040385 0.035088
1 0.745192 0.152606 0.318706 0.136997
1 0.730070 0.749871 0.339860 0.189628
2 0.211713 0.317853 0.036014 0.034572
1 0.146329 0.451238 0.096154 0.744066
1 0.257867 0.145898 0.314685 0.136997
2 0.602972 0.404283 0.042308 0.035088
2 0.596503 0.631321 0.040210 0.040764
2 0.212238 0.423891 0.042308 0.038184
2 0.213199 0.592234 0.040385 0.035346
2 0.211713 0.234004 0.032168 0.036120
2 0.603409 0.349329 0.042133 0.031476
2 0.215122 0.371388 0.042832 0.035346
2 0.604895 0.240196 0.037413 0.041280
1 0.258741 0.731682 0.323077 0.183179
2 0.599913 0.462074 0.036888 0.031476
2 0.214161 0.483101 0.033566 0.029670
2 0.603759 0.298504 0.037937 0.030960
