2 0.678977 0.229398 0.047533 0.052291
2 0.280765 0.640059 0.059035 0.053215
2 0.312985 0.322894 0.048365 0.047118
2 0.247021 0.483555 0.048365 0.046933
2 0.761017 0.355229 0.041436 0.050074
2 0.337167 0.420085 0.046009 0.047118
2 0.731569 0.293884 0.046840 0.046009
2 0.256583 0.372044 0.078298 0.075573
2 0.788318 0.420270 0.048365 0.051183
2 0.636433 0.623799 0.074418 0.083888
2 0.242725 0.189394 0.067489 0.066519
2 0.656389 0.482539 0.051414 0.047118
2 0.241616 0.261548 0.059174 0.048965
2 0.324487 0.545916 0.037555 0.044900
