2 0.575515 0.263113 0.054636 0.043382
2 0.758462 0.439338 0.030169 0.026225
1 0.695088 0.185294 0.357800 0.106373
2 0.567421 0.547917 0.032561 0.024755
2 0.784124 0.327574 0.031457 0.024755
2 0.579746 0.649877 0.074135 0.055637
2 0.583701 0.483578 0.102649 0.077451
2 0.749724 0.585294 0.021155 0.025490
2 0.648363 0.482353 0.030353 0.033333
2 0.187822 0.526471 0.073584 0.071569
2 0.663907 0.588480 0.032745 0.025980
2 0.677520 0.331005 0.036056 0.027206
2 0.582506 0.370221 0.053532 0.059069
2 0.192237 0.345956 0.066593 0.057598
2 0.566409 0.676838 0.033848 0.023284
1 0.697204 0.764951 0.356144 0.159314
2 0.189662 0.612990 0.082414 0.058333
1 0.541023 0.485172 0.046726 0.723284
2 0.184143 0.689706 0.035688 0.025490
2 0.826251 0.581495 0.024834 0.023284
