2 0.267461 0.679786 0.025222 0.020325
2 0.656804 0.443551 0.028963 0.026792
2 0.681818 0.352458 0.024113 0.024575
2 0.276746 0.599871 0.041851 0.041574
2 0.391699 0.441149 0.020649 0.025684
2 0.267392 0.300351 0.024529 0.025684
2 0.613013 0.564763 0.024806 0.029010
2 0.556680 0.207132 0.023282 0.023651
2 0.396757 0.371674 0.025222 0.023097
2 0.556264 0.491316 0.025776 0.023651
2 0.265452 0.633962 0.020649 0.021434
2 0.618625 0.683851 0.024945 0.024760
2 0.654033 0.260163 0.029795 0.033259
2 0.358162 0.513396 0.022589 0.023097
2 0.608162 0.304786 0.023420 0.027901
2 0.618279 0.634516 0.027300 0.022542
2 0.290743 0.225333 0.023282 0.023097
2 0.619457 0.396988 0.024945 0.025684
2 0.668930 0.514412 0.022450 0.020325
