1 0.895836 0.456580 0.139664 0.764645
2 0.239153 0.232880 0.028050 0.022690
2 0.734551 0.652847 0.037107 0.049505
2 0.237838 0.254538 0.027173 0.024752
2 0.592403 0.685437 0.023083 0.026403
1 0.595982 0.442450 0.120526 0.783003
1 0.346749 0.336634 0.028196 0.183168
2 0.233601 0.437603 0.021622 0.024959
2 0.235208 0.392842 0.024251 0.024546
2 0.236669 0.347979 0.024251 0.027228
1 0.204237 0.651918 0.039153 0.108705
0 0.743682 0.349835 0.232432 0.491749
2 0.380643 0.317244 0.039591 0.053218
2 0.237984 0.278362 0.028050 0.026196
2 0.240906 0.652125 0.043535 0.054662
2 0.371731 0.620668 0.023229 0.028878
2 0.235866 0.415945 0.023521 0.025371
2 0.237692 0.303424 0.025128 0.024752
1 0.206647 0.485252 0.034332 0.155322
2 0.242659 0.473288 0.040614 0.049299
2 0.607962 0.638923 0.057999 0.071163
1 0.739956 0.768461 0.214463 0.133870
2 0.239299 0.208746 0.026589 0.026403
