2 0.216117 0.555155 0.035338 0.026423
2 0.323101 0.476903 0.035338 0.031042
2 0.211336 0.738174 0.046563 0.051737
2 0.648143 0.543052 0.037971 0.022912
2 0.730044 0.199002 0.031042 0.027716
2 0.422810 0.392831 0.039634 0.031042
2 0.605391 0.180617 0.032012 0.027531
2 0.856499 0.662232 0.028409 0.031042
2 0.727481 0.326681 0.027578 0.022912
2 0.720967 0.371027 0.026746 0.024021
2 0.270025 0.432650 0.032844 0.025314
2 0.730945 0.581024 0.041436 0.036770
2 0.689509 0.499353 0.031181 0.025314
2 0.307650 0.602273 0.030211 0.026423
2 0.773697 0.239191 0.030211 0.025314
2 0.460366 0.243902 0.021619 0.027716
2 0.223877 0.365299 0.035338 0.028825
2 0.230807 0.704176 0.026746 0.020695
2 0.720136 0.436068 0.026746 0.029933
2 0.676621 0.288156 0.034507 0.026423
2 0.358578 0.284183 0.018154 0.029933
2 0.257553 0.517184 0.030072 0.026608
2 0.290327 0.218496 0.028548 0.025314
2 0.305848 0.177199 0.031874 0.029933
2 0.800374 0.703622 0.035338 0.021803
2 0.828853 0.618441 0.030211 0.024021
2 0.286031 0.323817 0.035477 0.028640
2 0.333495 0.644401 0.032012 0.034553
