1 0.305141 0.765666 0.353514 0.171464
0 0.328795 0.346397 0.243839 0.429067
2 0.588226 0.266381 0.040158 0.033884
1 0.170140 0.501531 0.108458 0.728720
2 0.632796 0.469994 0.043200 0.030006
1 0.459233 0.484180 0.027685 0.705858
2 0.539854 0.563789 0.044722 0.037967
2 0.417098 0.629618 0.040158 0.037763
2 0.699726 0.290263 0.043200 0.033884
2 0.276544 0.620637 0.107089 0.115738
2 0.546547 0.400082 0.069973 0.057971
2 0.541375 0.653603 0.044722 0.037967
2 0.625418 0.323331 0.043048 0.035926
2 0.684895 0.199428 0.046091 0.035926
