2 0.525781 0.525670 0.047049 0.041419
2 0.148351 0.494172 0.039757 0.034474
2 0.530382 0.584325 0.045833 0.038194
2 0.146788 0.552207 0.036632 0.033482
2 0.530469 0.296875 0.040451 0.044643
2 0.529080 0.232019 0.043229 0.041419
2 0.157292 0.629712 0.066319 0.073413
2 0.529340 0.439608 0.038194 0.035962
2 0.529080 0.348834 0.040451 0.043403
1 0.140799 0.750372 0.182639 0.174355
1 0.109375 0.426587 0.037500 0.480159
2 0.147396 0.523313 0.034028 0.029266
2 0.146875 0.259797 0.037500 0.039931
1 0.146788 0.136409 0.197049 0.100198
2 0.147309 0.579737 0.036632 0.030010
