2 0.099758 0.294770 0.039903 0.029562
2 0.258615 0.323337 0.035973 0.034395
2 0.336306 0.156055 0.040810 0.029562
2 0.267231 0.436043 0.041717 0.027288
2 0.397219 0.226407 0.036276 0.030415
2 0.294740 0.482518 0.047763 0.032689
2 0.103688 0.417425 0.033857 0.027572
2 0.248035 0.459636 0.043229 0.028425
2 0.109734 0.217595 0.075574 0.057135
2 0.097491 0.380898 0.100060 0.059125
2 0.334190 0.343093 0.048065 0.029562
2 0.279021 0.202530 0.050786 0.030984
2 0.455562 0.621518 0.042926 0.030415
2 0.352177 0.505685 0.046554 0.036953
2 0.255744 0.553013 0.041717 0.032121
2 0.238362 0.646106 0.049274 0.029562
2 0.396463 0.669130 0.039601 0.031836
2 0.472340 0.249574 0.039601 0.035247
2 0.099607 0.612280 0.102479 0.051165
