0 0.12486744432661719 0.9169769173492182 0.10551431601272535 0.11243484735666419
0 0.16967126193001061 0.87602382725242 0.1633085896076352 0.14668652271034996
0 0.10816542948038176 0.7466492926284438 0.17179215270413573 0.03983618763961281
0 0.11161187698833511 0.6742367833209233 0.17550371155885472 0.05063291139240506
0 0.11214209968186638 0.5871183916604616 0.172322375397667 0.05584512285927029
0 0.11532343584305409 0.509307520476545 0.17550371155885472 0.07520476545048399
0 0.2155355249204666 0.39705882352941174 0.0005302226935312832 0.00037230081906180194
0 0.12460233297985154 0.3711839166046165 0.18027571580063625 0.05137751303052867
0 0.12354188759278897 0.206813104988831 0.18451749734888653 0.12472077438570364
0 0.22242841993637327 0.11783320923306032 0.0005302226935312832 0.00037230081906180194
0 0.13759278897136798 0.08451228592702904 0.16808059384941676 0.0781831720029784
