7 0.682671 0.320588 0.189110 0.017647
7 0.374908 0.292157 0.192421 0.023529
9 0.453550 0.523284 0.042127 0.033824
3 0.337932 0.312377 0.033113 0.030637
7 0.679176 0.251348 0.185430 0.018382
7 0.682671 0.225000 0.189478 0.018137
13 0.682395 0.378799 0.209529 0.361029
7 0.379691 0.218505 0.197940 0.023775
7 0.681291 0.347672 0.190029 0.017892
13 0.378771 0.406985 0.212656 0.425735
7 0.372517 0.430882 0.191317 0.021078
9 0.318985 0.446446 0.025754 0.031127
7 0.392568 0.546814 0.138337 0.022549
7 0.377391 0.316912 0.193709 0.024510
7 0.371045 0.408824 0.188006 0.020588
7 0.682579 0.441176 0.193709 0.017647
7 0.372241 0.452941 0.185982 0.022549
3 0.296634 0.556250 0.045438 0.050245
7 0.682395 0.299265 0.186718 0.018137
7 0.366814 0.500735 0.185063 0.021569
7 0.683407 0.420098 0.193525 0.017647
7 0.370401 0.521936 0.194444 0.019363
7 0.379783 0.268750 0.198859 0.023775
7 0.678992 0.487623 0.189110 0.020833
8 0.709529 0.482843 0.375276 0.736765
7 0.392476 0.569853 0.148823 0.020098
7 0.678624 0.512745 0.190213 0.020098
7 0.680648 0.275000 0.190581 0.017647
7 0.377116 0.362010 0.194260 0.023039
7 0.368561 0.475245 0.185614 0.020588
7 0.660228 0.533088 0.149007 0.019118
7 0.379783 0.243137 0.198859 0.023529
7 0.683591 0.393382 0.198308 0.018627
7 0.681751 0.371201 0.192789 0.013480
7 0.677704 0.465196 0.185430 0.019608
7 0.376932 0.339093 0.195364 0.022794
7 0.366538 0.592402 0.186718 0.021078
7 0.371965 0.385907 0.192421 0.022794
8 0.331770 0.473897 0.361111 0.748284
