3 0.525781 0.525670 0.047049 0.041419
7 0.242795 0.198165 0.218576 0.017361
3 0.148351 0.494172 0.039757 0.034474
7 0.615885 0.263641 0.191146 0.021825
3 0.530382 0.584325 0.045833 0.038194
7 0.610243 0.652902 0.211806 0.024554
9 0.141580 0.377356 0.022743 0.034474
7 0.591406 0.205481 0.146701 0.022569
3 0.146788 0.552207 0.036632 0.033482
7 0.199566 0.495784 0.067187 0.023810
7 0.264844 0.615079 0.149479 0.017857
7 0.617535 0.381572 0.202083 0.023065
7 0.576389 0.410838 0.124306 0.025050
10 0.650434 0.644965 0.149479 0.027530
13 0.617101 0.434276 0.250174 0.495536
7 0.235243 0.409846 0.208333 0.017609
10 0.294097 0.524306 0.092014 0.026290
7 0.617622 0.358507 0.209549 0.031498
7 0.644010 0.291667 0.191146 0.021825
7 0.200694 0.554563 0.071875 0.023313
3 0.530469 0.296875 0.040451 0.044643
13 0.242969 0.426587 0.224826 0.476687
7 0.176736 0.229167 0.095139 0.025794
10 0.284201 0.230407 0.119097 0.029762
7 0.631944 0.445561 0.181597 0.022073
10 0.332986 0.467262 0.018403 0.023313
10 0.689063 0.204613 0.070139 0.029266
3 0.529080 0.232019 0.043229 0.041419
8 0.623698 0.484499 0.396701 0.781498
3 0.157292 0.629712 0.066319 0.073413
3 0.529340 0.439608 0.038194 0.035962
3 0.529080 0.348834 0.040451 0.043403
7 0.262153 0.643105 0.144097 0.019841
2 0.140799 0.750372 0.182639 0.174355
7 0.617882 0.556548 0.201389 0.026786
7 0.235243 0.466890 0.197222 0.013641
10 0.680556 0.410094 0.089583 0.032986
7 0.207899 0.523810 0.089063 0.025794
7 0.248351 0.257068 0.185243 0.017609
7 0.236806 0.436880 0.212153 0.016617
7 0.189410 0.349082 0.114583 0.025050
8 0.233681 0.481895 0.384722 0.787202
7 0.574913 0.498140 0.122049 0.024554
2 0.109375 0.426587 0.037500 0.480159
3 0.147396 0.523313 0.034028 0.029266
7 0.238976 0.319444 0.215799 0.015873
7 0.234635 0.289062 0.205729 0.018601
3 0.146875 0.259797 0.037500 0.039931
7 0.620573 0.473710 0.215799 0.023810
7 0.636632 0.232019 0.181250 0.022569
10 0.663802 0.497892 0.111632 0.031002
7 0.611979 0.616195 0.210764 0.022569
7 0.637847 0.526910 0.177778 0.022073
7 0.252865 0.582465 0.176215 0.021081
2 0.146788 0.136409 0.197049 0.100198
3 0.147309 0.579737 0.036632 0.030010
7 0.544271 0.649182 0.068750 0.038938
7 0.624566 0.590774 0.223785 0.028770
10 0.295312 0.350446 0.094444 0.030754
10 0.287674 0.554067 0.101042 0.033234
7 0.240538 0.379836 0.219618 0.017609
10 0.286198 0.495040 0.110590 0.028274
7 0.621701 0.321801 0.215625 0.022073
