7 0.640687 0.272127 0.455677 0.018201
10 0.723855 0.486081 0.283367 0.019272
3 0.367032 0.669879 0.072709 0.033547
7 0.431275 0.186117 0.194223 0.021056
10 0.823954 0.549429 0.090139 0.014632
3 0.529880 0.422377 0.066733 0.037473
3 0.372510 0.579051 0.069721 0.033191
10 0.824701 0.639008 0.081673 0.012491
3 0.377490 0.514989 0.075697 0.031406
7 0.632968 0.365275 0.427291 0.021056
10 0.706424 0.330657 0.346116 0.026767
7 0.630478 0.673804 0.446215 0.018558
7 0.590139 0.154176 0.517928 0.024268
8 0.516932 0.494290 0.935259 0.951463
7 0.646663 0.520700 0.450697 0.017844
7 0.596365 0.429336 0.540339 0.024982
10 0.700697 0.184690 0.324701 0.019629
7 0.612301 0.705389 0.559263 0.023911
7 0.604084 0.304069 0.543825 0.025696
7 0.597610 0.459850 0.527888 0.023198
7 0.593875 0.397395 0.526394 0.026053
7 0.551295 0.641328 0.442231 0.019986
7 0.453685 0.489115 0.249004 0.019629
13 0.618277 0.442184 0.638944 0.668094
7 0.432769 0.335653 0.193227 0.019629
7 0.552789 0.550857 0.436255 0.019629
3 0.378984 0.359921 0.072709 0.033191
3 0.375996 0.211099 0.072709 0.031049
7 0.646414 0.583512 0.467131 0.017844
3 0.375747 0.268380 0.067231 0.033547
7 0.648655 0.215560 0.460657 0.017844
7 0.599353 0.613847 0.538347 0.024982
7 0.603835 0.242327 0.527390 0.023555
