3 0.377636 0.433887 0.041197 0.022324
9 0.797205 0.381368 0.046591 0.028334
3 0.717754 0.509159 0.082884 0.052089
2 0.327857 0.461935 0.030897 0.719519
7 0.645169 0.440756 0.475233 0.022896
7 0.423001 0.409989 0.144679 0.015741
10 0.838156 0.469090 0.068661 0.020034
7 0.616969 0.234402 0.533595 0.027476
7 0.612800 0.466800 0.532124 0.023469
9 0.644679 0.438180 0.487984 0.030910
7 0.619667 0.204064 0.526238 0.028048
7 0.825895 0.529622 0.125552 0.022038
7 0.773909 0.617344 0.207945 0.022896
7 0.625797 0.142959 0.516920 0.027762
7 0.773173 0.559817 0.215302 0.023469
7 0.608877 0.733973 0.527219 0.024327
7 0.613046 0.263452 0.515939 0.027762
7 0.770476 0.590298 0.211869 0.021465
10 0.700589 0.410704 0.357528 0.024041
0 0.509809 0.564253 0.298676 0.178306
2 0.606179 0.808672 0.649338 0.062106
7 0.612800 0.381797 0.531143 0.025186
7 0.607651 0.676588 0.519863 0.026903
7 0.613536 0.351317 0.530652 0.026617
7 0.609122 0.765598 0.525748 0.024041
7 0.818538 0.501288 0.109858 0.022038
7 0.616233 0.292501 0.528200 0.026331
7 0.609858 0.705781 0.527219 0.024041
7 0.619667 0.172868 0.526238 0.028048
9 0.659147 0.467659 0.269740 0.020607
9 0.410741 0.464511 0.121138 0.024614
7 0.769495 0.647252 0.205002 0.024900
8 0.506621 0.435890 0.972045 0.855753
2 0.621628 0.112192 0.625307 0.024041
3 0.504659 0.465083 0.041197 0.024041
13 0.616479 0.445907 0.546346 0.671437
2 0.905101 0.450916 0.044630 0.697481
7 0.614762 0.322267 0.533104 0.026331
