7 0.440155 0.270017 0.562500 0.027257
7 0.521242 0.553663 0.419935 0.028393
9 0.632761 0.485945 0.198529 0.030948
7 0.468954 0.624929 0.580882 0.028393
7 0.449959 0.487649 0.533088 0.025270
7 0.445261 0.239637 0.558007 0.029529
7 0.466912 0.688813 0.578431 0.033504
7 0.449142 0.455281 0.547794 0.024702
3 0.238562 0.533788 0.133987 0.070415
7 0.516340 0.394236 0.439542 0.022998
8 0.499183 0.504401 0.952614 0.958830
7 0.506127 0.363572 0.411765 0.024702
7 0.447917 0.304656 0.557598 0.025554
7 0.451389 0.207553 0.562092 0.027257
7 0.463440 0.656587 0.562500 0.027541
9 0.659518 0.325951 0.085376 0.033504
7 0.458333 0.590574 0.571895 0.030664
9 0.181373 0.271295 0.062908 0.034923
7 0.456291 0.170642 0.575163 0.025554
7 0.431373 0.335463 0.514706 0.028109
3 0.213235 0.377768 0.164216 0.068427
7 0.454861 0.428024 0.560049 0.024134
7 0.523897 0.526547 0.425245 0.026405
13 0.462827 0.432425 0.624183 0.554798
