7 0.648882 0.278038 0.233227 0.040826
8 0.281789 0.520648 0.451757 0.898639
7 0.313259 0.502346 0.279553 0.035195
7 0.623163 0.447677 0.232907 0.044111
7 0.621086 0.650868 0.159105 0.044111
7 0.545208 0.624355 0.073163 0.048334
7 0.312141 0.400047 0.343770 0.042703
7 0.284345 0.675739 0.283706 0.036603
7 0.202236 0.197794 0.144409 0.043641
7 0.655591 0.317457 0.310543 0.053027
7 0.304313 0.469029 0.336422 0.040826
7 0.676837 0.237916 0.353035 0.057250
7 0.678914 0.407790 0.357188 0.054435
7 0.678275 0.380338 0.292013 0.057719
7 0.626358 0.584233 0.177316 0.044111
7 0.712939 0.169873 0.259744 0.054435
7 0.182268 0.304552 0.098083 0.048803
7 0.713099 0.132567 0.261981 0.063351
7 0.678275 0.683247 0.345687 0.054435
3 0.540096 0.174331 0.089776 0.127170
7 0.297125 0.604646 0.241534 0.045519
7 0.282268 0.541061 0.306390 0.042234
7 0.196645 0.337870 0.054633 0.048803
7 0.677316 0.209995 0.191054 0.050211
7 0.236422 0.367433 0.216613 0.034725
7 0.654153 0.480291 0.230990 0.042703
7 0.276038 0.230174 0.219808 0.048334
7 0.307508 0.639371 0.348562 0.045519
7 0.535463 0.351713 0.065815 0.045519
7 0.282109 0.433365 0.221725 0.038949
7 0.299361 0.709995 0.235144 0.044111
7 0.612939 0.549977 0.202236 0.036603
8 0.736102 0.500000 0.475399 0.908963
7 0.171885 0.165181 0.110543 0.051619
7 0.709265 0.130455 0.258786 0.066635
7 0.216773 0.575082 0.158786 0.038010
7 0.169808 0.266072 0.089776 0.046926
7 0.633546 0.516659 0.260064 0.042234
