2 0.695967 0.489635 0.041872 0.031814
2 0.582589 0.281712 0.038331 0.031814
2 0.669951 0.610735 0.034175 0.035099
2 0.334591 0.500411 0.040794 0.034072
1 0.866610 0.411741 0.101139 0.494253
2 0.661407 0.340825 0.039255 0.036330
2 0.212669 0.226806 0.051878 0.064450
2 0.404172 0.265599 0.023861 0.034893
2 0.598368 0.658456 0.057882 0.066913
2 0.760776 0.188526 0.033251 0.031814
2 0.651632 0.401067 0.046798 0.034072
2 0.192272 0.393370 0.030788 0.034278
2 0.401863 0.324302 0.026324 0.034072
2 0.289871 0.583333 0.039717 0.037356
2 0.732220 0.546490 0.039255 0.031814
1 0.121613 0.365969 0.128079 0.495895
2 0.190810 0.453099 0.033713 0.034278
