8 0.740533 0.478243 0.471213 0.833333
8 0.269243 0.479064 0.458744 0.825123
7 0.310653 0.505337 0.226601 0.012726
3 0.298645 0.311371 0.041564 0.037767
7 0.305958 0.532020 0.215979 0.013547
7 0.307728 0.350164 0.229372 0.011084
3 0.332666 0.466544 0.039101 0.040230
7 0.305573 0.472599 0.216441 0.012931
2 0.554495 0.457410 0.072352 0.714901
2 0.734298 0.727217 0.428264 0.175287
7 0.754541 0.528941 0.117765 0.024220
2 0.733451 0.153120 0.431804 0.108785
13 0.309267 0.424158 0.266318 0.458333
0 0.702817 0.354782 0.230142 0.309319
7 0.766395 0.621716 0.133159 0.027504
3 0.208513 0.306240 0.035868 0.037767
3 0.209821 0.345135 0.044951 0.047003
7 0.318196 0.380747 0.238608 0.011494
7 0.763778 0.558498 0.132235 0.025041
7 0.305034 0.411535 0.214132 0.013957
3 0.211130 0.619869 0.038023 0.041051
7 0.309652 0.594622 0.224600 0.011494
3 0.615687 0.572660 0.163331 0.131363
7 0.312346 0.566092 0.224138 0.013547
7 0.304649 0.317426 0.223214 0.012110
7 0.311422 0.257081 0.229372 0.010878
7 0.318273 0.227935 0.236299 0.023194
7 0.756312 0.589799 0.116071 0.026067
2 0.890163 0.456691 0.116533 0.721264
7 0.301031 0.289819 0.205203 0.025452
7 0.306573 0.439553 0.218442 0.010878
7 0.294489 0.627155 0.202894 0.010878
13 0.711284 0.588259 0.237531 0.157635
