7 0.603258 0.515486 0.446574 0.013509
9 0.426929 0.277100 0.078582 0.023064
13 0.608529 0.385173 0.475323 0.484349
3 0.449209 0.316145 0.158601 0.050412
3 0.560613 0.359638 0.122664 0.041186
7 0.605175 0.361614 0.442741 0.017463
7 0.602300 0.239703 0.463824 0.017463
7 0.601342 0.285008 0.431241 0.020428
9 0.666986 0.284843 0.153330 0.023394
7 0.605414 0.619605 0.441303 0.014827
7 0.606612 0.161779 0.449449 0.023064
7 0.591998 0.264909 0.418304 0.021087
7 0.605175 0.440857 0.447532 0.015157
7 0.603498 0.490445 0.441303 0.013509
2 0.427887 0.089292 0.591279 0.107414
7 0.599425 0.387315 0.435074 0.016145
7 0.606373 0.413180 0.469094 0.014498
2 0.420700 0.735585 0.581696 0.209885
7 0.609966 0.463591 0.453282 0.013839
7 0.611404 0.592092 0.452324 0.014498
3 0.670819 0.511367 0.133206 0.034267
3 0.543124 0.486491 0.124102 0.043163
3 0.755151 0.412521 0.095831 0.044811
3 0.416387 0.213015 0.120747 0.046458
7 0.601342 0.187809 0.459990 0.021746
8 0.496406 0.492586 0.965022 0.956178
7 0.676090 0.338221 0.289411 0.016804
9 0.410398 0.585173 0.063728 0.030972
7 0.600862 0.214498 0.422616 0.019110
2 0.252755 0.437232 0.245807 0.803295
7 0.601342 0.567545 0.438908 0.015486
7 0.598467 0.541351 0.429324 0.013839
7 0.682080 0.311367 0.312889 0.017792
