8 0.719782 0.508349 0.431251 0.840445
7 0.691641 0.453772 0.213488 0.020099
9 0.693422 0.569264 0.222750 0.040198
8 0.286512 0.510668 0.431964 0.851886
7 0.691760 0.425943 0.209451 0.021336
9 0.742579 0.305195 0.044170 0.027211
13 0.689741 0.411410 0.224887 0.421459
10 0.782831 0.305813 0.038708 0.028448
7 0.689266 0.283395 0.213488 0.020717
7 0.716694 0.367811 0.163382 0.021954
7 0.691403 0.572665 0.219663 0.024737
2 0.856922 0.436766 0.109475 0.699134
9 0.722987 0.278139 0.021610 0.025046
7 0.677274 0.310915 0.183329 0.021336
7 0.690097 0.224490 0.223700 0.024119
7 0.687841 0.484694 0.212064 0.025046
7 0.689622 0.396568 0.207077 0.023810
3 0.612206 0.346475 0.067917 0.066481
7 0.689504 0.515152 0.212064 0.022882
7 0.714795 0.339518 0.145809 0.021027
2 0.542152 0.420686 0.081216 0.506184
7 0.687485 0.254020 0.219425 0.023810
2 0.789836 0.144558 0.264545 0.114719
2 0.779387 0.718460 0.264545 0.140074
9 0.705889 0.248145 0.023985 0.032468
