2 0.207909 0.246336 0.020909 0.017999
2 0.207727 0.223065 0.019091 0.019285
2 0.210182 0.539727 0.019636 0.017999
2 0.210545 0.514785 0.019636 0.017999
2 0.552455 0.218437 0.018364 0.017742
2 0.567000 0.484958 0.020545 0.017999
2 0.210182 0.469015 0.019636 0.015942
2 0.209455 0.421059 0.021091 0.019799
2 0.208909 0.492415 0.021455 0.017999
2 0.208818 0.585755 0.019818 0.017999
2 0.208091 0.298277 0.021273 0.017999
2 0.209545 0.370147 0.018364 0.014142
2 0.554636 0.291335 0.016909 0.015942
2 0.569364 0.531756 0.018364 0.017999
2 0.573545 0.578812 0.018364 0.015942
2 0.208455 0.322191 0.020545 0.017999
2 0.560273 0.365132 0.019818 0.015942
2 0.560909 0.413988 0.021091 0.017999
2 0.208455 0.347647 0.018364 0.015942
2 0.210273 0.395089 0.016909 0.016200
2 0.575000 0.602726 0.021273 0.015942
