3 0.581971 0.313655 0.041713 0.036031
3 0.705516 0.501016 0.031319 0.037140
7 0.678423 0.342849 0.213553 0.027162
7 0.316172 0.501201 0.215771 0.021988
8 0.725540 0.509146 0.464662 0.856061
3 0.328368 0.579453 0.027023 0.033629
3 0.233093 0.224963 0.029656 0.044161
7 0.317558 0.342018 0.222145 0.029194
3 0.297118 0.366500 0.037417 0.037140
3 0.225263 0.446046 0.041713 0.033629
13 0.323171 0.439579 0.251386 0.480414
7 0.333634 0.447616 0.183065 0.027162
7 0.328645 0.317258 0.191103 0.019956
7 0.677799 0.506652 0.216741 0.024390
8 0.263997 0.512103 0.455100 0.864191
7 0.320746 0.557650 0.225194 0.021434
7 0.313124 0.370196 0.214385 0.020510
7 0.700527 0.257576 0.164634 0.024390
7 0.684105 0.454084 0.227966 0.023466
7 0.687015 0.314856 0.184451 0.024390
7 0.675236 0.287417 0.211336 0.027901
7 0.679739 0.533629 0.219789 0.023282
7 0.319290 0.420824 0.221175 0.016445
3 0.300097 0.499908 0.036447 0.034922
7 0.333010 0.229398 0.175998 0.019771
7 0.676552 0.645695 0.216741 0.025684
7 0.676206 0.426275 0.209673 0.024021
7 0.323240 0.259793 0.230737 0.022173
7 0.682303 0.560514 0.218819 0.023836
13 0.683828 0.439024 0.266214 0.492979
7 0.682234 0.370843 0.220344 0.028086
3 0.632899 0.453529 0.035754 0.030118
7 0.319013 0.395972 0.221452 0.021064
7 0.316588 0.583333 0.215216 0.024390
7 0.315341 0.529841 0.210504 0.017554
3 0.581555 0.397265 0.035615 0.031412
7 0.676067 0.618256 0.208010 0.025129
3 0.696023 0.611327 0.033121 0.030118
3 0.223115 0.310237 0.037417 0.038433
7 0.319706 0.286678 0.222007 0.016445
7 0.683204 0.397542 0.183481 0.025684
9 0.773975 0.607631 0.019956 0.031227
7 0.322409 0.637380 0.232677 0.023836
7 0.319706 0.475055 0.229767 0.022542
7 0.679324 0.589616 0.213692 0.022542
7 0.680917 0.481061 0.212722 0.022358
7 0.323448 0.610126 0.229490 0.018847
3 0.585920 0.240022 0.065133 0.069475
7 0.705723 0.226718 0.178076 0.026977
