5 0.147033 0.433094 0.041143 0.037877
7 0.506496 0.631601 0.641403 0.019630
7 0.432005 0.500000 0.482027 0.021841
13 0.532482 0.477191 0.845821 0.871440
3 0.198787 0.843931 0.165440 0.130218
7 0.391078 0.254078 0.424426 0.021012
13 0.560632 0.028338 0.409268 0.037877
10 0.786704 0.884296 0.240364 0.052806
7 0.463404 0.470417 0.543958 0.024053
7 0.355998 0.565386 0.453876 0.021565
7 0.572109 0.073818 0.534430 0.019906
7 0.590299 0.820293 0.644435 0.023224
7 0.463621 0.599530 0.535730 0.019630
5 0.141836 0.554327 0.056735 0.036494
7 0.419446 0.759884 0.600693 0.019077
7 0.529667 0.696434 0.771763 0.022671
7 0.538112 0.665883 0.699437 0.020182
7 0.495886 0.532762 0.616717 0.023224
7 0.591382 0.101880 0.577306 0.014653
10 0.351234 0.783660 0.139454 0.032900
7 0.522304 0.726845 0.724989 0.023777
7 0.508229 0.377108 0.660459 0.021012
7 0.521654 0.408349 0.645734 0.019906
7 0.437419 0.284075 0.517107 0.022394
7 0.378086 0.195466 0.500650 0.020459
7 0.460589 0.225740 0.565180 0.024053
5 0.148333 0.308405 0.048939 0.042853
9 0.245777 0.758363 0.258553 0.034835
7 0.378735 0.313934 0.496752 0.021841
3 0.200087 0.107133 0.183629 0.118607
9 0.533348 0.703484 0.809441 0.064418
7 0.329363 0.437517 0.412733 0.019630
7 0.449329 0.346834 0.561715 0.021841
7 0.605673 0.854714 0.650931 0.019630
7 0.595929 0.164639 0.596795 0.019077
10 0.786921 0.775366 0.276310 0.049489
8 0.492421 0.500000 0.967518 0.988941
7 0.626462 0.134642 0.623214 0.019353
7 0.553270 0.028615 0.380684 0.044512
7 0.534647 0.787116 0.236899 0.013824
5 0.140537 0.190489 0.054136 0.031518
9 0.531615 0.784075 0.236033 0.034835
7 0.488090 0.889826 0.401039 0.011335
