7 0.468570 0.477974 0.347016 0.021134
3 0.249455 0.584740 0.083680 0.035954
10 0.605294 0.561617 0.111243 0.024564
13 0.418104 0.406134 0.519334 0.477151
7 0.412651 0.529230 0.439024 0.020996
7 0.390244 0.252779 0.441801 0.022231
7 0.465298 0.587759 0.374975 0.023604
8 0.503272 0.499931 0.920087 0.960066
7 0.412255 0.451214 0.410470 0.023604
3 0.242118 0.362220 0.103906 0.041855
7 0.421872 0.507479 0.450724 0.022506
3 0.243605 0.276383 0.129883 0.045835
7 0.468372 0.282284 0.331549 0.022780
7 0.428118 0.193907 0.427920 0.022780
7 0.416419 0.308769 0.454491 0.023604
7 0.419393 0.222725 0.421574 0.024427
7 0.430696 0.391382 0.453698 0.023055
3 0.237854 0.473995 0.106881 0.045835
7 0.419988 0.421847 0.433869 0.021957
7 0.422764 0.615205 0.444180 0.023604
7 0.442197 0.335803 0.464010 0.022231
7 0.384791 0.561205 0.387269 0.024015
7 0.477097 0.362838 0.360896 0.022506
