9 0.381929 0.197524 0.141630 0.048780
5 0.525014 0.658721 0.014551 0.035477
7 0.365299 0.626663 0.256098 0.031596
13 0.363290 0.446600 0.272589 0.647820
7 0.652785 0.394124 0.255959 0.032890
9 0.651330 0.313747 0.153548 0.048780
7 0.654241 0.744826 0.253603 0.018847
7 0.366269 0.473947 0.261086 0.028086
7 0.635394 0.511271 0.231984 0.029564
7 0.402924 0.241778 0.178354 0.030857
2 0.358578 0.784922 0.292544 0.033259
5 0.244180 0.737251 0.025776 0.055063
5 0.526330 0.545270 0.018847 0.044715
7 0.386433 0.160384 0.182234 0.029933
7 0.405349 0.281874 0.175166 0.031596
7 0.368071 0.665466 0.257206 0.030857
7 0.645995 0.241038 0.251247 0.034553
5 0.523282 0.738452 0.023282 0.036770
2 0.657913 0.122598 0.294207 0.031966
2 0.795108 0.455100 0.019817 0.699557
7 0.646896 0.703991 0.257761 0.031042
8 0.694429 0.479305 0.365576 0.864745
9 0.391768 0.157243 0.208980 0.050259
7 0.347284 0.549242 0.214523 0.028271
2 0.656596 0.790004 0.296840 0.038987
7 0.584812 0.628049 0.131929 0.029564
5 0.247228 0.351903 0.026608 0.038987
7 0.637888 0.588784 0.239191 0.029010
5 0.525915 0.275684 0.018016 0.053954
9 0.642877 0.153271 0.116962 0.044900
7 0.370704 0.743533 0.235310 0.032151
7 0.365230 0.359017 0.258176 0.031042
5 0.530626 0.375462 0.034368 0.079084
7 0.357955 0.704823 0.248614 0.030118
13 0.654033 0.452882 0.272589 0.640059
7 0.599085 0.281042 0.158537 0.031781
7 0.367378 0.396896 0.260532 0.030673
5 0.247228 0.432280 0.024945 0.052661
2 0.359063 0.121489 0.282982 0.027531
7 0.397935 0.318367 0.148975 0.030303
7 0.649667 0.666297 0.258869 0.028825
8 0.318598 0.476903 0.367239 0.866962
2 0.224432 0.453437 0.027578 0.691426
7 0.637819 0.161401 0.088830 0.029379
7 0.647104 0.203622 0.254850 0.034738
7 0.583841 0.433758 0.132206 0.032336
7 0.649390 0.471822 0.262749 0.029749
5 0.271272 0.268847 0.079961 0.122690
5 0.244180 0.584812 0.025776 0.055063
5 0.526677 0.462676 0.012888 0.033259
7 0.648004 0.549797 0.259701 0.029379
7 0.663110 0.356707 0.217018 0.028271
5 0.246743 0.507391 0.020649 0.046933
7 0.383592 0.202513 0.125277 0.030673
7 0.365992 0.435514 0.256098 0.028455
7 0.652231 0.317720 0.138997 0.029379
7 0.365161 0.587953 0.260809 0.030303
7 0.366408 0.510994 0.260532 0.027162
