5 0.176508 0.166667 0.080821 0.027661
7 0.236181 0.401090 0.348409 0.028779
7 0.132328 0.213328 0.125628 0.019279
7 0.247278 0.191813 0.353853 0.023750
7 0.281616 0.453060 0.257538 0.032691
1 0.441583 0.437413 0.863065 0.768092
7 0.235553 0.258173 0.332077 0.040235
7 0.257538 0.539257 0.201843 0.029617
8 0.491415 0.492456 0.977806 0.983794
7 0.133375 0.289746 0.120184 0.024588
7 0.179648 0.237497 0.038526 0.020117
7 0.262772 0.317407 0.229062 0.031852
7 0.222781 0.426655 0.316583 0.026264
7 0.224246 0.345208 0.319514 0.028779
7 0.256700 0.509500 0.380235 0.027661
7 0.277429 0.373708 0.267588 0.028220
2 0.495603 0.378877 0.146147 0.458787
1 0.470268 0.325510 0.807370 0.554345
7 0.238484 0.481559 0.345477 0.025426
5 0.157663 0.344929 0.065745 0.029338
