0 0.676275 0.405026 0.203437 0.348115
3 0.621813 0.616870 0.064579 0.070399
2 0.696369 0.672949 0.260809 0.052846
9 0.388512 0.577790 0.125970 0.023282
7 0.715632 0.635902 0.111973 0.022727
7 0.716463 0.590447 0.113359 0.022727
8 0.410269 0.484479 0.274806 0.592018
10 0.480807 0.580469 0.052799 0.014228
7 0.399390 0.580377 0.141630 0.018477
9 0.426414 0.532797 0.165188 0.026792
7 0.423503 0.535200 0.166020 0.019032
3 0.333010 0.531781 0.022450 0.024760
2 0.576982 0.443921 0.033121 0.511271
9 0.417267 0.554416 0.188470 0.023466
7 0.418099 0.557927 0.183758 0.019032
2 0.685144 0.207132 0.257483 0.045085
7 0.416297 0.290835 0.171009 0.018108
8 0.689509 0.477827 0.281735 0.592018
13 0.685698 0.615576 0.192073 0.068921
2 0.797672 0.433758 0.056818 0.501663
3 0.695399 0.609479 0.025222 0.020880
13 0.416020 0.556449 0.206763 0.084812
7 0.417960 0.268293 0.179878 0.017369
13 0.416644 0.290558 0.197478 0.125462
7 0.414011 0.337029 0.175582 0.019956
7 0.415881 0.245473 0.175166 0.019032
7 0.419277 0.314579 0.182788 0.018293
7 0.718542 0.613082 0.113359 0.023282
