3 0.185345 0.413383 0.049877 0.031199
3 0.185730 0.627258 0.041718 0.037767
7 0.615148 0.290846 0.057266 0.024631
10 0.760314 0.477114 0.159483 0.016626
7 0.740148 0.506158 0.202894 0.024631
7 0.313808 0.498563 0.207358 0.026683
7 0.281173 0.282943 0.244920 0.025657
7 0.706974 0.636597 0.238762 0.026888
7 0.316272 0.624692 0.210437 0.028941
3 0.619843 0.240969 0.074969 0.061987
3 0.184036 0.313526 0.048183 0.035509
7 0.738608 0.418001 0.197968 0.023194
10 0.389932 0.466133 0.059113 0.020115
7 0.612685 0.155480 0.053571 0.023604
7 0.292180 0.346880 0.258621 0.029557
10 0.744304 0.290127 0.197968 0.020320
7 0.751078 0.256876 0.173645 0.026478
7 0.645089 0.571839 0.118381 0.025041
7 0.669797 0.669232 0.169027 0.023604
7 0.292103 0.561063 0.253849 0.028941
7 0.289332 0.531814 0.256927 0.027504
7 0.734221 0.602217 0.192888 0.027915
10 0.346598 0.215004 0.143011 0.020320
10 0.348676 0.379926 0.138855 0.020115
3 0.185730 0.499795 0.041718 0.035304
7 0.735222 0.188526 0.207512 0.026067
7 0.217134 0.381979 0.112223 0.024631
3 0.605680 0.184832 0.046644 0.040025
7 0.708821 0.449200 0.246151 0.020731
3 0.606527 0.321223 0.054803 0.037767
3 0.184036 0.248050 0.048183 0.037562
7 0.744458 0.322250 0.215209 0.027094
13 0.720751 0.444992 0.303879 0.634647
10 0.772706 0.568760 0.134698 0.020115
3 0.610683 0.417796 0.046490 0.030993
7 0.288716 0.688629 0.246151 0.027504
8 0.739609 0.491995 0.444119 0.920361
7 0.718057 0.385776 0.259390 0.024836
10 0.328048 0.593493 0.182882 0.018268
7 0.289409 0.439963 0.253079 0.024425
13 0.287792 0.421182 0.304033 0.619048
7 0.258082 0.468801 0.194119 0.025041
7 0.712746 0.351909 0.251232 0.027299
7 0.630388 0.476498 0.094828 0.021962
8 0.265009 0.495279 0.468442 0.918309
7 0.318735 0.313218 0.217518 0.029557
7 0.286946 0.180419 0.256773 0.028325
10 0.741071 0.160099 0.200739 0.023810
3 0.182189 0.151991 0.046644 0.040025
7 0.321890 0.249589 0.221367 0.023810
7 0.293180 0.656712 0.253541 0.027299
3 0.606835 0.701560 0.051724 0.035304
7 0.307805 0.149528 0.201509 0.026888
7 0.198353 0.595546 0.067272 0.019089
7 0.315964 0.408149 0.210745 0.025657
3 0.608451 0.603551 0.050954 0.034688
10 0.798799 0.667693 0.082512 0.023810
3 0.606758 0.507902 0.054957 0.026478
7 0.756158 0.223214 0.180419 0.026888
7 0.740302 0.697968 0.204126 0.028120
7 0.723060 0.538383 0.277709 0.025041
7 0.216518 0.215825 0.110068 0.020320
