7 0.683241 0.586065 0.442452 0.024180
7 0.723671 0.284619 0.386371 0.026299
7 0.688784 0.675807 0.445386 0.027421
3 0.488425 0.291786 0.078578 0.032158
13 0.691637 0.457310 0.515324 0.504549
7 0.677698 0.407952 0.435605 0.028169
7 0.695549 0.557211 0.471307 0.029789
10 0.830453 0.615418 0.165308 0.026050
3 0.497962 0.528107 0.073199 0.035648
7 0.729459 0.643836 0.385556 0.025801
7 0.546381 0.259130 0.187643 0.022685
3 0.490137 0.348810 0.076133 0.036271
8 0.626753 0.513773 0.741278 0.774274
10 0.780567 0.259629 0.242256 0.027670
9 0.765569 0.407204 0.217476 0.030911
7 0.681285 0.229216 0.449625 0.022435
7 0.695712 0.494952 0.467395 0.028917
7 0.721226 0.346691 0.381480 0.025053
7 0.732801 0.467905 0.321161 0.022934
3 0.505054 0.458183 0.123900 0.057834
7 0.742012 0.437741 0.331757 0.023183
7 0.687887 0.315468 0.465112 0.024679
7 0.598060 0.616789 0.269808 0.019818
3 0.492256 0.649508 0.081676 0.033653
7 0.688458 0.378474 0.467884 0.029789
7 0.725057 0.527297 0.373492 0.024305
