7 0.694706 0.662140 0.124169 0.027901
7 0.609895 0.354120 0.057373 0.029010
7 0.723185 0.600055 0.188331 0.032705
13 0.685491 0.400961 0.257622 0.559867
7 0.679047 0.227365 0.214800 0.033075
2 0.864745 0.406874 0.106984 0.529564
7 0.614191 0.576497 0.059867 0.025868
7 0.630890 0.511086 0.013720 0.025868
7 0.610865 0.480599 0.063470 0.037694
7 0.291921 0.881744 0.176691 0.011826
13 0.296979 0.877679 0.196231 0.048780
7 0.630682 0.414542 0.034645 0.032336
8 0.290396 0.497875 0.464108 0.852365
7 0.612043 0.543792 0.064163 0.029933
3 0.605737 0.171194 0.127772 0.102919
7 0.614953 0.638489 0.060006 0.032705
7 0.711267 0.258315 0.196092 0.036955
7 0.675998 0.447247 0.190687 0.038248
7 0.701289 0.161216 0.089108 0.054139
8 0.754712 0.493348 0.457594 0.855876
7 0.692835 0.293052 0.233232 0.031042
7 0.711682 0.324372 0.186669 0.031596
0 0.296979 0.477365 0.339523 0.707502
7 0.684174 0.387472 0.217849 0.037694
