7 0.308829 0.364746 0.233094 0.017090
13 0.306352 0.459961 0.250000 0.497070
7 0.307462 0.679321 0.232753 0.019287
7 0.655396 0.647705 0.232240 0.019043
7 0.309426 0.626343 0.228825 0.020264
7 0.669143 0.310547 0.205772 0.017090
7 0.655055 0.414185 0.227459 0.019287
7 0.309170 0.547852 0.232753 0.020020
7 0.307036 0.576050 0.230191 0.019287
3 0.304133 0.646851 0.031079 0.026611
7 0.306096 0.339355 0.228654 0.019531
7 0.652579 0.255127 0.228996 0.022461
13 0.658214 0.458008 0.266564 0.500977
3 0.636185 0.222656 0.027835 0.026367
7 0.654457 0.385742 0.227630 0.020508
7 0.661031 0.516602 0.156421 0.022949
7 0.657531 0.438354 0.230020 0.019775
7 0.302425 0.440063 0.215164 0.020752
3 0.551059 0.309204 0.028347 0.028076
7 0.303706 0.493530 0.221824 0.020264
7 0.306267 0.519043 0.226947 0.021484
8 0.693818 0.506958 0.413251 0.806396
3 0.379269 0.228882 0.029030 0.032959
3 0.331028 0.360962 0.027152 0.022705
3 0.286544 0.594971 0.029030 0.027832
7 0.654969 0.594116 0.228996 0.022705
7 0.306182 0.259155 0.231216 0.020264
7 0.657360 0.491089 0.234460 0.021729
7 0.306950 0.390503 0.227288 0.020264
3 0.681779 0.360352 0.033299 0.027344
3 0.244621 0.311890 0.024761 0.028076
7 0.652066 0.228394 0.225922 0.021729
7 0.650188 0.567993 0.217384 0.019775
7 0.674522 0.542480 0.188183 0.020020
7 0.307206 0.468140 0.230191 0.019775
3 0.308914 0.545166 0.026639 0.025391
7 0.651895 0.360718 0.226605 0.019287
7 0.306865 0.599609 0.231557 0.020996
3 0.676742 0.509766 0.030738 0.029297
7 0.653347 0.674072 0.225751 0.019531
7 0.654372 0.336670 0.231557 0.020508
7 0.309853 0.651733 0.231728 0.019775
8 0.269382 0.510864 0.421619 0.806396
7 0.656250 0.463379 0.233265 0.018555
3 0.553962 0.529053 0.056352 0.067871
3 0.390796 0.464233 0.026127 0.029541
7 0.305926 0.287842 0.225581 0.020996
7 0.307121 0.416016 0.233094 0.018555
7 0.653603 0.282349 0.231045 0.020264
3 0.323344 0.414307 0.026127 0.022949
7 0.308572 0.315063 0.232923 0.020264
7 0.656079 0.620728 0.232923 0.021240
7 0.305669 0.232910 0.225068 0.020996
