7 0.290102 0.497161 0.324153 0.020775
3 0.210649 0.491605 0.067434 0.031163
7 0.294275 0.403793 0.336839 0.018601
7 0.301202 0.590409 0.337673 0.017877
7 0.294275 0.426501 0.336839 0.018360
3 0.198798 0.330716 0.059756 0.028506
13 0.299115 0.460261 0.370890 0.385433
3 0.154315 0.562749 0.072609 0.034787
3 0.334836 0.447216 0.065431 0.035391
7 0.298030 0.450296 0.335336 0.019568
7 0.294942 0.335971 0.327157 0.016789
3 0.426807 0.588416 0.057753 0.029110
3 0.276665 0.284575 0.060591 0.033337
7 0.297780 0.356142 0.333166 0.018480
7 0.298531 0.473306 0.342347 0.020896
7 0.294024 0.521440 0.341012 0.019809
7 0.329327 0.567943 0.288099 0.019809
7 0.302036 0.637335 0.342681 0.020896
7 0.299533 0.613057 0.342347 0.018480
8 0.359790 0.519084 0.719579 0.705762
7 0.295109 0.290192 0.328159 0.017514
7 0.295193 0.313202 0.329995 0.019084
7 0.296194 0.380058 0.330663 0.019688
7 0.291688 0.544329 0.330663 0.020896
3 0.377483 0.377159 0.062594 0.029835
