7 0.270440 0.223022 0.328931 0.021583
7 0.272170 0.460971 0.333648 0.019784
7 0.269497 0.624281 0.336478 0.022662
7 0.269025 0.435072 0.331132 0.021223
7 0.270597 0.651439 0.336164 0.021583
7 0.254560 0.595504 0.301572 0.023381
7 0.269025 0.382194 0.334906 0.019065
7 0.625943 0.148741 0.146226 0.062230
7 0.273899 0.168165 0.333333 0.021223
7 0.266352 0.275000 0.320755 0.019784
7 0.265409 0.488309 0.328302 0.019065
7 0.270597 0.302338 0.333648 0.021223
8 0.256447 0.489568 0.464465 0.819424
7 0.270755 0.541906 0.333962 0.021223
7 0.266824 0.407914 0.329874 0.020863
13 0.270126 0.423921 0.342138 0.598201
7 0.266824 0.194065 0.323585 0.021223
7 0.265094 0.248741 0.315094 0.019784
7 0.266195 0.570863 0.332390 0.023022
7 0.267296 0.514209 0.327673 0.021223
13 0.625629 0.149820 0.155660 0.039928
8 0.726258 0.500000 0.478931 0.835971
7 0.263679 0.327878 0.316667 0.020504
7 0.269182 0.704676 0.329560 0.024460
7 0.265409 0.677878 0.330189 0.020504
7 0.270755 0.356835 0.330189 0.020144
7 0.262264 0.141727 0.306918 0.023022
