4 0.625000 0.681911 0.106707 0.110680
0 0.698725 0.359387 0.257761 0.526608
2 0.722353 0.812823 0.392877 0.150037
2 0.546840 0.506744 0.043237 0.769586
7 0.753811 0.715078 0.146203 0.025499
13 0.702952 0.681818 0.262611 0.115299
7 0.748545 0.645972 0.139828 0.026977
8 0.728312 0.494180 0.416436 0.836475
2 0.870496 0.489560 0.090771 0.781042
7 0.299543 0.715724 0.199141 0.027531
13 0.302384 0.710458 0.223115 0.089431
7 0.753118 0.678954 0.144817 0.027162
8 0.301483 0.503418 0.420039 0.836475
