7 0.471125 0.229528 0.646657 0.030829
9 0.451368 0.396917 0.154255 0.033719
9 0.137348 0.313223 0.055091 0.033478
2 0.460486 0.709538 0.712766 0.245665
9 0.148556 0.348507 0.056991 0.032274
7 0.424772 0.354648 0.602584 0.030588
7 0.474734 0.493618 0.585486 0.029624
8 0.494681 0.499037 0.974164 0.972062
7 0.483283 0.460019 0.610182 0.030347
5 0.116831 0.207370 0.060410 0.078998
7 0.481003 0.564788 0.370821 0.026975
7 0.448138 0.403540 0.120441 0.026734
13 0.453457 0.345135 0.737462 0.554432
12 0.678381 0.399205 0.123480 0.048892
5 0.131269 0.474109 0.064210 0.080202
7 0.458587 0.110549 0.575228 0.026975
7 0.477584 0.599952 0.227204 0.028420
12 0.225494 0.399807 0.164514 0.052023
7 0.250760 0.259995 0.295593 0.025771
7 0.459726 0.192919 0.636778 0.027457
7 0.480433 0.528540 0.518617 0.030106
9 0.462576 0.117293 0.555091 0.064547
7 0.396087 0.320809 0.564210 0.028902
