7 0.179680 0.369798 0.202536 0.019615
5 0.088088 0.285553 0.046046 0.024393
7 0.280948 0.459575 0.406406 0.026154
10 0.388972 0.210298 0.197030 0.021753
5 0.092176 0.394317 0.038205 0.030177
7 0.306723 0.326229 0.385552 0.022759
8 0.333584 0.479065 0.629129 0.740350
7 0.262846 0.589715 0.376543 0.021879
7 0.295295 0.657299 0.363030 0.026531
10 0.388055 0.364957 0.208876 0.025273
7 0.306640 0.613668 0.389723 0.020747
10 0.424508 0.300327 0.141308 0.020244
7 0.315649 0.523890 0.368368 0.026279
5 0.092676 0.614485 0.036537 0.023387
3 0.096930 0.536150 0.066066 0.042500
7 0.301468 0.237269 0.386053 0.021627
7 0.302135 0.281529 0.388388 0.023136
7 0.300467 0.567836 0.381381 0.023639
10 0.463297 0.254747 0.055055 0.024896
10 0.470387 0.587200 0.038872 0.020873
7 0.179763 0.213379 0.212379 0.023890
5 0.086503 0.659248 0.051218 0.029171
10 0.475809 0.412234 0.023023 0.015969
7 0.270771 0.414561 0.385052 0.025148
9 0.177928 0.503332 0.205706 0.025148
7 0.279363 0.632780 0.399233 0.024771
9 0.199700 0.478121 0.033367 0.023262
13 0.284034 0.438325 0.451618 0.496416
5 0.089923 0.237269 0.036703 0.028920
7 0.285953 0.482648 0.417084 0.024016
7 0.280864 0.500943 0.411578 0.022381
7 0.254755 0.259336 0.362029 0.024771
5 0.093510 0.328367 0.037538 0.028040
5 0.093427 0.440463 0.043710 0.025148
7 0.305472 0.392053 0.382049 0.023387
5 0.090924 0.571482 0.040374 0.028920
7 0.284952 0.348171 0.413080 0.023136
7 0.217384 0.306677 0.272940 0.020873
9 0.420838 0.498554 0.128629 0.025148
7 0.303136 0.435685 0.373373 0.021627
7 0.312229 0.545392 0.361528 0.021753
