7 0.621151 0.542796 0.151786 0.028120
7 0.641318 0.407020 0.191810 0.031609
10 0.718211 0.540025 0.038639 0.021757
9 0.424107 0.221367 0.066502 0.042488
7 0.368150 0.607348 0.148245 0.022989
7 0.635622 0.272373 0.190271 0.029557
9 0.703664 0.484298 0.016626 0.031404
7 0.637777 0.381260 0.187192 0.033046
7 0.344597 0.577997 0.182112 0.023399
8 0.710360 0.492919 0.419797 0.850780
3 0.284406 0.258929 0.052494 0.054392
7 0.348599 0.552340 0.185499 0.022578
9 0.345905 0.575739 0.189655 0.034893
7 0.640317 0.490148 0.189809 0.026683
7 0.637084 0.517652 0.178110 0.027915
7 0.637238 0.325021 0.189809 0.033456
7 0.347599 0.360632 0.180111 0.021346
2 0.208436 0.405070 0.091441 0.423851
3 0.563808 0.230296 0.061422 0.054598
9 0.576970 0.381773 0.015086 0.033251
9 0.610837 0.460283 0.013855 0.027709
7 0.346983 0.471983 0.181650 0.023604
7 0.665333 0.217467 0.137931 0.027299
7 0.347752 0.417180 0.179803 0.023194
7 0.353140 0.444273 0.193042 0.024836
7 0.346906 0.499179 0.182728 0.024220
7 0.638470 0.353140 0.191656 0.033046
7 0.635160 0.435140 0.178879 0.029967
3 0.272014 0.602114 0.044027 0.031404
13 0.353910 0.414614 0.209975 0.438834
7 0.349292 0.525246 0.189347 0.025041
7 0.664871 0.242098 0.134852 0.026478
7 0.381619 0.279044 0.139778 0.025657
7 0.353679 0.333846 0.190425 0.025246
7 0.672645 0.595854 0.134698 0.027504
7 0.670567 0.569992 0.131773 0.026273
7 0.635160 0.300493 0.191502 0.028325
3 0.574892 0.585283 0.055265 0.059319
7 0.349754 0.388649 0.182266 0.023604
7 0.381004 0.253284 0.139163 0.022167
9 0.662100 0.539717 0.077586 0.027709
2 0.783097 0.397886 0.104064 0.439860
13 0.633313 0.411535 0.225369 0.427750
7 0.353063 0.306240 0.190117 0.025452
7 0.354603 0.225164 0.189193 0.022989
8 0.275631 0.499897 0.419797 0.848727
7 0.639163 0.463259 0.188116 0.030378
