3 0.604213 0.471175 0.070676 0.055063
3 0.721937 0.335551 0.033675 0.029933
7 0.691172 0.400684 0.232400 0.022727
7 0.728312 0.460828 0.178631 0.024760
2 0.318459 0.731523 0.361142 0.157428
2 0.719374 0.152162 0.368071 0.035661
7 0.691450 0.641168 0.234618 0.026238
2 0.859410 0.465447 0.084396 0.664449
7 0.757968 0.253695 0.109618 0.020325
2 0.188331 0.473485 0.093958 0.678307
7 0.725679 0.490115 0.170039 0.022358
3 0.780488 0.249908 0.030211 0.030857
13 0.692142 0.411955 0.255127 0.481707
3 0.658121 0.605044 0.047395 0.037879
8 0.735726 0.494087 0.421563 0.855137
3 0.735310 0.513673 0.039634 0.034368
0 0.351649 0.393016 0.232677 0.508130
7 0.696231 0.549797 0.240022 0.026053
7 0.757830 0.283999 0.102688 0.021803
7 0.695122 0.372413 0.241962 0.021988
8 0.308550 0.494734 0.427522 0.865669
7 0.756098 0.225333 0.102827 0.022358
7 0.693528 0.610588 0.243487 0.024205
7 0.694568 0.579453 0.238359 0.025129
2 0.718473 0.730414 0.362943 0.134516
3 0.717226 0.422302 0.043099 0.033444
3 0.782220 0.364837 0.026746 0.028640
2 0.484825 0.469420 0.037001 0.672395
7 0.760740 0.196323 0.105460 0.024575
3 0.593057 0.425813 0.043099 0.028640
9 0.793653 0.424242 0.038803 0.033259
7 0.694290 0.519124 0.238359 0.024575
7 0.759909 0.313193 0.111558 0.022542
7 0.767808 0.342295 0.102688 0.023097
7 0.715978 0.431449 0.192766 0.022542
2 0.550790 0.469420 0.034507 0.674612
