7 0.570686 0.400888 0.467775 0.032914
7 0.618503 0.333395 0.362786 0.031805
3 0.468035 0.186760 0.043139 0.032914
7 0.566008 0.153291 0.467775 0.034024
1 0.423207 0.763868 0.320946 0.249260
2 0.180873 0.330067 0.305613 0.616124
3 0.471933 0.399778 0.047817 0.030695
7 0.566788 0.307507 0.469335 0.039571
7 0.550546 0.490385 0.415021 0.036243
2 0.152287 0.755547 0.205301 0.250370
7 0.623960 0.185096 0.361227 0.038462
10 0.727261 0.273021 0.160343 0.020895
2 0.561331 0.072485 0.474012 0.107618
8 0.493503 0.495377 0.924636 0.946746
7 0.569777 0.219120 0.472193 0.027367
7 0.515852 0.366864 0.367464 0.030695
7 0.626949 0.519508 0.364085 0.037167
7 0.621492 0.431028 0.338098 0.036243
10 0.749740 0.362981 0.094075 0.029586
13 0.564449 0.386095 0.461538 0.506287
7 0.634615 0.583210 0.364345 0.035133
10 0.778976 0.489830 0.060031 0.030695
7 0.492723 0.274593 0.318087 0.032914
7 0.565229 0.458580 0.444387 0.034024
7 0.626169 0.246117 0.362526 0.032914
7 0.579132 0.553532 0.475312 0.039386
2 0.688669 0.760540 0.206861 0.242604
10 0.741164 0.394878 0.114345 0.027552
