7 0.608295 0.306130 0.501792 0.031524
3 0.599334 0.184939 0.062980 0.032224
3 0.587814 0.450613 0.065540 0.033975
7 0.591910 0.534676 0.498720 0.035377
3 0.452893 0.536427 0.062980 0.031173
3 0.595238 0.334851 0.068100 0.030823
7 0.445469 0.502627 0.203789 0.030123
8 0.506912 0.491068 0.968766 0.960420
3 0.464670 0.245884 0.066052 0.030823
3 0.596518 0.276532 0.068612 0.030473
3 0.459549 0.392119 0.065028 0.027671
7 0.599334 0.217163 0.528930 0.047636
3 0.460573 0.363222 0.058884 0.030123
3 0.594726 0.366025 0.060932 0.030823
3 0.465182 0.214186 0.065028 0.035377
3 0.451613 0.623818 0.069636 0.033625
3 0.463134 0.182487 0.062980 0.032224
7 0.487455 0.418564 0.135177 0.030123
3 0.464158 0.275832 0.065028 0.029072
3 0.457501 0.421716 0.062980 0.030123
7 0.443164 0.590893 0.208397 0.030823
3 0.598054 0.248862 0.065540 0.029072
2 0.635433 0.367426 0.632873 0.603853
3 0.593958 0.304904 0.066564 0.027671
7 0.634665 0.246935 0.426523 0.032925
3 0.586534 0.534851 0.062980 0.032925
7 0.581669 0.392820 0.466974 0.029072
7 0.652074 0.335377 0.452125 0.034676
3 0.580645 0.625044 0.070661 0.033275
3 0.598566 0.216287 0.066564 0.033975
3 0.460573 0.306130 0.058884 0.028722
7 0.481055 0.565149 0.130568 0.027671
3 0.455709 0.450088 0.064516 0.025219
7 0.614439 0.449912 0.532514 0.043082
3 0.458525 0.334676 0.060932 0.028371
7 0.586790 0.184939 0.535586 0.047636
3 0.455197 0.507531 0.069636 0.028021
2 0.520481 0.445534 0.851510 0.770578
7 0.583461 0.622767 0.488991 0.036427
7 0.482591 0.475131 0.131592 0.029072
3 0.450589 0.593520 0.063492 0.026970
7 0.598054 0.275657 0.477215 0.032224
3 0.589606 0.392820 0.069124 0.026270
3 0.452381 0.480560 0.061956 0.028021
3 0.451613 0.564974 0.067588 0.030123
7 0.604199 0.364273 0.505888 0.035727
