7 0.664766 0.234448 0.222747 0.021575
3 0.240962 0.375944 0.055339 0.052859
7 0.660178 0.417116 0.206340 0.021575
7 0.660734 0.468716 0.214127 0.023373
7 0.317436 0.498022 0.207175 0.019417
7 0.637792 0.595469 0.161568 0.018698
13 0.662403 0.426465 0.242492 0.476807
7 0.343854 0.367314 0.140434 0.019058
7 0.317019 0.446242 0.213571 0.019417
7 0.328281 0.393743 0.168242 0.020137
9 0.285039 0.332974 0.023359 0.032362
2 0.820912 0.415678 0.087875 0.471773
7 0.313821 0.316073 0.205506 0.020856
7 0.685206 0.544229 0.140156 0.021935
7 0.663237 0.570119 0.211346 0.019777
10 0.751947 0.490831 0.035039 0.022294
3 0.576057 0.643653 0.040879 0.028047
7 0.315211 0.419633 0.205506 0.020137
3 0.575362 0.615786 0.040044 0.030565
7 0.315350 0.599784 0.201891 0.017979
7 0.315489 0.471413 0.203281 0.018698
7 0.663793 0.313197 0.217464 0.022294
7 0.319522 0.651744 0.201335 0.019058
7 0.313960 0.290004 0.201335 0.021215
7 0.313404 0.575333 0.203560 0.017979
7 0.317019 0.342143 0.207453 0.019777
10 0.737208 0.592772 0.060623 0.021215
9 0.397247 0.361561 0.034205 0.031284
7 0.661151 0.495505 0.208843 0.017979
7 0.663098 0.364617 0.220523 0.021575
7 0.666018 0.339446 0.218576 0.022294
7 0.667964 0.626573 0.213014 0.029126
9 0.399333 0.280115 0.033370 0.025890
7 0.316463 0.624595 0.204672 0.019417
2 0.157675 0.423948 0.081201 0.471773
7 0.316185 0.239123 0.205228 0.020137
7 0.661846 0.208198 0.216352 0.021575
8 0.257508 0.496584 0.466073 0.893204
9 0.681174 0.488314 0.105951 0.030205
7 0.695773 0.519058 0.159066 0.019058
13 0.316185 0.426465 0.215239 0.483279
7 0.312291 0.212873 0.195773 0.020137
7 0.318687 0.264833 0.205784 0.021215
7 0.685623 0.647968 0.183259 0.020137
8 0.725806 0.495146 0.466073 0.890327
7 0.664766 0.286228 0.214961 0.023013
3 0.581201 0.529486 0.052836 0.047105
3 0.573554 0.564365 0.037542 0.025530
7 0.317714 0.549443 0.208287 0.019417
7 0.666713 0.259978 0.221079 0.023013
7 0.318270 0.523732 0.211068 0.019777
7 0.664627 0.389968 0.210234 0.022654
7 0.663932 0.442826 0.218298 0.021935
