7 0.287485 0.277094 0.257235 0.032020
7 0.321198 0.667693 0.204280 0.015189
7 0.722752 0.295874 0.264470 0.011289
5 0.362300 0.353243 0.045105 0.044745
7 0.725600 0.444273 0.274169 0.011289
5 0.792180 0.292898 0.050493 0.045567
5 0.182189 0.668924 0.077740 0.091954
13 0.732990 0.437295 0.309267 0.590928
7 0.289948 0.395628 0.267087 0.025246
8 0.281866 0.493740 0.460899 0.917693
7 0.285560 0.465722 0.258313 0.028736
7 0.299338 0.625205 0.283405 0.030378
7 0.726216 0.255747 0.270474 0.011905
13 0.294720 0.425595 0.309267 0.614327
7 0.286792 0.315476 0.265702 0.028736
7 0.725139 0.553879 0.267395 0.010878
7 0.727602 0.216133 0.272629 0.016831
7 0.731373 0.631055 0.284791 0.014163
7 0.292488 0.242919 0.264470 0.023604
7 0.727986 0.406814 0.266010 0.011905
9 0.817888 0.699302 0.070505 0.051724
5 0.386776 0.237069 0.048183 0.048851
7 0.724446 0.482143 0.267857 0.010263
7 0.293642 0.203715 0.266780 0.021962
7 0.320582 0.700226 0.213208 0.020320
7 0.286792 0.358067 0.263239 0.023604
5 0.777786 0.438013 0.046644 0.041461
7 0.283020 0.545053 0.255696 0.026888
7 0.287408 0.506671 0.264470 0.026888
5 0.364224 0.428571 0.045567 0.038177
7 0.727833 0.369048 0.277709 0.010673
7 0.726293 0.705460 0.249692 0.016010
7 0.725062 0.593596 0.264470 0.012726
5 0.230988 0.570402 0.047876 0.042693
7 0.284945 0.584257 0.259544 0.028530
7 0.294335 0.165230 0.275862 0.025452
7 0.724061 0.180727 0.265548 0.014984
7 0.725754 0.331281 0.272937 0.011905
5 0.324661 0.158867 0.044027 0.048030
7 0.723676 0.517549 0.265394 0.012931
9 0.720982 0.622845 0.026324 0.046182
5 0.822506 0.472085 0.045874 0.039409
7 0.293642 0.429906 0.274477 0.026888
5 0.663100 0.212028 0.047568 0.039409
7 0.729218 0.666769 0.273707 0.013342
8 0.733682 0.502360 0.460591 0.888136
5 0.608682 0.621921 0.045874 0.046798
