7 0.632250 0.404252 0.336000 0.018578
7 0.262750 0.272865 0.305000 0.023758
7 0.657250 0.706949 0.342500 0.017328
13 0.433375 0.016613 0.096250 0.015720
8 0.503125 0.444534 0.957250 0.875491
7 0.267750 0.317613 0.306500 0.020364
7 0.648125 0.683994 0.320250 0.017149
7 0.266750 0.184173 0.309000 0.023223
7 0.274750 0.705341 0.312000 0.019829
7 0.274625 0.814845 0.305750 0.020543
7 0.269875 0.614773 0.297250 0.018042
7 0.265500 0.406752 0.295500 0.017506
7 0.648625 0.814398 0.320750 0.020007
7 0.261250 0.138264 0.297500 0.022865
7 0.274250 0.769561 0.300000 0.020722
7 0.638375 0.289478 0.312750 0.018399
7 0.264750 0.115934 0.301500 0.025009
7 0.642750 0.131565 0.330500 0.017328
7 0.647750 0.659789 0.326500 0.017685
7 0.643375 0.042069 0.327250 0.018042
7 0.263875 0.293944 0.301750 0.020900
7 0.274875 0.636924 0.305750 0.017685
7 0.647500 0.381118 0.331000 0.019114
7 0.642250 0.267953 0.317500 0.017864
7 0.641375 0.589139 0.310750 0.017149
7 0.265000 0.207038 0.296000 0.021793
5 0.467500 0.559307 0.071500 0.098964
7 0.643625 0.769829 0.306250 0.019471
7 0.639375 0.108789 0.323250 0.018578
7 0.641500 0.335656 0.317000 0.017864
7 0.643375 0.178367 0.331250 0.016970
7 0.654750 0.425063 0.341500 0.017328
7 0.651500 0.565827 0.323000 0.017328
7 0.645125 0.541801 0.305250 0.020007
7 0.533750 0.516434 0.086000 0.017506
7 0.642750 0.084941 0.323500 0.016613
7 0.261500 0.161040 0.295000 0.024116
7 0.628500 0.201054 0.304000 0.018042
7 0.263125 0.341461 0.301250 0.019829
7 0.273375 0.494820 0.302250 0.016077
7 0.646625 0.836281 0.315250 0.019829
13 0.273250 0.451322 0.342000 0.847267
7 0.278000 0.566274 0.312000 0.016792
7 0.645125 0.470436 0.322750 0.018042
7 0.266375 0.071186 0.305750 0.024116
7 0.263375 0.385852 0.297750 0.017864
7 0.645000 0.493390 0.319000 0.017864
7 0.643750 0.245355 0.321500 0.016256
13 0.657250 0.453466 0.381000 0.848696
7 0.271000 0.517774 0.306000 0.018757
7 0.270875 0.837621 0.294250 0.020364
7 0.264375 0.249553 0.295750 0.021793
7 0.637250 0.312790 0.314000 0.016792
7 0.648750 0.792337 0.328000 0.020186
7 0.659875 0.857003 0.348250 0.021258
7 0.271250 0.428189 0.309500 0.018578
7 0.638375 0.063862 0.316250 0.017685
7 0.276375 0.450875 0.314750 0.018935
7 0.269500 0.363791 0.306500 0.019829
7 0.642500 0.155145 0.335000 0.018399
7 0.277500 0.591283 0.311000 0.017506
7 0.643750 0.636209 0.315500 0.018399
7 0.644250 0.727492 0.316500 0.016256
7 0.276125 0.474009 0.311750 0.018042
7 0.260625 0.049661 0.297750 0.023937
7 0.269875 0.859950 0.300750 0.020364
7 0.274750 0.684441 0.312000 0.016970
7 0.646375 0.748303 0.317750 0.017506
7 0.642625 0.224009 0.321250 0.016077
7 0.274375 0.660950 0.302250 0.017864
7 0.261750 0.228117 0.296000 0.021793
7 0.642000 0.613076 0.313000 0.018578
7 0.272625 0.792426 0.300750 0.020364
7 0.263500 0.092622 0.310000 0.023758
7 0.433500 0.016434 0.083000 0.009289
7 0.267750 0.747767 0.302000 0.019650
7 0.274875 0.541622 0.309750 0.017864
7 0.643625 0.359861 0.326750 0.018399
7 0.275125 0.726509 0.306750 0.020364
7 0.648125 0.447571 0.331750 0.017328
