2 0.117062 0.475460 0.160682 0.912208
7 0.413471 0.522259 0.413877 0.017282
2 0.508622 0.781004 0.930412 0.298631
8 0.507709 0.497097 0.941976 0.955482
7 0.496145 0.606042 0.269629 0.021430
7 0.502840 0.547905 0.280179 0.022674
0 0.419862 0.264482 0.428282 0.462878
2 0.805640 0.477672 0.336377 0.905295
3 0.275208 0.578598 0.169000 0.094567
13 0.422297 0.567745 0.466829 0.125397
7 0.492392 0.577285 0.271860 0.023918
9 0.417935 0.518042 0.440657 0.028481
9 0.502942 0.545140 0.300670 0.033458
