7 0.561453 0.438166 0.175047 0.014201
7 0.564246 0.491272 0.179702 0.013905
7 0.391993 0.672633 0.524209 0.014497
7 0.393622 0.694527 0.514432 0.016864
7 0.388501 0.646154 0.511639 0.013018
8 0.500698 0.502811 0.926909 0.954142
7 0.562151 0.540976 0.170857 0.015680
3 0.178771 0.590680 0.056797 0.019822
9 0.392691 0.615237 0.044227 0.024556
9 0.548650 0.218935 0.028399 0.036095
3 0.379888 0.276331 0.068901 0.026036
7 0.422020 0.592604 0.425047 0.016568
7 0.394553 0.620858 0.519088 0.014497
9 0.353352 0.591568 0.046555 0.031065
10 0.555633 0.304290 0.195065 0.013905
2 0.343808 0.108580 0.625233 0.129586
9 0.614758 0.562426 0.074953 0.029586
2 0.078212 0.484911 0.094041 0.886391
3 0.576117 0.508876 0.053538 0.027811
7 0.601955 0.385799 0.068901 0.014201
3 0.527467 0.248373 0.043762 0.022189
9 0.388734 0.303402 0.121974 0.024556
3 0.593343 0.539793 0.056331 0.025740
3 0.179004 0.735059 0.087989 0.058876
7 0.562384 0.411686 0.175978 0.014497
3 0.597998 0.217308 0.047020 0.023964
7 0.387570 0.253846 0.523743 0.011243
0 0.296555 0.445858 0.336127 0.257396
3 0.439479 0.589645 0.081937 0.021893
7 0.563315 0.517751 0.185289 0.013609
13 0.397114 0.472929 0.555866 0.594970
7 0.324721 0.305473 0.253724 0.015680
7 0.390829 0.279290 0.521881 0.014793
7 0.606145 0.360503 0.074488 0.014497
7 0.426676 0.721598 0.402700 0.017751
7 0.427840 0.749112 0.402235 0.017751
3 0.164804 0.301331 0.059590 0.023964
9 0.473929 0.251331 0.044693 0.025740
7 0.556331 0.568639 0.166667 0.014201
7 0.604283 0.334024 0.067970 0.014201
2 0.356378 0.847189 0.643855 0.157692
7 0.386872 0.197929 0.516760 0.014201
3 0.554004 0.432988 0.066108 0.023964
3 0.456704 0.617604 0.066108 0.022189
3 0.518622 0.355030 0.095903 0.079882
7 0.384777 0.222485 0.515363 0.015385
9 0.615922 0.692012 0.101490 0.028402
7 0.568436 0.465976 0.188082 0.015385
