5 0.556341 0.270865 0.025974 0.025467
7 0.401261 0.273772 0.229947 0.017163
7 0.400497 0.484913 0.236822 0.017578
7 0.644385 0.578685 0.190985 0.017716
7 0.398205 0.321315 0.238732 0.017578
7 0.401261 0.508858 0.239496 0.017578
7 0.369175 0.415017 0.181436 0.017301
7 0.397632 0.438131 0.240642 0.018131
7 0.389228 0.697647 0.223071 0.018131
7 0.399160 0.343737 0.242170 0.017578
7 0.400306 0.461938 0.239878 0.017855
2 0.511173 0.822491 0.745798 0.213287
7 0.637892 0.437785 0.184110 0.018270
7 0.604278 0.532457 0.105424 0.017716
5 0.561497 0.578408 0.025974 0.030173
7 0.512128 0.073426 0.075821 0.011211
7 0.399733 0.556332 0.235676 0.017855
7 0.398969 0.602422 0.241788 0.018131
7 0.633308 0.485813 0.176471 0.018547
1 0.503342 0.157232 0.408900 0.191557
7 0.580596 0.673080 0.059587 0.018824
7 0.401642 0.626782 0.244843 0.017301
2 0.803762 0.482215 0.157181 0.798062
5 0.289152 0.555848 0.016807 0.026298
13 0.399446 0.482145 0.254966 0.456055
7 0.401642 0.296886 0.240260 0.017993
7 0.639801 0.602353 0.177235 0.017993
13 0.644862 0.483322 0.201490 0.451488
5 0.557678 0.436194 0.018335 0.022561
7 0.637892 0.296678 0.177235 0.017301
2 0.200439 0.485606 0.143048 0.800415
7 0.352177 0.532526 0.138273 0.017301
7 0.632353 0.508651 0.166157 0.017716
7 0.397250 0.367958 0.234530 0.017024
7 0.400497 0.672872 0.237968 0.017301
7 0.636364 0.321038 0.174179 0.017578
8 0.509549 0.497578 0.943850 0.956401
7 0.397632 0.579446 0.236822 0.017855
7 0.642857 0.649481 0.187166 0.018131
5 0.282086 0.271280 0.012987 0.018824
7 0.637701 0.274394 0.181436 0.017855
7 0.397059 0.390657 0.237204 0.017301
7 0.634358 0.460761 0.176662 0.016332
7 0.643048 0.625744 0.184492 0.017716
7 0.631589 0.368443 0.168449 0.017716
5 0.283995 0.435225 0.024828 0.024498
7 0.641329 0.344706 0.186402 0.018131
7 0.402215 0.649896 0.241406 0.017578
13 0.510886 0.072941 0.084798 0.019100
