7 0.542803 0.318307 0.478788 0.029884
7 0.536364 0.175791 0.486364 0.027624
7 0.553409 0.210949 0.493939 0.029633
8 0.502273 0.493722 0.952273 0.955299
7 0.493371 0.518960 0.397348 0.031391
7 0.557765 0.383978 0.488258 0.027122
7 0.537121 0.247112 0.462121 0.027624
13 0.551894 0.329859 0.580303 0.429181
7 0.542614 0.449523 0.465530 0.029131
7 0.555871 0.281894 0.504924 0.027875
7 0.547917 0.351708 0.483712 0.027875
7 0.550568 0.484555 0.506439 0.026871
7 0.556061 0.416876 0.466667 0.027624
