2 0.175800 0.538896 0.022475 0.035920
2 0.690040 0.295361 0.021090 0.032020
2 0.175800 0.606630 0.031404 0.035920
2 0.533636 0.264368 0.025400 0.029967
2 0.175877 0.642652 0.028479 0.032020
2 0.529865 0.540846 0.027094 0.039819
2 0.532097 0.299261 0.031558 0.027915
2 0.532097 0.439039 0.028479 0.032020
2 0.175877 0.362172 0.028479 0.042077
2 0.528633 0.614327 0.034483 0.041461
2 0.743150 0.473933 0.025400 0.037767
2 0.531404 0.477935 0.024015 0.033867
2 0.175108 0.221367 0.026940 0.035920
2 0.531404 0.230398 0.024015 0.033867
2 0.527632 0.684524 0.038947 0.048440
2 0.177340 0.500924 0.025554 0.031814
2 0.541872 0.383108 0.053879 0.063834
2 0.185576 0.452997 0.050954 0.067734
2 0.176570 0.259339 0.027094 0.035920
