7 0.465078 0.584442 0.098115 0.014043
7 0.669900 0.213784 0.199834 0.014782
7 0.427384 0.197154 0.202051 0.017369
7 0.425166 0.277254 0.197894 0.020510
7 0.672810 0.395602 0.204823 0.015521
7 0.296910 0.389505 0.013165 0.236881
7 0.670801 0.254342 0.201081 0.015336
13 0.675721 0.411770 0.218958 0.476534
7 0.669346 0.233925 0.200111 0.015152
7 0.672741 0.335089 0.201081 0.014597
5 0.348046 0.297857 0.024806 0.027716
7 0.723115 0.496027 0.105876 0.013858
13 0.817073 0.455007 0.047672 0.138027
7 0.487805 0.463692 0.064302 0.011641
7 0.424612 0.257761 0.201220 0.019956
7 0.675443 0.699464 0.120565 0.026053
13 0.288456 0.385994 0.039773 0.260163
2 0.557511 0.421101 0.016907 0.477827
7 0.715978 0.536308 0.086336 0.013858
2 0.709812 0.155580 0.319568 0.036216
9 0.489468 0.420916 0.018293 0.023282
0 0.620635 0.542591 0.103520 0.197894
7 0.743556 0.575665 0.067766 0.014228
7 0.723947 0.475979 0.102550 0.013673
7 0.677176 0.437084 0.211890 0.008684
7 0.814302 0.455746 0.042129 0.118071
5 0.715008 0.533629 0.016491 0.022912
5 0.466256 0.262103 0.030904 0.029379
7 0.672187 0.354860 0.203298 0.016075
13 0.678215 0.697894 0.126386 0.037324
7 0.420593 0.420639 0.199834 0.020880
9 0.740507 0.530303 0.038387 0.017738
5 0.434659 0.476349 0.038941 0.055432
5 0.330723 0.335551 0.031735 0.034368
7 0.425166 0.218958 0.203714 0.018477
2 0.385186 0.143939 0.313054 0.041759
7 0.671563 0.314671 0.201774 0.015521
7 0.468889 0.501478 0.101025 0.014043
7 0.721522 0.455562 0.097977 0.014228
7 0.723254 0.516075 0.100333 0.015152
7 0.426275 0.316888 0.200942 0.019956
7 0.463137 0.643847 0.101441 0.015336
7 0.726025 0.596175 0.106984 0.013858
7 0.420870 0.400037 0.200388 0.020325
7 0.670524 0.416112 0.208841 0.014782
9 0.718889 0.431356 0.015105 0.020140
0 0.364329 0.546563 0.098670 0.197709
7 0.423365 0.297949 0.197894 0.020510
5 0.689994 0.561992 0.041020 0.041944
7 0.468196 0.522727 0.104351 0.014782
8 0.729975 0.484479 0.383453 0.779749
7 0.670039 0.192812 0.202882 0.016075
7 0.466948 0.563008 0.102688 0.013304
9 0.609618 0.371305 0.014967 0.024575
7 0.742170 0.555248 0.073586 0.015521
7 0.670177 0.295085 0.199279 0.015152
2 0.829268 0.466279 0.100610 0.658352
7 0.423018 0.358463 0.197755 0.017369
9 0.457386 0.358555 0.015937 0.025684
7 0.424889 0.236789 0.203714 0.019401
7 0.433065 0.338415 0.180710 0.019771
7 0.420940 0.440041 0.199972 0.016445
7 0.462791 0.626293 0.100194 0.015706
13 0.422810 0.404564 0.217018 0.501663
7 0.671147 0.274205 0.202605 0.015521
7 0.466948 0.542868 0.100748 0.014043
1 0.260740 0.455285 0.108509 0.662971
7 0.426968 0.178307 0.202051 0.017369
7 0.422949 0.378695 0.201497 0.019032
5 0.365784 0.236789 0.028409 0.031596
7 0.726095 0.616870 0.107677 0.014228
8 0.350956 0.477919 0.383453 0.789911
7 0.465493 0.604120 0.101164 0.015336
2 0.669970 0.731707 0.224085 0.145972
7 0.673226 0.375277 0.202882 0.015521
7 0.482885 0.482446 0.070538 0.014043
5 0.433966 0.201312 0.019540 0.033814
7 0.724848 0.637195 0.107400 0.014228
7 0.282705 0.393016 0.013581 0.231707
1 0.369110 0.724039 0.325249 0.128418
