10 0.773168 0.096470 0.129464 0.015189
7 0.709052 0.533867 0.258929 0.022167
7 0.357451 0.690784 0.270320 0.017857
7 0.356450 0.368432 0.272937 0.017241
10 0.824815 0.142652 0.046182 0.011084
7 0.689886 0.305624 0.297260 0.023810
2 0.883698 0.471367 0.074661 0.780172
3 0.204433 0.554392 0.025862 0.029967
3 0.205896 0.368534 0.024477 0.022783
10 0.408867 0.718391 0.178879 0.017241
7 0.341287 0.093596 0.300493 0.018473
7 0.299954 0.668206 0.212284 0.017857
3 0.553417 0.346367 0.026170 0.029762
3 0.206435 0.135468 0.026478 0.025452
2 0.143781 0.465209 0.070813 0.777709
7 0.358374 0.507902 0.274323 0.017036
10 0.828895 0.467057 0.017395 0.010468
10 0.411638 0.551211 0.018781 0.021141
7 0.333051 0.113814 0.280942 0.018678
7 0.650862 0.324097 0.218596 0.022167
3 0.558421 0.699405 0.038331 0.051929
7 0.705434 0.236761 0.271398 0.023194
7 0.707743 0.716851 0.259698 0.021141
7 0.692426 0.213157 0.299261 0.023194
3 0.205357 0.460386 0.029557 0.025862
7 0.701047 0.486453 0.280172 0.022989
3 0.206743 0.505747 0.025862 0.028325
8 0.736453 0.492508 0.417488 0.892241
13 0.344135 0.461412 0.318812 0.785304
9 0.202201 0.180213 0.023861 0.025041
7 0.357066 0.553982 0.273553 0.011084
7 0.357913 0.301211 0.268473 0.017036
3 0.323969 0.643062 0.022321 0.026683
7 0.360068 0.785920 0.265086 0.018062
3 0.207435 0.782841 0.025092 0.024220
7 0.707512 0.693452 0.258929 0.025246
7 0.363916 0.574097 0.254310 0.017241
7 0.688424 0.739429 0.298337 0.024836
7 0.679803 0.462849 0.279557 0.023810
3 0.559190 0.114737 0.025092 0.027915
7 0.706127 0.117713 0.268473 0.023194
3 0.552956 0.436576 0.031712 0.026683
7 0.357682 0.136700 0.275092 0.018062
3 0.211515 0.216133 0.040640 0.046798
3 0.558267 0.160099 0.024169 0.027504
3 0.206897 0.692631 0.028633 0.024836
7 0.703664 0.443452 0.269704 0.023194
7 0.685037 0.764778 0.292796 0.027504
7 0.689655 0.603961 0.296798 0.024836
3 0.213901 0.590004 0.043873 0.052340
10 0.798876 0.329639 0.074969 0.012726
7 0.687115 0.809934 0.298183 0.029557
3 0.617688 0.185961 0.024169 0.024631
7 0.691733 0.189655 0.297568 0.023810
7 0.621613 0.092467 0.153633 0.020320
9 0.459206 0.549364 0.071736 0.030172
3 0.550185 0.481630 0.020320 0.026067
3 0.558421 0.404044 0.041718 0.049877
9 0.458744 0.180521 0.068658 0.031814
13 0.692888 0.468288 0.313424 0.806445
10 0.403787 0.394294 0.164409 0.015189
7 0.302571 0.482040 0.217518 0.017447
3 0.206589 0.412356 0.027709 0.025452
7 0.709744 0.556137 0.260006 0.022373
7 0.254849 0.390394 0.122691 0.017241
3 0.557343 0.276683 0.022014 0.023399
9 0.653248 0.783662 0.022937 0.029146
7 0.701817 0.788690 0.270320 0.024836
8 0.303110 0.493740 0.423030 0.894704
9 0.825431 0.579536 0.023399 0.028941
7 0.354834 0.463054 0.274631 0.017652
7 0.689732 0.509339 0.299723 0.024836
3 0.597983 0.299158 0.026016 0.028941
7 0.343750 0.181856 0.299261 0.019294
7 0.342595 0.324610 0.297568 0.017857
10 0.399323 0.805008 0.164409 0.013547
7 0.305111 0.598009 0.138547 0.018268
10 0.413023 0.183498 0.016010 0.016010
9 0.804572 0.371100 0.070043 0.027915
9 0.772475 0.833744 0.019704 0.029146
7 0.761469 0.858477 0.027555 0.017447
7 0.356527 0.739429 0.271552 0.017857
7 0.363300 0.208949 0.257081 0.017652
7 0.343365 0.647783 0.295413 0.017241
7 0.294027 0.229577 0.120690 0.017036
10 0.768088 0.259339 0.140856 0.016215
10 0.778941 0.422722 0.110837 0.018678
3 0.202740 0.621100 0.022167 0.024631
7 0.249615 0.274836 0.113762 0.017652
7 0.704203 0.350985 0.272014 0.022989
10 0.387931 0.437603 0.203818 0.019294
7 0.253541 0.805829 0.117303 0.017652
9 0.812500 0.669130 0.054187 0.027915
10 0.556034 0.779454 0.013239 0.017036
7 0.615841 0.257492 0.146706 0.019089
7 0.706743 0.163998 0.270936 0.024220
3 0.634544 0.369766 0.020012 0.025657
10 0.424184 0.231630 0.135006 0.016215
7 0.342288 0.162972 0.301570 0.017652
3 0.298260 0.551211 0.025400 0.028941
3 0.207666 0.735222 0.025246 0.025041
7 0.316118 0.345956 0.250154 0.017036
7 0.689424 0.649733 0.297568 0.024836
10 0.465825 0.346367 0.046798 0.013752
3 0.204433 0.830973 0.022475 0.030993
9 0.791256 0.600677 0.033251 0.028941
9 0.603910 0.484811 0.023399 0.026683
7 0.238993 0.436063 0.090055 0.018268
3 0.299415 0.091338 0.026170 0.028325
3 0.204126 0.247947 0.024323 0.028325
7 0.641395 0.418719 0.121767 0.019704
7 0.689039 0.626437 0.298030 0.025452
7 0.703895 0.280788 0.269858 0.024220
7 0.355065 0.830768 0.276016 0.019499
7 0.354064 0.624384 0.275862 0.018062
7 0.710052 0.397065 0.260006 0.018678
9 0.814116 0.809319 0.036484 0.025041
7 0.690887 0.373666 0.298030 0.023604
7 0.256158 0.713567 0.123153 0.017447
7 0.356758 0.255131 0.275708 0.017241
10 0.432805 0.599856 0.109452 0.022373
7 0.356989 0.415538 0.270936 0.017447
10 0.450046 0.669643 0.074661 0.014573
3 0.559113 0.538588 0.038485 0.045567
10 0.449507 0.484503 0.068042 0.017036
9 0.817580 0.510673 0.045874 0.031199
7 0.341980 0.759134 0.293257 0.018268
10 0.400862 0.279146 0.185653 0.016010
7 0.686576 0.834770 0.297414 0.025041
7 0.689809 0.669540 0.300493 0.026273
7 0.689116 0.579741 0.300031 0.026067
7 0.672568 0.142139 0.257697 0.017447
3 0.207358 0.298440 0.028017 0.026273
7 0.330357 0.528736 0.274323 0.018062
3 0.557112 0.229269 0.024323 0.026683
