10 0.692004 0.379342 0.033675 0.015891
7 0.673503 0.328344 0.065687 0.018477
8 0.318528 0.511364 0.341602 0.716741
7 0.386641 0.305432 0.134978 0.019586
7 0.632483 0.625831 0.139690 0.018477
2 0.762819 0.486881 0.084396 0.627864
7 0.644401 0.544808 0.123614 0.018662
7 0.600748 0.461197 0.071785 0.015152
3 0.298295 0.352458 0.037555 0.027531
7 0.370080 0.575388 0.179462 0.019586
7 0.369318 0.328067 0.179047 0.019032
9 0.444498 0.569475 0.040604 0.026238
7 0.393778 0.464985 0.147034 0.015706
2 0.648559 0.724778 0.307650 0.149113
7 0.690064 0.408721 0.031458 0.009239
7 0.369457 0.601996 0.178215 0.021803
7 0.375693 0.494919 0.187916 0.019032
3 0.543514 0.485495 0.032428 0.024205
3 0.684174 0.514043 0.015521 0.025868
3 0.297118 0.462214 0.044069 0.029379
7 0.672810 0.298041 0.065410 0.018477
7 0.396965 0.545732 0.143986 0.020510
3 0.300443 0.406874 0.036308 0.025868
7 0.354490 0.519401 0.148559 0.016260
9 0.635116 0.489468 0.024390 0.024021
10 0.446854 0.520140 0.033675 0.017369
7 0.635186 0.489375 0.141491 0.018293
3 0.542614 0.622321 0.036170 0.032890
2 0.228659 0.447062 0.091186 0.391907
3 0.301067 0.542591 0.045316 0.027531
7 0.352827 0.381467 0.143293 0.019032
8 0.669623 0.511456 0.352550 0.709534
7 0.671771 0.354120 0.064163 0.019032
7 0.611558 0.597191 0.167960 0.011826
7 0.309798 0.273928 0.060283 0.018662
9 0.684382 0.297302 0.050028 0.026238
13 0.374307 0.453344 0.197339 0.397450
3 0.551899 0.527254 0.056957 0.054878
3 0.544138 0.459165 0.038941 0.025129
13 0.620635 0.452421 0.194706 0.391907
9 0.687084 0.268385 0.031596 0.028640
7 0.317697 0.435329 0.074418 0.018108
7 0.618140 0.569937 0.182788 0.020140
10 0.409922 0.435421 0.107539 0.013858
4 0.581693 0.338692 0.114052 0.165928
3 0.298434 0.299797 0.037555 0.029379
2 0.505543 0.486604 0.024667 0.617701
2 0.651261 0.211567 0.307511 0.075388
7 0.393431 0.356615 0.149945 0.018847
7 0.370358 0.631005 0.180017 0.018477
10 0.402578 0.273836 0.122228 0.015521
7 0.393016 0.410384 0.145787 0.019956
10 0.673780 0.463877 0.070122 0.019032
9 0.667059 0.514135 0.025083 0.034922
7 0.647034 0.518939 0.127217 0.010163
7 0.655003 0.380081 0.032844 0.009608
7 0.670940 0.273097 0.058897 0.009608
3 0.655834 0.405950 0.033398 0.028455
9 0.448448 0.600055 0.023282 0.031966
7 0.622921 0.435144 0.185698 0.019586
10 0.443528 0.381559 0.035061 0.015521
