3 0.446829 0.281122 0.089756 0.039116
3 0.250732 0.589456 0.083902 0.036735
3 0.432195 0.418707 0.078049 0.038095
7 0.423659 0.215476 0.510732 0.026190
7 0.436341 0.662925 0.537073 0.027891
3 0.206585 0.418197 0.071707 0.028231
13 0.430732 0.419558 0.552195 0.528912
7 0.438780 0.252551 0.535122 0.024830
3 0.589268 0.247619 0.083902 0.042177
3 0.221463 0.470068 0.135610 0.070748
3 0.361707 0.661565 0.089268 0.043537
3 0.558293 0.521088 0.072683 0.031293
7 0.490000 0.388605 0.391707 0.022789
7 0.414146 0.286054 0.509268 0.023810
9 0.262683 0.660374 0.083415 0.039796
9 0.661707 0.209524 0.042439 0.037415
7 0.426585 0.562755 0.525366 0.024830
7 0.435122 0.527891 0.540488 0.023810
3 0.591707 0.174660 0.077073 0.036395
9 0.582195 0.311905 0.201463 0.038776
3 0.526098 0.485714 0.080488 0.039456
9 0.496585 0.245408 0.070244 0.039796
7 0.418293 0.597449 0.508780 0.022789
7 0.422195 0.631463 0.513659 0.022789
9 0.431707 0.623129 0.051707 0.040136
7 0.486829 0.353741 0.380488 0.023129
7 0.422927 0.422619 0.506341 0.027551
7 0.422927 0.319898 0.512195 0.024830
7 0.496585 0.457993 0.401951 0.024830
7 0.428537 0.181633 0.532195 0.023810
8 0.488537 0.496088 0.930244 0.941156
9 0.651707 0.415476 0.051707 0.042517
3 0.218780 0.364626 0.163415 0.074830
7 0.491951 0.492857 0.405366 0.023810
