2 0.221037 0.340909 0.037971 0.032890
2 0.223808 0.239745 0.036031 0.037879
2 0.222838 0.375000 0.034091 0.031227
2 0.598323 0.344605 0.034229 0.030303
1 0.282012 0.760717 0.371120 0.143755
1 0.744873 0.178769 0.346175 0.096637
2 0.220067 0.602550 0.039911 0.035477
1 0.733370 0.776053 0.358647 0.131929
2 0.220067 0.473577 0.036031 0.035477
2 0.598392 0.243810 0.037971 0.032705
2 0.598323 0.375000 0.030349 0.030488
2 0.599293 0.276423 0.032289 0.030303
2 0.218126 0.538064 0.039911 0.032890
1 0.146064 0.478843 0.100887 0.707502
2 0.597422 0.407890 0.036031 0.025314
1 0.287278 0.177661 0.353381 0.098854
2 0.599363 0.685976 0.059035 0.064486
1 0.873822 0.485126 0.091879 0.713784
2 0.219096 0.636641 0.041851 0.022727
2 0.603589 0.489283 0.071646 0.064671
2 0.221937 0.673319 0.039773 0.030303
2 0.220067 0.409091 0.032151 0.027716
