8 0.720135 0.491277 0.453202 0.881568
2 0.692965 0.713978 0.369304 0.150862
13 0.667026 0.570094 0.227833 0.109401
0 0.651478 0.300800 0.236453 0.424672
7 0.713670 0.582512 0.067426 0.020936
2 0.522937 0.452176 0.056958 0.683498
10 0.745228 0.607451 0.069889 0.025246
2 0.818581 0.437192 0.107913 0.683498
3 0.602371 0.558600 0.093288 0.076970
3 0.663639 0.582102 0.027709 0.029967
3 0.568735 0.617816 0.032789 0.027504
10 0.760699 0.576457 0.025092 0.020731
8 0.278710 0.496408 0.431496 0.903325
7 0.710206 0.531096 0.114378 0.024836
7 0.708975 0.554495 0.108836 0.024015
7 0.645012 0.611043 0.123153 0.018883
