7 0.438288 0.421888 0.645483 0.053702
3 0.138393 0.823637 0.078256 0.067941
7 0.437500 0.255899 0.649160 0.051261
7 0.453256 0.828519 0.702731 0.048413
7 0.449055 0.309601 0.674370 0.049634
7 0.443277 0.143206 0.661765 0.054516
7 0.342437 0.768714 0.447479 0.046786
7 0.443277 0.711758 0.662815 0.045159
7 0.449580 0.367372 0.673319 0.048820
7 0.459296 0.483727 0.690651 0.047193
7 0.446429 0.657038 0.681723 0.047193
7 0.446954 0.198129 0.660714 0.052889
8 0.498687 0.504068 0.963761 0.974776
9 0.498424 0.829943 0.638655 0.066721
10 0.670168 0.765256 0.255252 0.041497
7 0.432511 0.598454 0.639181 0.048820
7 0.434349 0.543938 0.650210 0.043124
7 0.440389 0.083198 0.670693 0.057364
13 0.451155 0.462571 0.727941 0.831570
