9 0.398322 0.662151 0.018319 0.031199
7 0.686961 0.374897 0.288331 0.020320
3 0.635314 0.470238 0.034175 0.044335
8 0.291102 0.498768 0.423337 0.865353
7 0.329126 0.305727 0.298953 0.028530
9 0.327432 0.211720 0.040025 0.040025
7 0.690502 0.343391 0.295105 0.017241
7 0.326970 0.214286 0.301108 0.024220
7 0.347445 0.405993 0.244150 0.026683
7 0.694504 0.699507 0.312962 0.023399
7 0.319812 0.572352 0.311422 0.027299
7 0.307420 0.668411 0.288793 0.021141
8 0.724677 0.507287 0.421644 0.873358
9 0.774861 0.698173 0.031866 0.046182
13 0.700739 0.419540 0.320813 0.624795
7 0.350369 0.477011 0.253387 0.027915
3 0.573353 0.160714 0.055573 0.073071
7 0.350292 0.370177 0.244612 0.023194
3 0.197891 0.457102 0.050339 0.073071
9 0.456127 0.335796 0.078202 0.041461
7 0.693504 0.277401 0.298953 0.019910
3 0.198353 0.386494 0.053110 0.082102
7 0.694042 0.635365 0.307728 0.024015
7 0.316118 0.603448 0.294181 0.020525
7 0.712284 0.472599 0.240764 0.024015
7 0.318350 0.696942 0.299877 0.021962
7 0.715671 0.505131 0.253387 0.030788
3 0.267164 0.401888 0.033405 0.046798
7 0.328356 0.246305 0.303879 0.025452
9 0.397937 0.630439 0.032635 0.036741
7 0.352909 0.439860 0.252001 0.022578
7 0.722445 0.533867 0.257081 0.023399
9 0.810114 0.406507 0.082974 0.042488
7 0.331204 0.338157 0.314809 0.021962
3 0.565656 0.452073 0.048799 0.069581
7 0.317734 0.635981 0.300800 0.026478
7 0.694812 0.566400 0.308344 0.025657
7 0.323430 0.542282 0.310037 0.019294
7 0.686115 0.667590 0.295259 0.026888
9 0.388701 0.695608 0.169335 0.037767
7 0.694042 0.244561 0.304341 0.021141
7 0.328125 0.145628 0.299107 0.030993
3 0.368534 0.214901 0.039409 0.046798
7 0.722599 0.439860 0.259544 0.019294
7 0.693504 0.407430 0.305419 0.019704
7 0.691810 0.212028 0.298030 0.018883
7 0.725985 0.179085 0.249076 0.020320
7 0.327817 0.275144 0.309267 0.024425
13 0.323584 0.419438 0.327586 0.618021
7 0.322891 0.508415 0.308959 0.027504
7 0.726139 0.146654 0.250616 0.021962
3 0.565194 0.518165 0.051262 0.062603
7 0.687500 0.309832 0.288177 0.024015
7 0.329972 0.182882 0.300647 0.025862
7 0.686884 0.600780 0.304187 0.025862
