7 0.329895 0.566400 0.221367 0.019499
8 0.722599 0.478448 0.443350 0.854680
7 0.326509 0.418103 0.216133 0.018062
13 0.669027 0.422106 0.242919 0.485837
7 0.329126 0.467570 0.222599 0.018473
7 0.327509 0.443350 0.215363 0.018883
7 0.660868 0.548440 0.209360 0.025452
7 0.663562 0.349959 0.214132 0.026683
7 0.330819 0.517960 0.223214 0.019499
7 0.325431 0.292282 0.215209 0.019704
7 0.329895 0.592570 0.220135 0.019294
7 0.667873 0.250616 0.217211 0.027915
7 0.666564 0.498255 0.220135 0.025657
8 0.278556 0.477525 0.444735 0.852833
7 0.667796 0.274220 0.219828 0.027094
7 0.671182 0.225780 0.223214 0.027915
13 0.330742 0.413485 0.247075 0.490353
7 0.669797 0.200123 0.220751 0.028325
7 0.662792 0.571531 0.217211 0.025246
7 0.332512 0.639881 0.223214 0.018268
7 0.668103 0.374589 0.223214 0.025452
7 0.328356 0.368124 0.224138 0.018678
7 0.662869 0.473625 0.212746 0.026888
7 0.668411 0.300493 0.220751 0.026683
7 0.326509 0.220649 0.214594 0.020115
7 0.327894 0.494150 0.221367 0.019499
7 0.663947 0.595238 0.220751 0.025862
7 0.326509 0.342262 0.218904 0.020320
7 0.665025 0.450021 0.217057 0.025657
7 0.328510 0.268781 0.220443 0.020320
7 0.662254 0.425595 0.213054 0.025657
7 0.327740 0.245177 0.217365 0.020731
7 0.331512 0.542488 0.221829 0.018473
7 0.325123 0.194376 0.217365 0.020936
7 0.615302 0.642344 0.130850 0.018268
7 0.662100 0.620792 0.220443 0.026067
7 0.326047 0.319479 0.216749 0.018678
7 0.330126 0.616277 0.221213 0.018678
7 0.664255 0.523296 0.218288 0.026478
7 0.326355 0.392755 0.216441 0.018678
7 0.666949 0.326970 0.220905 0.028736
7 0.666564 0.401580 0.220135 0.025246
