7 0.384669 0.517070 0.472836 0.028554
2 0.568370 0.125854 0.622007 0.115146
7 0.340470 0.450031 0.382597 0.026071
13 0.382827 0.464463 0.523481 0.563935
7 0.395488 0.625543 0.488029 0.027623
7 0.383517 0.554469 0.474217 0.028864
2 0.763582 0.530261 0.286832 0.737741
7 0.291436 0.241465 0.288214 0.028554
7 0.352210 0.697238 0.412523 0.025760
7 0.397790 0.416822 0.488950 0.027312
7 0.370626 0.206083 0.458564 0.028554
8 0.500230 0.502017 0.938766 0.959963
7 0.352210 0.347145 0.405157 0.028243
7 0.353591 0.731533 0.416206 0.025450
7 0.383748 0.276536 0.467311 0.029174
7 0.381906 0.311297 0.468232 0.029174
7 0.386971 0.661390 0.473757 0.027312
7 0.394107 0.382061 0.497238 0.027933
2 0.586326 0.825574 0.645028 0.147114
7 0.346915 0.484171 0.386280 0.026691
7 0.348527 0.589385 0.414365 0.026071
