13 0.430493 0.394264 0.484305 0.438148
7 0.436223 0.235660 0.464873 0.026261
1 0.174141 0.724603 0.249626 0.229440
7 0.425760 0.379406 0.437967 0.026952
7 0.435725 0.414824 0.462880 0.026607
1 0.799203 0.735487 0.233184 0.218728
7 0.430742 0.588977 0.440957 0.023151
2 0.460389 0.734278 0.428500 0.228058
7 0.435725 0.307187 0.467862 0.026261
2 0.485052 0.104699 0.431988 0.127160
2 0.797459 0.440739 0.239661 0.361092
1 0.159442 0.105909 0.210264 0.124741
8 0.504983 0.499827 0.954160 0.976849
1 0.804933 0.148238 0.211759 0.212163
9 0.432237 0.584485 0.469856 0.052868
7 0.430493 0.200760 0.462382 0.027643
7 0.428251 0.271251 0.443946 0.028334
2 0.120578 0.390463 0.132536 0.427782
7 0.435476 0.344160 0.461385 0.026952
