7 0.344828 0.290230 0.193966 0.022578
7 0.344289 0.349035 0.198738 0.022783
8 0.290256 0.494971 0.393319 0.838054
3 0.274938 0.507697 0.072968 0.063013
7 0.341980 0.439347 0.199046 0.024836
7 0.343519 0.260365 0.194735 0.023604
7 0.651863 0.314655 0.211977 0.025452
7 0.647706 0.490866 0.198738 0.026067
8 0.690425 0.493945 0.399631 0.833128
7 0.649784 0.285817 0.199815 0.025246
9 0.733451 0.604372 0.023553 0.038793
13 0.345828 0.416461 0.226447 0.441708
7 0.342595 0.380234 0.202124 0.021141
9 0.705049 0.574815 0.024938 0.035099
7 0.653017 0.518781 0.202278 0.027299
9 0.250924 0.401170 0.027709 0.042488
7 0.341903 0.407943 0.202278 0.022373
7 0.651324 0.610222 0.195813 0.023399
9 0.649015 0.395628 0.197968 0.042488
7 0.344135 0.555419 0.194119 0.022578
7 0.337900 0.586515 0.187500 0.025246
7 0.652325 0.256363 0.204587 0.027504
7 0.346059 0.615661 0.209975 0.027709
7 0.652401 0.372947 0.208744 0.027094
7 0.649477 0.402607 0.201355 0.025657
7 0.373922 0.525965 0.132081 0.020320
7 0.651016 0.343493 0.202278 0.028120
7 0.651632 0.431856 0.199200 0.025041
7 0.378695 0.497229 0.137315 0.023194
7 0.340671 0.320608 0.191195 0.022989
7 0.651863 0.580870 0.204895 0.022578
9 0.288331 0.433498 0.024938 0.036946
7 0.343442 0.469520 0.203818 0.021141
7 0.646398 0.227935 0.200431 0.025657
7 0.343904 0.230911 0.203202 0.023810
13 0.649938 0.415538 0.222599 0.426724
7 0.651247 0.549261 0.207050 0.023399
7 0.649784 0.462233 0.199200 0.025041
