10 0.845487 0.677946 0.075912 0.024115
7 0.575613 0.652470 0.608488 0.016725
7 0.604304 0.153248 0.505678 0.020226
7 0.571429 0.711007 0.597729 0.018670
9 0.838314 0.259238 0.049611 0.035395
7 0.591751 0.480941 0.553497 0.016725
3 0.316198 0.397511 0.105200 0.034228
7 0.561566 0.374951 0.585176 0.019448
7 0.553497 0.204979 0.582188 0.021004
3 0.314106 0.342863 0.096234 0.038506
7 0.616557 0.260988 0.485953 0.023337
9 0.789600 0.146441 0.156605 0.033839
3 0.316198 0.482886 0.087268 0.028394
7 0.565750 0.233178 0.593545 0.022170
3 0.310819 0.706534 0.076509 0.029949
7 0.604901 0.344807 0.511656 0.018281
3 0.307233 0.148191 0.100418 0.035784
7 0.563658 0.429794 0.590556 0.021004
7 0.432457 0.598211 0.318589 0.020226
3 0.315003 0.565150 0.098027 0.031116
7 0.558279 0.175613 0.589360 0.019837
7 0.564555 0.312719 0.594740 0.021004
10 0.776748 0.450019 0.213389 0.025671
7 0.567244 0.402178 0.590556 0.021781
3 0.326061 0.273240 0.128512 0.055620
13 0.570532 0.430766 0.648536 0.600933
7 0.519725 0.455270 0.506276 0.019837
7 0.567543 0.288409 0.607890 0.022948
7 0.616856 0.623687 0.518828 0.016725
3 0.312911 0.622715 0.085475 0.032672
10 0.700239 0.535200 0.371189 0.017114
9 0.699044 0.230650 0.047221 0.028005
10 0.745069 0.596266 0.273162 0.017114
10 0.759115 0.307273 0.200837 0.024115
7 0.416318 0.540451 0.291094 0.015947
7 0.571727 0.678724 0.610281 0.017114
7 0.570831 0.512252 0.607292 0.019448
7 0.567244 0.567289 0.598924 0.017503
8 0.495218 0.500583 0.973700 0.978608
