3 0.545403 0.460970 0.035508 0.024072
10 0.655829 0.202029 0.092389 0.020977
10 0.450243 0.293587 0.051227 0.015303
7 0.415526 0.316970 0.157300 0.018054
7 0.645313 0.247851 0.151872 0.018054
7 0.419428 0.655175 0.151532 0.020461
7 0.396981 0.417813 0.184666 0.020977
9 0.677033 0.484182 0.054733 0.018913
7 0.613367 0.436296 0.091598 0.021492
10 0.448377 0.555450 0.058125 0.018741
3 0.549305 0.200567 0.035395 0.025963
10 0.449904 0.439563 0.057786 0.015303
7 0.621339 0.627149 0.188963 0.022180
7 0.397094 0.227218 0.184892 0.017710
7 0.638923 0.463721 0.144973 0.018569
3 0.549361 0.246389 0.032794 0.022008
7 0.646500 0.223865 0.151985 0.018913
7 0.646500 0.512981 0.130273 0.018398
10 0.656395 0.246733 0.093520 0.019257
10 0.463191 0.341902 0.026688 0.028370
7 0.398733 0.251805 0.187493 0.019429
2 0.256587 0.435007 0.080063 0.511004
7 0.399073 0.342417 0.187945 0.018398
7 0.641694 0.315853 0.151872 0.018913
3 0.549361 0.659646 0.053828 0.057944
7 0.606751 0.417211 0.080629 0.018398
7 0.398507 0.602648 0.190659 0.018226
3 0.323533 0.652596 0.032794 0.028026
10 0.415074 0.625946 0.132421 0.023212
7 0.648592 0.533270 0.129933 0.019773
3 0.321610 0.271406 0.034151 0.028026
8 0.676693 0.495959 0.329526 0.844395
10 0.655264 0.223951 0.095782 0.019429
7 0.418071 0.273040 0.158091 0.017538
7 0.395171 0.485385 0.182630 0.022696
7 0.616307 0.557858 0.180708 0.021836
7 0.399751 0.556052 0.192242 0.019257
3 0.320253 0.366145 0.031437 0.025963
7 0.398394 0.680365 0.194278 0.022008
7 0.616929 0.604109 0.180595 0.022524
7 0.401504 0.510230 0.193260 0.017366
10 0.423951 0.250344 0.098157 0.023040
3 0.548626 0.223521 0.036752 0.019945
3 0.320253 0.316283 0.028949 0.025963
3 0.547382 0.411107 0.036752 0.027854
7 0.624109 0.343449 0.191338 0.018054
7 0.645595 0.200395 0.152889 0.018398
10 0.409703 0.677957 0.141129 0.024759
10 0.680651 0.414890 0.068076 0.027166
3 0.546704 0.314219 0.035395 0.025963
7 0.416375 0.532153 0.159674 0.025791
7 0.621961 0.483752 0.183648 0.018741
7 0.412417 0.461228 0.147461 0.020117
2 0.766425 0.442056 0.092163 0.513067
7 0.645878 0.269859 0.153455 0.018398
7 0.408741 0.578061 0.146896 0.018569
7 0.400090 0.441369 0.186814 0.021664
7 0.620378 0.392452 0.185005 0.021836
9 0.637906 0.650017 0.055411 0.022180
13 0.622866 0.438016 0.190433 0.512895
7 0.394267 0.206843 0.180595 0.017538
3 0.546025 0.436039 0.036752 0.025791
7 0.392910 0.393999 0.177428 0.019429
10 0.686475 0.438532 0.058917 0.016678
7 0.398960 0.628353 0.189981 0.022868
13 0.399695 0.439047 0.198236 0.510832
3 0.552584 0.517882 0.057786 0.053989
3 0.320932 0.465010 0.032794 0.028026
8 0.338629 0.496905 0.330770 0.846286
3 0.546704 0.365199 0.035395 0.027854
7 0.411625 0.370358 0.150401 0.018226
7 0.622922 0.651565 0.094651 0.020805
7 0.622922 0.581241 0.190320 0.021492
7 0.642429 0.367349 0.151985 0.018398
3 0.548626 0.272352 0.036752 0.022008
7 0.646952 0.679247 0.138415 0.019773
7 0.626258 0.294017 0.194730 0.017194
7 0.396924 0.294532 0.184553 0.018913
3 0.321554 0.578748 0.028836 0.027854
3 0.320932 0.533786 0.032794 0.025963
