7 0.324695 0.441334 0.230044 0.024575
7 0.333703 0.383869 0.189024 0.023466
3 0.212237 0.317166 0.052245 0.047487
7 0.323032 0.560976 0.228659 0.024390
3 0.607677 0.458703 0.061807 0.047487
7 0.327605 0.814948 0.056264 0.029379
10 0.806957 0.421009 0.075665 0.032336
7 0.357816 0.678769 0.187084 0.022727
3 0.216602 0.378603 0.060976 0.049889
10 0.808204 0.274852 0.055710 0.037140
7 0.733509 0.456486 0.202051 0.025684
7 0.336613 0.324002 0.212029 0.024205
7 0.733024 0.251571 0.198309 0.023836
7 0.322963 0.530857 0.217711 0.025499
7 0.654795 0.517092 0.086197 0.025314
7 0.326220 0.590262 0.198448 0.025314
7 0.691450 0.428677 0.165327 0.026238
10 0.788664 0.564856 0.117517 0.034738
8 0.297741 0.511364 0.421147 0.799150
2 0.234825 0.785292 0.278409 0.155580
7 0.668999 0.576497 0.115992 0.025868
13 0.327397 0.811438 0.061114 0.028640
3 0.217433 0.606061 0.099224 0.196231
10 0.409715 0.348485 0.073032 0.033629
7 0.642461 0.662602 0.059590 0.023651
3 0.615022 0.604305 0.055710 0.044161
7 0.729074 0.631098 0.240854 0.029379
3 0.609825 0.314302 0.066103 0.043976
7 0.305086 0.354305 0.180571 0.025684
7 0.690133 0.286031 0.167960 0.026977
10 0.760809 0.366500 0.157428 0.034922
7 0.325388 0.290650 0.236419 0.018108
7 0.349501 0.649205 0.179601 0.024205
7 0.649044 0.373429 0.077744 0.024760
8 0.725125 0.510347 0.428908 0.798226
7 0.337514 0.264782 0.192489 0.024021
13 0.320538 0.462768 0.298503 0.485033
13 0.729490 0.459350 0.310698 0.501109
7 0.338484 0.501478 0.198309 0.022173
7 0.738082 0.601072 0.204545 0.026608
3 0.609410 0.249908 0.058343 0.056726
7 0.714246 0.340909 0.218404 0.028086
3 0.610310 0.546286 0.063470 0.046378
7 0.322339 0.471452 0.221175 0.024575
10 0.778201 0.506837 0.148697 0.034738
10 0.763442 0.660015 0.169623 0.039542
7 0.737112 0.540558 0.202605 0.027162
7 0.731430 0.310883 0.194290 0.026792
7 0.737597 0.400129 0.194983 0.026792
7 0.312777 0.620381 0.201497 0.021619
3 0.222215 0.495288 0.040881 0.039357
7 0.721591 0.487251 0.228659 0.029933
2 0.144748 0.599039 0.096591 0.534738
3 0.618972 0.400129 0.047810 0.048596
3 0.216117 0.258684 0.047810 0.041759
7 0.318667 0.412694 0.243764 0.022358
