2 0.229053 0.648259 0.039379 0.039173
2 0.297528 0.621464 0.022315 0.019314
2 0.585430 0.253400 0.043317 0.045430
1 0.162218 0.458923 0.083789 0.718716
1 0.539597 0.409820 0.045723 0.581338
1 0.481405 0.461915 0.035222 0.704570
1 0.722818 0.142410 0.370160 0.050326
1 0.308904 0.746328 0.377160 0.135745
1 0.702472 0.702394 0.362722 0.058215
2 0.579632 0.465724 0.048348 0.042437
1 0.854736 0.433079 0.107198 0.597933
0 0.331437 0.328210 0.252024 0.449129
2 0.572960 0.614527 0.043754 0.041893
2 0.579195 0.405468 0.042660 0.039989
2 0.613433 0.416485 0.026690 0.021763
2 0.243382 0.590996 0.075913 0.074810
2 0.567491 0.434576 0.024502 0.019314
2 0.295778 0.582971 0.026252 0.017954
