7 0.653132 0.312823 0.177938 0.021064
7 0.395649 0.574095 0.147450 0.017738
7 0.369041 0.336936 0.192073 0.019032
7 0.366339 0.433112 0.183065 0.021803
8 0.315618 0.508130 0.379296 0.762749
3 0.428354 0.432373 0.031319 0.028825
7 0.657081 0.550998 0.192766 0.019217
3 0.283675 0.503418 0.036308 0.027901
7 0.388027 0.599039 0.136364 0.018477
7 0.365369 0.311622 0.182511 0.018662
7 0.655141 0.571231 0.180848 0.017923
7 0.359687 0.504712 0.181402 0.021249
7 0.365161 0.456763 0.184313 0.019586
7 0.365715 0.264505 0.191519 0.019401
3 0.577190 0.431171 0.036863 0.026792
7 0.362736 0.388489 0.179739 0.020140
7 0.658675 0.480044 0.186807 0.019217
3 0.635186 0.359756 0.031735 0.028455
7 0.649390 0.597099 0.171286 0.018662
3 0.610934 0.310144 0.030626 0.026053
13 0.376178 0.438101 0.208841 0.385440
3 0.339800 0.575111 0.034091 0.027901
8 0.699279 0.505636 0.393016 0.764412
7 0.365715 0.525222 0.183204 0.017923
3 0.287140 0.264043 0.032151 0.034368
9 0.432650 0.576220 0.090078 0.035661
7 0.654726 0.288987 0.181402 0.020325
7 0.368002 0.479860 0.190826 0.017738
3 0.731153 0.477642 0.028825 0.029194
7 0.655834 0.456578 0.180017 0.018847
7 0.657982 0.359571 0.184035 0.018108
2 0.252633 0.433204 0.038248 0.378973
7 0.652508 0.434405 0.184451 0.018477
7 0.365784 0.289449 0.185837 0.019401
7 0.652231 0.264135 0.179185 0.019032
3 0.397312 0.361604 0.030765 0.026977
7 0.658814 0.528917 0.185698 0.017923
7 0.655280 0.504897 0.191103 0.018293
7 0.367239 0.411955 0.184313 0.019771
7 0.658398 0.409460 0.185976 0.019217
3 0.295870 0.594143 0.052384 0.062269
7 0.656874 0.335735 0.185698 0.018477
13 0.657913 0.431541 0.203853 0.365669
3 0.727688 0.546748 0.027716 0.029194
7 0.365022 0.361419 0.179601 0.018108
7 0.357331 0.552661 0.169762 0.018108
7 0.650915 0.385255 0.168792 0.020325
