7 0.837438 0.590620 0.076355 0.014984
7 0.591056 0.434626 0.010622 0.023604
7 0.396244 0.322660 0.009852 0.025862
7 0.335360 0.569273 0.226755 0.028941
7 0.386853 0.215312 0.047414 0.029146
7 0.164101 0.439860 0.024015 0.012726
1 0.315733 0.761905 0.189039 0.103038
7 0.381389 0.238506 0.042642 0.019704
7 0.820736 0.431856 0.052494 0.018473
7 0.183882 0.625718 0.073122 0.016215
7 0.253849 0.254516 0.053879 0.021757
2 0.706435 0.851498 0.381158 0.082718
7 0.658944 0.658867 0.216595 0.036125
7 0.434190 0.426006 0.087592 0.025246
7 0.164255 0.440579 0.029557 0.014984
7 0.744612 0.166359 0.088362 0.028941
1 0.190502 0.316502 0.076509 0.151888
7 0.608759 0.453818 0.126078 0.027915
7 0.382004 0.404146 0.040179 0.021346
7 0.811038 0.409072 0.034637 0.017241
1 0.831435 0.314347 0.063424 0.146346
7 0.190117 0.429700 0.076047 0.020731
7 0.414563 0.384750 0.104064 0.024425
7 0.709052 0.235119 0.013239 0.023194
7 0.285252 0.339080 0.118842 0.021757
7 0.182728 0.601806 0.072044 0.016420
7 0.823661 0.395218 0.060807 0.012931
7 0.831512 0.615456 0.061422 0.014573
7 0.400246 0.197455 0.016933 0.025041
7 0.671182 0.679598 0.239532 0.037767
7 0.614455 0.473009 0.135930 0.031404
7 0.162023 0.439655 0.026632 0.018062
7 0.746921 0.465004 0.076970 0.027299
7 0.386161 0.239840 0.041718 0.026888
7 0.821121 0.395012 0.057574 0.015805
7 0.652094 0.117098 0.127463 0.026888
8 0.729911 0.500513 0.453048 0.941092
7 0.187423 0.429085 0.072506 0.016626
7 0.323661 0.675698 0.206127 0.024220
7 0.381696 0.447763 0.037100 0.021141
7 0.285022 0.404762 0.128233 0.025041
2 0.330357 0.384442 0.344828 0.653530
7 0.328433 0.551211 0.216595 0.028120
7 0.169335 0.615456 0.044951 0.010878
13 0.181881 0.621716 0.072814 0.057471
7 0.169566 0.639778 0.043873 0.014368
3 0.567811 0.133415 0.051878 0.049261
7 0.340517 0.655480 0.239224 0.030993
7 0.388316 0.175082 0.044797 0.030788
7 0.268704 0.423132 0.023861 0.023194
13 0.838285 0.609298 0.079895 0.051519
7 0.419951 0.344007 0.117303 0.025862
7 0.731373 0.191400 0.112685 0.029762
7 0.334821 0.594725 0.223830 0.024425
7 0.324969 0.697968 0.210283 0.028120
7 0.171028 0.416461 0.040025 0.016010
1 0.570890 0.771552 0.098060 0.118227
7 0.737377 0.360222 0.116687 0.032020
7 0.566425 0.206999 0.051262 0.016626
7 0.832512 0.614840 0.065887 0.015394
7 0.189655 0.403633 0.076970 0.019499
7 0.429264 0.260263 0.082050 0.027094
7 0.626924 0.389265 0.082358 0.028530
7 0.730296 0.382287 0.097291 0.033046
7 0.429418 0.258313 0.083282 0.022373
1 0.712592 0.768678 0.191195 0.103038
7 0.169027 0.614224 0.044027 0.012110
7 0.830896 0.421593 0.073122 0.012726
1 0.458590 0.766215 0.092365 0.109606
7 0.313039 0.299774 0.086053 0.025246
7 0.383390 0.406199 0.034637 0.019704
7 0.328972 0.550493 0.213978 0.025862
7 0.636700 0.137418 0.093904 0.025246
7 0.420490 0.470238 0.111915 0.026273
7 0.648476 0.512418 0.200585 0.036330
7 0.812038 0.409072 0.036330 0.011494
7 0.573122 0.352217 0.058805 0.022578
7 0.339286 0.529865 0.240148 0.033867
7 0.382158 0.280070 0.037100 0.023604
2 0.684806 0.389060 0.345905 0.684113
1 0.182497 0.519499 0.074969 0.150246
7 0.186884 0.429290 0.071736 0.013342
7 0.697814 0.259442 0.043411 0.026273
1 0.184652 0.745587 0.076509 0.152094
13 0.187346 0.421593 0.068350 0.052956
7 0.828433 0.418411 0.065733 0.017447
7 0.190425 0.404351 0.068350 0.016831
7 0.396244 0.363608 0.013855 0.017857
7 0.289101 0.407635 0.137007 0.025041
7 0.347445 0.109606 0.140086 0.035714
8 0.304649 0.502463 0.410099 0.956076
7 0.738070 0.445300 0.105450 0.029762
7 0.712823 0.405275 0.012777 0.021962
7 0.270936 0.360222 0.013855 0.027094
7 0.382158 0.300082 0.034637 0.024220
7 0.319966 0.131671 0.087284 0.025657
7 0.382697 0.280070 0.039409 0.026478
7 0.246690 0.487172 0.053110 0.021552
7 0.662639 0.533251 0.229218 0.035304
7 0.304341 0.467570 0.093288 0.026273
2 0.312423 0.858272 0.386853 0.084770
7 0.831204 0.604372 0.063885 0.010878
7 0.416333 0.384544 0.106681 0.028941
7 0.384313 0.215928 0.041410 0.023810
7 0.735068 0.298748 0.060037 0.026888
7 0.696506 0.216441 0.042026 0.021962
13 0.671413 0.408764 0.270166 0.641420
7 0.570428 0.416359 0.050339 0.026888
13 0.350216 0.398810 0.259544 0.635057
1 0.196198 0.166461 0.076509 0.148194
7 0.734991 0.319684 0.115302 0.033456
7 0.382543 0.447044 0.039101 0.024631
7 0.170874 0.415640 0.038793 0.013957
7 0.672260 0.553366 0.246613 0.038588
7 0.172106 0.416769 0.036330 0.015805
7 0.821890 0.627976 0.043411 0.017036
7 0.326278 0.699302 0.211053 0.029146
7 0.266780 0.422619 0.015394 0.017241
7 0.659791 0.576457 0.222599 0.036330
7 0.821121 0.628079 0.043103 0.012726
7 0.168873 0.640291 0.048030 0.014163
7 0.323661 0.634955 0.207666 0.027709
7 0.819196 0.432163 0.049107 0.012931
7 0.334360 0.572763 0.230911 0.029762
7 0.385391 0.172414 0.048491 0.035714
1 0.836361 0.512213 0.077894 0.146346
7 0.254541 0.273707 0.056496 0.024425
7 0.600985 0.244458 0.116687 0.032020
7 0.713131 0.341030 0.016780 0.021552
7 0.570043 0.373666 0.052648 0.026888
13 0.831589 0.409893 0.076663 0.061576
7 0.334821 0.592672 0.225369 0.026888
7 0.324738 0.633313 0.204587 0.026478
7 0.831512 0.603551 0.066349 0.015394
7 0.181727 0.626437 0.073122 0.017241
7 0.305111 0.466544 0.087746 0.023810
7 0.182343 0.601293 0.071583 0.014984
7 0.381696 0.300493 0.037100 0.019704
7 0.611607 0.307061 0.135160 0.031609
7 0.248384 0.444992 0.050954 0.023810
3 0.253618 0.116892 0.047568 0.047414
7 0.670490 0.616071 0.241533 0.035920
7 0.640471 0.639778 0.179649 0.030378
7 0.339286 0.528325 0.236761 0.030378
7 0.397860 0.198994 0.015240 0.021552
7 0.568504 0.289306 0.052032 0.025246
7 0.568350 0.267447 0.048953 0.020936
7 0.420490 0.342159 0.116841 0.025041
7 0.190579 0.402504 0.070813 0.015599
7 0.699123 0.278530 0.036792 0.025041
1 0.843596 0.723830 0.075739 0.175082
7 0.432728 0.428264 0.088978 0.026888
1 0.827432 0.165435 0.064655 0.150246
7 0.738224 0.425082 0.110376 0.027915
7 0.322198 0.673440 0.202894 0.027094
7 0.273630 0.169027 0.094674 0.027709
7 0.275862 0.194479 0.013855 0.017857
7 0.588978 0.223112 0.012007 0.020525
7 0.395859 0.363300 0.011238 0.018883
7 0.311576 0.234298 0.081281 0.021141
7 0.247152 0.445402 0.054649 0.025862
7 0.838439 0.592570 0.077124 0.011905
7 0.418950 0.470956 0.114686 0.028530
7 0.587284 0.186679 0.012007 0.018268
7 0.395551 0.322660 0.010622 0.025452
7 0.286792 0.384647 0.127771 0.021757
7 0.251616 0.318247 0.050647 0.022373
7 0.255850 0.214594 0.052956 0.023604
7 0.628695 0.329023 0.087438 0.029146
7 0.340748 0.656199 0.241841 0.031609
7 0.248692 0.486864 0.052494 0.022989
