7 0.427398 0.638926 0.506036 0.030182
7 0.412307 0.148247 0.500000 0.026187
7 0.411469 0.608078 0.482897 0.027519
5 0.146378 0.241900 0.058685 0.041278
8 0.479376 0.498668 0.876258 0.920107
7 0.422871 0.408233 0.492958 0.032623
7 0.486251 0.375277 0.321932 0.030182
7 0.411469 0.274967 0.475520 0.027963
10 0.643192 0.117399 0.072435 0.029738
10 0.636318 0.479250 0.058685 0.022858
5 0.146546 0.472481 0.051643 0.041278
7 0.387659 0.474589 0.457411 0.027297
7 0.493964 0.340213 0.338028 0.027075
7 0.401911 0.440857 0.471831 0.031292
9 0.416499 0.274523 0.482897 0.031070
7 0.419517 0.707057 0.505030 0.035508
5 0.149899 0.664225 0.051643 0.045717
5 0.151576 0.144918 0.048290 0.034177
7 0.405265 0.117288 0.476526 0.026853
7 0.419014 0.214270 0.504024 0.025078
5 0.151576 0.535286 0.054997 0.034177
9 0.420355 0.244896 0.510060 0.030848
5 0.148223 0.600422 0.041583 0.041056
7 0.398726 0.509099 0.480885 0.034177
7 0.407277 0.540502 0.488598 0.031735
7 0.489101 0.311917 0.331657 0.028628
9 0.483568 0.309254 0.336687 0.030848
3 0.239604 0.342432 0.169349 0.109632
7 0.411301 0.181092 0.487257 0.024412
13 0.401744 0.431425 0.617706 0.680426
7 0.424212 0.245229 0.499665 0.027963
7 0.423038 0.574678 0.493964 0.031735
5 0.141180 0.416556 0.069081 0.070573
7 0.428236 0.739902 0.517773 0.036840
7 0.403253 0.672548 0.465795 0.031735
5 0.146378 0.736241 0.058685 0.052597
