7 0.296448 0.368774 0.221311 0.026611
7 0.296192 0.422974 0.223190 0.027100
7 0.644809 0.646973 0.223702 0.022949
3 0.211578 0.592529 0.060792 0.050293
7 0.644980 0.677612 0.230191 0.027100
7 0.639857 0.237549 0.217213 0.020508
7 0.646346 0.493652 0.234973 0.020508
7 0.639344 0.573975 0.221653 0.022949
13 0.644382 0.456177 0.263490 0.489502
7 0.286288 0.527954 0.196892 0.025635
7 0.640283 0.317749 0.227288 0.020752
7 0.291923 0.446533 0.210553 0.025391
7 0.290301 0.297119 0.212090 0.027832
7 0.306011 0.629761 0.231557 0.024658
7 0.294484 0.267212 0.219092 0.028564
7 0.302852 0.656860 0.226947 0.026123
7 0.640625 0.548096 0.224214 0.021973
7 0.644126 0.466553 0.230533 0.020508
7 0.293887 0.472412 0.214139 0.025391
7 0.642247 0.339722 0.232923 0.017822
7 0.295936 0.320923 0.230874 0.027100
7 0.638320 0.265747 0.223019 0.020752
7 0.641052 0.439941 0.228142 0.022461
7 0.644040 0.366455 0.232753 0.020020
7 0.643357 0.519653 0.229337 0.021240
7 0.635673 0.388428 0.216701 0.020508
7 0.296277 0.499878 0.214139 0.030029
7 0.288081 0.238159 0.211407 0.028564
7 0.325820 0.579712 0.174522 0.025146
7 0.289361 0.553833 0.203040 0.026123
7 0.304901 0.685669 0.227288 0.026611
7 0.646602 0.598755 0.226947 0.022217
7 0.325649 0.605225 0.176913 0.025391
7 0.299180 0.346924 0.232240 0.024902
7 0.298753 0.398804 0.225922 0.027100
8 0.260673 0.521240 0.427425 0.847168
13 0.301400 0.463135 0.269467 0.493164
8 0.684853 0.516357 0.436646 0.821289
7 0.643272 0.415771 0.233265 0.021973
7 0.637210 0.291626 0.224214 0.022705
7 0.642247 0.624023 0.226776 0.021973
