8 0.729189 0.502762 0.474941 0.946976
8 0.255431 0.502900 0.486341 0.942281
7 0.743386 0.721210 0.187567 0.015189
2 0.527103 0.478183 0.043235 0.791770
0 0.696386 0.355151 0.298774 0.554543
7 0.747688 0.701878 0.194450 0.015742
7 0.742418 0.664872 0.183911 0.017951
7 0.742633 0.683651 0.182620 0.016294
9 0.742740 0.661281 0.185416 0.023474
2 0.887288 0.474869 0.083029 0.785142
13 0.700688 0.687793 0.297053 0.093068
2 0.719725 0.804198 0.411271 0.135322
3 0.601420 0.690003 0.091633 0.075394
