7 0.670940 0.733463 0.252356 0.030857
8 0.290881 0.505820 0.416297 0.871212
7 0.320607 0.626201 0.242655 0.028825
7 0.326635 0.453529 0.249723 0.026792
2 0.697270 0.817720 0.366269 0.167221
3 0.588761 0.657151 0.099085 0.106984
7 0.326427 0.556356 0.253187 0.028086
7 0.328437 0.210273 0.241962 0.025868
7 0.720274 0.696508 0.150637 0.025314
7 0.323586 0.658999 0.247783 0.027901
9 0.441242 0.204545 0.031874 0.036955
13 0.327882 0.451404 0.269678 0.608647
9 0.445399 0.271988 0.031874 0.042498
7 0.364953 0.314579 0.183065 0.026792
13 0.670940 0.676367 0.258453 0.142092
7 0.722007 0.662602 0.153548 0.028455
0 0.667752 0.352827 0.249584 0.504989
7 0.327120 0.243995 0.240438 0.027901
7 0.325249 0.591094 0.242239 0.028086
7 0.362043 0.350517 0.179462 0.026977
7 0.320538 0.694198 0.248337 0.026608
7 0.716810 0.629157 0.153963 0.028455
7 0.326705 0.727919 0.258453 0.029749
7 0.326705 0.523189 0.252633 0.026423
7 0.328298 0.418792 0.242517 0.026053
7 0.328090 0.278732 0.247921 0.029749
3 0.237597 0.320953 0.076635 0.080192
7 0.324557 0.487528 0.246397 0.029010
7 0.328645 0.384146 0.246535 0.026977
2 0.529171 0.498152 0.032567 0.799335
2 0.838969 0.499908 0.090355 0.799150
7 0.330585 0.177846 0.247090 0.026053
8 0.708495 0.508962 0.418930 0.884146
