7 0.537088 0.400067 0.425824 0.030080
7 0.566163 0.571190 0.492216 0.039439
7 0.544414 0.484960 0.444139 0.027406
7 0.575549 0.601604 0.378205 0.039439
7 0.576694 0.427975 0.487637 0.031751
7 0.581731 0.368984 0.377747 0.032086
7 0.593178 0.513035 0.541667 0.028743
7 0.577610 0.198529 0.369505 0.033422
7 0.561126 0.259191 0.456502 0.030414
7 0.579670 0.452206 0.373626 0.034759
2 0.219551 0.435662 0.201007 0.504345
7 0.586996 0.340909 0.516484 0.033422
7 0.588141 0.287934 0.385989 0.033088
7 0.555861 0.312834 0.467033 0.034759
13 0.559066 0.420287 0.467033 0.468917
8 0.493590 0.500167 0.927656 0.945521
7 0.579899 0.541611 0.361264 0.031751
2 0.517399 0.474432 0.809524 0.854612
7 0.587912 0.229612 0.402930 0.028743
