7 0.562545 0.318098 0.102182 0.013321
7 0.704182 0.580616 0.136727 0.017455
7 0.696182 0.349334 0.132727 0.014699
3 0.618909 0.217042 0.016727 0.017915
7 0.563909 0.335554 0.102364 0.012402
3 0.347000 0.303859 0.021273 0.021130
7 0.696000 0.283303 0.133455 0.014010
7 0.562909 0.352549 0.100727 0.014699
7 0.329091 0.599449 0.249455 0.013321
3 0.197364 0.622990 0.016182 0.034681
7 0.563818 0.368971 0.102545 0.014929
3 0.328455 0.616674 0.017273 0.018833
3 0.506182 0.404571 0.013818 0.019982
7 0.706091 0.629766 0.134727 0.015618
7 0.315636 0.234612 0.264000 0.014469
7 0.560364 0.219798 0.099636 0.013780
13 0.561364 0.437299 0.142000 0.554433
7 0.562727 0.285714 0.098909 0.013780
3 0.508000 0.452228 0.014182 0.017915
3 0.503636 0.312931 0.016727 0.036518
3 0.359727 0.418121 0.016909 0.021819
7 0.701000 0.464860 0.131818 0.014699
7 0.318636 0.351975 0.264182 0.014469
3 0.509727 0.518948 0.013636 0.016766
7 0.575000 0.651125 0.107455 0.012862
3 0.623182 0.392513 0.014364 0.035370
3 0.372818 0.315342 0.016182 0.021130
3 0.633273 0.691433 0.013818 0.033303
7 0.328455 0.634015 0.250000 0.013091
7 0.811273 0.514355 0.060364 0.010335
3 0.350455 0.233693 0.019091 0.019982
8 0.250000 0.518259 0.473091 0.866100
13 0.464091 0.734956 0.023818 0.088195
7 0.559273 0.468535 0.118909 0.013780
7 0.574636 0.700965 0.100909 0.011943
2 0.488818 0.405030 0.032182 0.567983
7 0.701818 0.498622 0.136000 0.015618
7 0.571545 0.601746 0.099818 0.014240
7 0.696364 0.364952 0.132727 0.014699
7 0.818091 0.781006 0.060545 0.014929
7 0.561727 0.300873 0.097636 0.013321
7 0.567455 0.534910 0.101091 0.011484
7 0.709000 0.663528 0.130727 0.015158
7 0.574364 0.633441 0.100727 0.011943
2 0.592909 0.134474 0.202545 0.036518
3 0.500818 0.213712 0.015091 0.035140
3 0.509636 0.537207 0.013818 0.019752
13 0.319909 0.434428 0.280182 0.554203
7 0.694273 0.264584 0.134000 0.013780
7 0.703182 0.564194 0.133636 0.016307
7 0.700091 0.482660 0.136909 0.015388
2 0.462545 0.405145 0.030909 0.571429
7 0.696636 0.316491 0.134727 0.014699
7 0.698000 0.383096 0.132727 0.014699
13 0.800455 0.256890 0.074727 0.050758
3 0.510273 0.561553 0.015091 0.032614
3 0.625091 0.458199 0.014909 0.034451
13 0.212273 0.136886 0.072182 0.034910
7 0.569909 0.584979 0.100909 0.013780
3 0.213818 0.387115 0.017455 0.018604
7 0.693091 0.197405 0.131273 0.013551
7 0.321091 0.467846 0.266545 0.013780
7 0.695909 0.333601 0.133273 0.015847
7 0.566364 0.483808 0.097091 0.014469
3 0.309818 0.551791 0.020000 0.020441
7 0.562455 0.234612 0.097636 0.014010
3 0.287455 0.518029 0.017818 0.017685
7 0.560182 0.268604 0.100727 0.013551
3 0.325182 0.401814 0.017273 0.018604
7 0.560545 0.501608 0.115636 0.012402
7 0.334091 0.500115 0.235455 0.012632
7 0.318727 0.382866 0.265818 0.013780
13 0.809727 0.514355 0.070727 0.045705
7 0.320000 0.401355 0.262545 0.014010
7 0.325364 0.697864 0.267818 0.014469
1 0.292182 0.757579 0.202182 0.098989
3 0.630000 0.591066 0.014182 0.035599
7 0.701909 0.547542 0.135818 0.015158
7 0.801455 0.256431 0.059636 0.010335
7 0.330545 0.615526 0.250545 0.012862
3 0.197909 0.590951 0.018364 0.032614
7 0.212545 0.140790 0.054909 0.009646
1 0.140636 0.179605 0.079455 0.123565
3 0.628273 0.557304 0.010727 0.031925
7 0.317636 0.334175 0.266182 0.014240
7 0.316364 0.251148 0.265818 0.014469
3 0.504636 0.347611 0.014727 0.036518
3 0.197364 0.532499 0.016182 0.019522
3 0.507182 0.429375 0.015818 0.033303
3 0.370727 0.281695 0.020364 0.020441
7 0.569091 0.567639 0.100727 0.014010
3 0.619818 0.237253 0.013455 0.024345
13 0.694455 0.434313 0.171455 0.556729
3 0.618364 0.176045 0.014545 0.033303
7 0.320364 0.450276 0.266182 0.014010
1 0.531273 0.750000 0.084727 0.114148
7 0.566455 0.435347 0.099818 0.012632
3 0.432000 0.167203 0.016000 0.020671
1 0.345727 0.137804 0.199818 0.040882
3 0.330091 0.633900 0.018364 0.018374
13 0.502545 0.730937 0.025818 0.075103
1 0.676364 0.759531 0.196727 0.102894
7 0.328091 0.533877 0.249636 0.013091
1 0.437273 0.747933 0.074909 0.118282
7 0.569091 0.550758 0.100000 0.013780
7 0.318364 0.318328 0.269455 0.014699
7 0.701455 0.529858 0.139636 0.015618
7 0.467364 0.731167 0.016545 0.054892
7 0.333727 0.681557 0.249273 0.014010
7 0.693909 0.246899 0.133273 0.014240
7 0.694273 0.298921 0.128909 0.014929
7 0.323818 0.550528 0.265455 0.012402
3 0.624182 0.425586 0.012364 0.030776
7 0.320091 0.417777 0.266727 0.014240
7 0.319455 0.433969 0.268000 0.014469
7 0.316909 0.269293 0.268000 0.014469
7 0.559091 0.169729 0.102909 0.014699
7 0.567636 0.517570 0.102909 0.012632
8 0.702909 0.514240 0.471636 0.870923
3 0.505364 0.380914 0.016182 0.036518
3 0.637455 0.659049 0.016000 0.035599
7 0.313364 0.484382 0.252182 0.012402
1 0.147091 0.526872 0.081455 0.573725
7 0.318455 0.368282 0.266727 0.014469
3 0.514182 0.625976 0.015636 0.034221
3 0.433636 0.501034 0.017818 0.020441
1 0.798636 0.171337 0.076182 0.120808
7 0.561455 0.253330 0.101455 0.011943
3 0.515818 0.658016 0.012364 0.033073
7 0.315909 0.218075 0.267818 0.014929
7 0.819455 0.768948 0.061818 0.013780
7 0.560000 0.186036 0.101818 0.013780
3 0.501636 0.246096 0.016727 0.029628
7 0.276545 0.648484 0.172364 0.013551
7 0.692091 0.182246 0.131818 0.015847
7 0.698000 0.431328 0.134182 0.014240
1 0.805182 0.385508 0.082727 0.214286
3 0.366455 0.500804 0.018364 0.018144
7 0.314909 0.201079 0.262545 0.014469
7 0.818182 0.758842 0.062545 0.014699
3 0.502636 0.277791 0.014727 0.033762
13 0.818727 0.774460 0.073455 0.045935
7 0.567000 0.451998 0.101273 0.013780
3 0.405182 0.533532 0.020182 0.018833
3 0.508182 0.485071 0.015636 0.017915
7 0.314091 0.167662 0.265636 0.014240
7 0.705636 0.612770 0.134545 0.016077
3 0.386273 0.484038 0.015455 0.016766
7 0.575000 0.667088 0.104545 0.012173
7 0.564182 0.402159 0.099636 0.013780
7 0.693273 0.232430 0.128727 0.013780
3 0.515545 0.691778 0.014000 0.034451
7 0.574545 0.683509 0.100364 0.011943
3 0.621545 0.323725 0.015091 0.035599
3 0.511818 0.592444 0.012000 0.036059
3 0.198182 0.685347 0.017818 0.018374
3 0.418091 0.200735 0.019818 0.020671
7 0.315364 0.184428 0.266727 0.014240
7 0.702182 0.514355 0.135273 0.015388
7 0.697364 0.414676 0.134727 0.015388
3 0.279636 0.502526 0.017818 0.017455
7 0.334455 0.516307 0.237273 0.013321
3 0.375818 0.250689 0.018182 0.018604
7 0.564364 0.385737 0.101455 0.013091
7 0.328273 0.583027 0.252182 0.013551
7 0.800727 0.268259 0.062545 0.010106
7 0.708091 0.694534 0.136182 0.014240
7 0.331455 0.665136 0.252364 0.015158
1 0.815455 0.645613 0.083636 0.212678
7 0.692818 0.163987 0.131818 0.013321
7 0.505364 0.729789 0.024909 0.064538
3 0.198727 0.700850 0.016727 0.015388
7 0.810455 0.503101 0.060545 0.009876
3 0.197091 0.667432 0.014545 0.017455
3 0.620182 0.258383 0.014182 0.031695
3 0.256273 0.566261 0.019091 0.016766
7 0.703364 0.597037 0.135818 0.018144
3 0.626636 0.491387 0.011818 0.035599
7 0.699091 0.449357 0.133818 0.016307
3 0.627364 0.526068 0.013273 0.035599
7 0.709091 0.646187 0.129455 0.015847
7 0.696909 0.399633 0.137455 0.015158
7 0.317455 0.301677 0.266909 0.014469
7 0.565091 0.418466 0.101818 0.012862
7 0.693091 0.214515 0.132364 0.015618
3 0.631000 0.624828 0.012182 0.033762
7 0.559818 0.201883 0.100000 0.013780
13 0.729091 0.129421 0.066909 0.036518
7 0.572727 0.618052 0.100727 0.012862
7 0.798909 0.526183 0.037091 0.010106
3 0.619000 0.200161 0.013273 0.021360
3 0.620636 0.291456 0.013273 0.035370
7 0.729273 0.136197 0.054545 0.008728
7 0.316182 0.284910 0.266909 0.014469
3 0.203273 0.506431 0.029091 0.033992
7 0.707727 0.680753 0.134000 0.016077
3 0.500091 0.178571 0.015818 0.035140
3 0.316818 0.269522 0.019818 0.020441
7 0.799273 0.244488 0.059636 0.012632
7 0.321545 0.566605 0.268909 0.014699
3 0.622545 0.357947 0.013091 0.033762
3 0.283818 0.351860 0.019636 0.019752
