7 0.703368 0.528178 0.216602 0.027531
7 0.355460 0.239468 0.197616 0.032520
13 0.372228 0.437823 0.252494 0.468404
5 0.698517 0.271434 0.040050 0.043607
7 0.707664 0.302291 0.208564 0.025499
7 0.372228 0.615576 0.199557 0.034553
7 0.700527 0.582871 0.222284 0.029379
7 0.370565 0.531227 0.198171 0.036585
7 0.691519 0.390429 0.178492 0.024390
5 0.289773 0.534738 0.043514 0.032151
5 0.613498 0.468311 0.048503 0.040466
7 0.694360 0.500924 0.200804 0.024021
7 0.703090 0.332687 0.198586 0.025314
7 0.369803 0.561992 0.202744 0.035292
7 0.700180 0.240854 0.187223 0.024205
5 0.285130 0.367239 0.043376 0.031966
5 0.440826 0.584165 0.040743 0.033075
7 0.351372 0.503234 0.159507 0.030488
7 0.696785 0.643385 0.208149 0.023651
5 0.614121 0.552476 0.040050 0.035477
9 0.736973 0.642554 0.126663 0.054139
7 0.691796 0.445953 0.181818 0.023836
7 0.696993 0.555063 0.206624 0.029194
7 0.369041 0.415650 0.207594 0.036031
13 0.708218 0.439948 0.239606 0.460089
7 0.703714 0.269956 0.200111 0.022912
7 0.372367 0.586936 0.200111 0.031966
8 0.731084 0.505081 0.412833 0.795085
7 0.394540 0.299797 0.139135 0.033075
7 0.698794 0.613452 0.206624 0.023282
7 0.373753 0.646157 0.199834 0.037694
5 0.290743 0.451774 0.050721 0.039172
5 0.761364 0.360126 0.040743 0.039542
7 0.697478 0.419161 0.197894 0.026423
7 0.373406 0.361234 0.209396 0.034738
5 0.288803 0.291482 0.076220 0.065965
9 0.407151 0.234479 0.112805 0.041020
8 0.324141 0.517276 0.395787 0.809128
7 0.393223 0.268293 0.139828 0.033259
7 0.362043 0.331763 0.197201 0.040096
7 0.367725 0.390059 0.203021 0.034368
9 0.772173 0.559959 0.076220 0.044900
7 0.697547 0.472284 0.198586 0.027347
7 0.699487 0.360680 0.191935 0.024760
7 0.372159 0.442627 0.204961 0.041205
7 0.364260 0.473300 0.193598 0.033814
