13 0.303234 0.431889 0.227098 0.417441
10 0.376748 0.457817 0.071678 0.018318
7 0.649825 0.278896 0.113986 0.024768
7 0.308042 0.241615 0.200350 0.024510
7 0.689161 0.581011 0.216434 0.027348
3 0.213811 0.535346 0.035315 0.033540
2 0.852535 0.465170 0.099476 0.755934
13 0.691259 0.437693 0.229371 0.435759
3 0.597290 0.546956 0.040385 0.035088
10 0.752448 0.273736 0.109441 0.026316
7 0.302098 0.513932 0.207343 0.023220
2 0.745192 0.152606 0.318706 0.136997
10 0.394580 0.513158 0.040210 0.016512
2 0.730070 0.749871 0.339860 0.189628
3 0.211713 0.317853 0.036014 0.034572
10 0.766434 0.331527 0.077273 0.019608
7 0.265647 0.569659 0.132343 0.019608
8 0.718881 0.500387 0.449301 0.938338
7 0.261626 0.403767 0.128846 0.020124
10 0.362238 0.568369 0.089510 0.018060
7 0.303671 0.272833 0.208042 0.021414
7 0.689336 0.384417 0.200699 0.024252
2 0.146329 0.451238 0.096154 0.744066
2 0.257867 0.145898 0.314685 0.136997
10 0.361626 0.400155 0.097378 0.024768
7 0.619493 0.607585 0.071853 0.022704
10 0.781643 0.526961 0.038462 0.019866
7 0.312937 0.488777 0.193706 0.020382
7 0.709266 0.250903 0.188112 0.025542
10 0.397990 0.346362 0.037937 0.019866
9 0.727010 0.633772 0.021853 0.036894
3 0.602972 0.404283 0.042308 0.035088
7 0.703759 0.554954 0.184790 0.024768
7 0.316259 0.327528 0.184615 0.015222
3 0.596503 0.631321 0.040210 0.040764
7 0.709703 0.415119 0.173601 0.025284
7 0.697290 0.356682 0.213462 0.028122
7 0.314948 0.599587 0.173252 0.019608
3 0.212238 0.423891 0.042308 0.038184
3 0.213199 0.592234 0.040385 0.035346
7 0.273514 0.627193 0.155070 0.021672
7 0.677622 0.526316 0.184965 0.025284
8 0.275962 0.486197 0.454371 0.968266
7 0.667483 0.330366 0.161888 0.022962
7 0.707955 0.639835 0.184790 0.026832
3 0.211713 0.234004 0.032168 0.036120
7 0.687587 0.499355 0.201399 0.027606
10 0.325350 0.296827 0.169930 0.029670
7 0.300962 0.349845 0.197378 0.019092
3 0.603409 0.349329 0.042133 0.031476
3 0.215122 0.371388 0.042832 0.035346
7 0.693794 0.471233 0.198427 0.029670
7 0.322902 0.433566 0.178671 0.019866
3 0.604895 0.240196 0.037413 0.041280
7 0.281294 0.459365 0.162937 0.021414
2 0.258741 0.731682 0.323077 0.183179
3 0.599913 0.462074 0.036888 0.031476
3 0.214161 0.483101 0.033566 0.029670
3 0.603759 0.298504 0.037937 0.030960
10 0.730420 0.604747 0.133566 0.026316
10 0.373951 0.622807 0.072727 0.024768
10 0.769843 0.442853 0.059266 0.021414
7 0.707255 0.308050 0.191783 0.024768
7 0.322028 0.376290 0.180420 0.020898
7 0.668706 0.443369 0.162238 0.022962
7 0.225612 0.298504 0.054021 0.020124
7 0.320717 0.541409 0.177797 0.022446
