7 0.214106 0.339573 0.032746 0.085024
3 0.344144 0.594647 0.071159 0.029741
2 0.920340 0.475857 0.141688 0.920224
7 0.436398 0.734955 0.249370 0.018544
3 0.602645 0.539888 0.061713 0.027992
10 0.786524 0.512946 0.122166 0.014696
3 0.335327 0.759272 0.061083 0.025892
10 0.666877 0.624213 0.346348 0.015395
13 0.209383 0.340798 0.052267 0.094472
7 0.601385 0.767845 0.457179 0.018544
2 0.204345 0.475157 0.193325 0.917425
7 0.646725 0.515745 0.148615 0.017495
7 0.699937 0.487579 0.253778 0.018544
7 0.614610 0.710287 0.465995 0.017495
10 0.735516 0.567005 0.221662 0.012946
8 0.507872 0.498775 0.959068 0.982155
3 0.439861 0.496851 0.262594 0.111966
10 0.701826 0.730756 0.276448 0.016445
7 0.609887 0.596921 0.450252 0.018894
10 0.690806 0.676522 0.295970 0.017145
7 0.695529 0.460462 0.238665 0.017495
13 0.913098 0.413751 0.054156 0.114416
3 0.335957 0.650455 0.071159 0.025892
2 0.548489 0.061407 0.874055 0.097621
13 0.585327 0.083625 0.170655 0.032890
3 0.339736 0.703639 0.066121 0.030091
7 0.460327 0.570504 0.289673 0.019244
0 0.570844 0.274318 0.545970 0.337299
7 0.424748 0.678621 0.226071 0.020644
7 0.398615 0.625787 0.170025 0.019244
13 0.578086 0.610567 0.539043 0.339398
7 0.738980 0.543737 0.202141 0.017495
7 0.587846 0.088873 0.155542 0.017495
7 0.606423 0.652379 0.457179 0.018544
7 0.907431 0.417425 0.032746 0.096571
2 0.543766 0.856893 0.887280 0.153954
