2 0.480945 0.507945 0.022034 0.022542
2 0.279656 0.323078 0.023004 0.024575
1 0.708426 0.807834 0.331763 0.070953
2 0.443598 0.176183 0.026330 0.022727
2 0.347145 0.574095 0.022450 0.022173
0 0.303284 0.448910 0.109618 0.225240
2 0.274252 0.679601 0.055155 0.066888
2 0.568944 0.219974 0.017600 0.020880
1 0.700942 0.114653 0.333703 0.041944
2 0.421286 0.462676 0.023004 0.024390
1 0.217641 0.466463 0.064440 0.748522
2 0.609202 0.396064 0.035200 0.023466
2 0.576566 0.185421 0.032567 0.038987
2 0.276123 0.616962 0.022866 0.019956
2 0.359340 0.217942 0.026053 0.021619
2 0.569568 0.242147 0.018570 0.023466
2 0.368695 0.417406 0.021480 0.022173
2 0.622852 0.261364 0.020926 0.023466
2 0.580793 0.470713 0.041574 0.051922
2 0.719512 0.660384 0.028548 0.019956
1 0.351233 0.805155 0.331624 0.071508
2 0.379989 0.361604 0.044623 0.049889
2 0.405211 0.616408 0.023559 0.019956
2 0.470898 0.241316 0.025499 0.024021
2 0.439024 0.306171 0.024945 0.022173
2 0.356984 0.283999 0.022173 0.021434
1 0.357123 0.115299 0.325388 0.046194
1 0.548365 0.468958 0.026053 0.748337
2 0.436183 0.595436 0.025915 0.025314
1 0.844374 0.469050 0.059313 0.749630
2 0.727065 0.281966 0.014274 0.021803
2 0.263304 0.148559 0.022450 0.025499
2 0.572062 0.683481 0.014412 0.020695
1 0.509839 0.472931 0.018847 0.735588
