7 0.701047 0.484298 0.201663 0.021552
10 0.379079 0.253181 0.124538 0.030993
3 0.582743 0.539717 0.038947 0.030993
3 0.228140 0.288690 0.059729 0.059729
7 0.686807 0.235632 0.231681 0.021346
10 0.749153 0.505439 0.112839 0.024425
7 0.715209 0.568555 0.193658 0.022167
7 0.318427 0.336515 0.233220 0.032225
10 0.744920 0.536433 0.119458 0.024425
7 0.687577 0.680624 0.234144 0.022167
13 0.324353 0.397578 0.252155 0.580870
3 0.219828 0.569581 0.059729 0.073071
7 0.684036 0.373768 0.233220 0.021757
3 0.218519 0.184626 0.034021 0.030993
7 0.682728 0.346367 0.225985 0.022373
7 0.349908 0.142241 0.193350 0.031199
7 0.688501 0.152094 0.239070 0.022167
7 0.342980 0.310447 0.177956 0.031814
7 0.311576 0.449405 0.217672 0.030583
7 0.311730 0.646039 0.224138 0.027299
9 0.716133 0.424261 0.085899 0.036946
2 0.143858 0.392652 0.098676 0.579639
3 0.589825 0.582820 0.062962 0.059729
10 0.386161 0.225575 0.110376 0.026683
7 0.718904 0.596367 0.196429 0.021141
7 0.668642 0.317426 0.199046 0.021962
7 0.340132 0.590620 0.187654 0.026478
7 0.689039 0.261905 0.216133 0.022167
7 0.684806 0.179392 0.227679 0.024220
10 0.780634 0.425800 0.048030 0.033046
7 0.303802 0.167077 0.111915 0.025862
7 0.339748 0.282020 0.163177 0.029557
7 0.318812 0.393062 0.236453 0.032430
7 0.317349 0.618432 0.237223 0.027094
3 0.586053 0.507081 0.035714 0.029762
9 0.243304 0.496305 0.018011 0.033251
3 0.220212 0.214491 0.034021 0.035304
7 0.685422 0.625513 0.235683 0.021141
10 0.395243 0.168617 0.088824 0.029762
7 0.338362 0.197250 0.193966 0.029967
13 0.687654 0.415846 0.260468 0.568555
7 0.311807 0.505747 0.220289 0.028736
8 0.721290 0.494356 0.433959 0.895936
3 0.218134 0.243227 0.031404 0.026683
7 0.655018 0.539819 0.096675 0.020936
7 0.311807 0.532841 0.220597 0.027915
7 0.689116 0.652709 0.238147 0.021346
7 0.678264 0.207615 0.216749 0.021962
7 0.673260 0.290435 0.209514 0.021346
7 0.681727 0.402094 0.228602 0.022167
7 0.696275 0.430419 0.139778 0.020936
3 0.593519 0.437911 0.060499 0.059729
7 0.282558 0.222599 0.086977 0.025246
7 0.282943 0.250103 0.088670 0.022783
7 0.338670 0.563732 0.184421 0.030172
7 0.315887 0.420772 0.228756 0.030788
7 0.315733 0.478551 0.230296 0.032635
9 0.307728 0.443658 0.019397 0.031404
7 0.309036 0.674364 0.219674 0.025246
3 0.229757 0.141523 0.054649 0.055213
2 0.859452 0.415743 0.102833 0.570813
8 0.282020 0.483272 0.433190 0.900452
7 0.664101 0.512418 0.120690 0.021962
3 0.583128 0.480603 0.038177 0.027709
9 0.390009 0.529557 0.065117 0.033251
7 0.321044 0.365250 0.235376 0.030583
7 0.716595 0.456383 0.175800 0.024015
