7 0.333241 0.225000 0.218359 0.025000
7 0.334253 0.510294 0.229213 0.026471
7 0.352925 0.357353 0.212472 0.025000
13 0.704378 0.432966 0.293598 0.488971
10 0.450239 0.227696 0.011957 0.016176
7 0.683775 0.487010 0.239146 0.025980
7 0.707138 0.261887 0.210817 0.026225
7 0.344739 0.261520 0.247241 0.026961
9 0.219831 0.634926 0.021707 0.032598
9 0.442145 0.326225 0.024467 0.034804
7 0.688926 0.610539 0.234364 0.024020
3 0.241078 0.302451 0.049117 0.064216
7 0.355040 0.424265 0.220751 0.023529
10 0.770695 0.356618 0.073032 0.015686
7 0.689110 0.641789 0.239146 0.023284
9 0.426233 0.389706 0.021707 0.032843
3 0.230592 0.350858 0.029985 0.032598
10 0.795806 0.543995 0.016924 0.017402
10 0.801325 0.323652 0.013981 0.015931
7 0.338300 0.634804 0.254967 0.024020
9 0.694996 0.358578 0.071744 0.030392
7 0.693709 0.227206 0.249816 0.024510
8 0.717899 0.487377 0.408205 0.742892
9 0.434879 0.449755 0.051876 0.029902
7 0.647995 0.357230 0.162804 0.023775
7 0.370125 0.290809 0.204194 0.022304
7 0.337472 0.574877 0.240434 0.023775
7 0.687822 0.298407 0.235467 0.025735
7 0.332322 0.606250 0.232340 0.023284
9 0.428348 0.416544 0.082230 0.036520
7 0.684235 0.514093 0.225717 0.023284
3 0.279065 0.318995 0.024650 0.034069
7 0.686350 0.424020 0.236939 0.029412
7 0.689018 0.455147 0.240434 0.024020
3 0.573951 0.269118 0.054820 0.056373
7 0.705298 0.388971 0.204194 0.025000
3 0.577631 0.540686 0.041943 0.032353
9 0.440673 0.356985 0.028882 0.032598
9 0.768856 0.578431 0.097682 0.036275
8 0.310706 0.493505 0.392200 0.742892
9 0.689570 0.627574 0.245217 0.070833
13 0.344003 0.446078 0.289183 0.507353
7 0.690949 0.580025 0.244297 0.025735
7 0.679820 0.329289 0.226085 0.027696
9 0.658113 0.485172 0.180096 0.034559
7 0.344279 0.477696 0.203642 0.023529
3 0.228569 0.383946 0.031825 0.033088
7 0.349982 0.385662 0.209529 0.023775
7 0.338392 0.543873 0.239330 0.025980
9 0.577079 0.228676 0.021707 0.025980
7 0.351637 0.450123 0.218727 0.024265
3 0.223786 0.476593 0.035136 0.033578
7 0.692513 0.543627 0.182671 0.023529
3 0.226729 0.446814 0.028146 0.023529
3 0.227925 0.417647 0.030537 0.031373
3 0.577999 0.386275 0.050037 0.033824
7 0.373436 0.321569 0.162987 0.025490
9 0.438558 0.261397 0.053348 0.037500
9 0.746505 0.228431 0.018396 0.030392
9 0.689018 0.437500 0.246321 0.063725
