7 0.348291 0.672516 0.272629 0.021552
10 0.455126 0.306958 0.043257 0.027709
13 0.337361 0.464388 0.326201 0.650862
5 0.542180 0.661535 0.036022 0.057061
7 0.348753 0.277504 0.262777 0.025862
9 0.414178 0.369971 0.114378 0.048235
5 0.199430 0.209052 0.040794 0.061782
5 0.196659 0.331076 0.040794 0.050493
7 0.350677 0.548645 0.238916 0.022578
10 0.431727 0.247537 0.093750 0.036125
7 0.375462 0.429290 0.206281 0.020731
7 0.682651 0.748153 0.237223 0.025452
5 0.537869 0.279865 0.031404 0.069581
10 0.803571 0.683805 0.065887 0.026478
10 0.411407 0.370074 0.105450 0.028736
7 0.685037 0.602627 0.257697 0.022578
10 0.423107 0.638649 0.154095 0.027709
7 0.339286 0.580870 0.241071 0.022989
7 0.369535 0.399117 0.190425 0.020320
7 0.681496 0.569376 0.243842 0.029967
5 0.539255 0.540127 0.036022 0.056856
3 0.542180 0.607451 0.036946 0.058908
7 0.332281 0.370690 0.231373 0.023810
7 0.681958 0.333436 0.252463 0.028941
13 0.684806 0.463773 0.334514 0.654557
7 0.695890 0.717467 0.264932 0.024836
7 0.333744 0.641933 0.231527 0.024015
7 0.677802 0.481938 0.261700 0.029557
7 0.342518 0.727422 0.257389 0.023810
7 0.339594 0.307677 0.241687 0.023810
7 0.332897 0.517241 0.245536 0.025041
10 0.391549 0.174158 0.179341 0.040846
5 0.224600 0.612274 0.037869 0.046798
3 0.540794 0.480090 0.030788 0.044335
7 0.679957 0.451970 0.244150 0.026683
3 0.226216 0.425390 0.104526 0.115558
7 0.689193 0.660612 0.257081 0.026067
10 0.740917 0.231219 0.178571 0.027709
10 0.439809 0.695197 0.111761 0.027504
7 0.350523 0.756979 0.267857 0.024631
7 0.659252 0.394499 0.207666 0.026683
10 0.750770 0.297311 0.162254 0.044540
7 0.680573 0.687603 0.233374 0.026683
3 0.534021 0.185037 0.036946 0.057677
7 0.353833 0.612172 0.234144 0.023604
7 0.683959 0.508929 0.248768 0.027299
5 0.229757 0.495998 0.031250 0.036741
10 0.428956 0.755234 0.129772 0.039614
3 0.223984 0.549158 0.038793 0.048235
9 0.441195 0.395012 0.063424 0.041667
8 0.720366 0.504208 0.428417 0.909893
10 0.795413 0.751745 0.078510 0.039614
8 0.294181 0.514984 0.421798 0.898604
3 0.548030 0.721059 0.034175 0.059934
10 0.784637 0.565374 0.127155 0.030172
7 0.255927 0.180727 0.080819 0.022783
3 0.198661 0.679598 0.044181 0.049261
7 0.341826 0.213465 0.258467 0.024631
7 0.339748 0.339491 0.261700 0.023399
7 0.355450 0.490456 0.218288 0.023604
3 0.198276 0.274015 0.048645 0.067323
7 0.365841 0.459667 0.182420 0.023194
5 0.197121 0.725985 0.039871 0.061987
5 0.536407 0.423953 0.041718 0.051929
7 0.681111 0.629721 0.254464 0.025452
7 0.689963 0.420977 0.268473 0.027504
7 0.340132 0.698892 0.258775 0.024631
10 0.449738 0.513649 0.061422 0.027709
7 0.329126 0.244356 0.221983 0.023194
7 0.643704 0.234914 0.178725 0.028120
7 0.681111 0.206178 0.256927 0.027709
7 0.684883 0.362685 0.259236 0.027504
7 0.686422 0.538690 0.263855 0.028941
3 0.539024 0.341851 0.034329 0.044540
10 0.816118 0.622537 0.056804 0.031199
7 0.677417 0.174877 0.260930 0.027504
7 0.630773 0.303161 0.151016 0.027094
7 0.679110 0.269602 0.271398 0.024836
10 0.737762 0.390497 0.206435 0.031404
10 0.758082 0.450636 0.169489 0.028941
