3 0.212054 0.355706 0.040179 0.033251
3 0.616610 0.587336 0.043257 0.040846
9 0.776401 0.355911 0.090055 0.029557
10 0.365456 0.387110 0.101601 0.026273
3 0.618073 0.429187 0.071121 0.065271
7 0.300877 0.274836 0.201817 0.028325
3 0.209667 0.390907 0.035406 0.037151
7 0.713824 0.533559 0.207820 0.021962
7 0.712977 0.241687 0.211361 0.022783
9 0.252309 0.625616 0.094212 0.044335
7 0.252617 0.626642 0.090517 0.024631
7 0.286792 0.393576 0.107143 0.026478
7 0.707820 0.332410 0.203818 0.024425
7 0.709360 0.621716 0.200123 0.021757
7 0.724446 0.591749 0.170259 0.022167
7 0.299184 0.216338 0.210129 0.029146
7 0.267164 0.334154 0.133467 0.024631
8 0.736607 0.493842 0.471367 0.862479
7 0.704741 0.501745 0.217057 0.024425
8 0.251924 0.502258 0.486607 0.869048
7 0.730450 0.417385 0.136700 0.021962
7 0.668411 0.562295 0.120690 0.021962
9 0.759775 0.384544 0.078972 0.035099
10 0.766626 0.558498 0.101601 0.031199
3 0.616610 0.380029 0.041410 0.035920
7 0.714901 0.390291 0.165640 0.021962
7 0.294643 0.304392 0.194581 0.027915
7 0.708590 0.475267 0.200431 0.019089
7 0.312808 0.362479 0.158251 0.027915
13 0.302802 0.422824 0.237069 0.454433
7 0.296952 0.245690 0.202894 0.028325
7 0.704664 0.211310 0.202124 0.023604
7 0.706897 0.303264 0.197660 0.023194
3 0.616610 0.500308 0.045105 0.040846
7 0.711823 0.361145 0.211207 0.023604
10 0.368073 0.325021 0.082512 0.025246
3 0.618534 0.266010 0.039409 0.043514
13 0.712592 0.426006 0.237069 0.483785
7 0.731681 0.446326 0.158559 0.021552
7 0.720597 0.272065 0.188732 0.022373
10 0.356681 0.623768 0.116071 0.028325
