7 0.435681 0.273127 0.365433 0.021870
7 0.399748 0.538210 0.412145 0.020613
2 0.115343 0.443690 0.139418 0.746104
3 0.226374 0.360608 0.080489 0.038462
3 0.287280 0.303167 0.075099 0.039216
3 0.217930 0.254399 0.082285 0.122172
7 0.439274 0.422448 0.366870 0.020865
10 0.524434 0.275138 0.192239 0.022876
7 0.401904 0.332705 0.412864 0.019859
7 0.435681 0.214178 0.369745 0.022122
7 0.402803 0.510181 0.415379 0.020362
10 0.521200 0.630845 0.203018 0.025892
7 0.402443 0.569507 0.426159 0.020362
3 0.221703 0.596782 0.071146 0.035696
7 0.461013 0.302288 0.293209 0.020362
10 0.586777 0.511689 0.065397 0.025892
7 0.430291 0.598668 0.341718 0.018351
7 0.433345 0.360734 0.339202 0.019105
7 0.404959 0.452740 0.424003 0.021116
10 0.584082 0.392408 0.079411 0.023630
7 0.431728 0.242333 0.356809 0.019608
8 0.502875 0.503394 0.945383 0.973605
2 0.298958 0.757793 0.503054 0.130970
7 0.307761 0.629588 0.237513 0.019356
10 0.567194 0.454123 0.113187 0.024384
13 0.409810 0.422448 0.471793 0.464806
3 0.225296 0.538462 0.086957 0.040724
7 0.404420 0.478884 0.415020 0.023630
2 0.296083 0.130593 0.489400 0.116893
3 0.227991 0.478507 0.081567 0.036450
7 0.400287 0.391654 0.416816 0.021116
9 0.575638 0.208773 0.114265 0.033434
10 0.539705 0.569633 0.153072 0.022624
3 0.225296 0.418929 0.076177 0.035445
