7 0.313501 0.264881 0.225831 0.024836
7 0.701047 0.577484 0.242611 0.027299
7 0.702586 0.543206 0.252155 0.028120
7 0.697198 0.440989 0.225369 0.028530
7 0.694119 0.609914 0.223830 0.030172
7 0.379156 0.439245 0.111761 0.028736
7 0.312731 0.166872 0.221521 0.025862
3 0.612685 0.346367 0.057266 0.069171
7 0.377463 0.542488 0.109914 0.026683
0 0.257466 0.487069 0.125462 0.212644
7 0.661253 0.716030 0.162408 0.029762
7 0.700739 0.507800 0.239224 0.028736
3 0.333898 0.397989 0.029557 0.036946
7 0.704895 0.235530 0.237069 0.028120
7 0.286561 0.368021 0.011238 0.010263
7 0.693504 0.644704 0.227525 0.030378
7 0.702586 0.302956 0.237993 0.029146
7 0.376385 0.576252 0.105911 0.026478
7 0.304880 0.613506 0.221521 0.027094
7 0.376078 0.507184 0.110222 0.024631
7 0.736915 0.372742 0.182574 0.027915
9 0.710360 0.196531 0.029711 0.028120
7 0.319966 0.298851 0.237531 0.027915
7 0.319042 0.199918 0.235376 0.026683
7 0.320659 0.335796 0.239840 0.025862
7 0.700739 0.476190 0.237993 0.026683
13 0.704433 0.444992 0.255542 0.593596
7 0.702509 0.269397 0.234144 0.028530
9 0.811730 0.301314 0.028941 0.027504
13 0.319889 0.434934 0.260468 0.593596
8 0.278171 0.505850 0.447660 0.913998
9 0.681419 0.264368 0.036176 0.030788
7 0.319504 0.232656 0.237839 0.025657
7 0.698969 0.677648 0.236299 0.031814
7 0.320197 0.714696 0.245998 0.026273
7 0.321583 0.648502 0.241687 0.024425
7 0.319042 0.680316 0.237839 0.026067
8 0.731604 0.510878 0.459206 0.903941
7 0.705511 0.201765 0.231835 0.024631
7 0.389547 0.404146 0.082666 0.028736
7 0.376847 0.473727 0.115148 0.025452
7 0.707050 0.170156 0.236145 0.024220
7 0.701355 0.406096 0.229988 0.030993
7 0.730757 0.339696 0.170567 0.026273
