7 0.394322 0.453738 0.436264 0.022256
2 0.269231 0.759815 0.485714 0.135284
7 0.457326 0.364341 0.330769 0.025506
10 0.532784 0.543886 0.168132 0.022006
7 0.397070 0.305201 0.438828 0.024756
7 0.397985 0.514004 0.442857 0.023256
9 0.544689 0.210053 0.209524 0.036009
9 0.459707 0.361465 0.334066 0.037259
7 0.394689 0.542261 0.440659 0.022256
3 0.227656 0.376344 0.113187 0.061515
2 0.099634 0.457364 0.129670 0.538135
7 0.385348 0.333333 0.430769 0.024506
7 0.391575 0.274944 0.432967 0.023256
7 0.446520 0.394599 0.322344 0.025006
2 0.288278 0.139535 0.510623 0.097524
7 0.448535 0.246062 0.339560 0.024006
7 0.463553 0.215179 0.350549 0.023756
8 0.493407 0.450113 0.926007 0.854714
7 0.394689 0.483246 0.438462 0.023256
3 0.233700 0.227307 0.109158 0.066517
13 0.402747 0.374219 0.475092 0.379345
7 0.385531 0.423981 0.412821 0.023256
