1 0.636313 0.146814 0.269316 0.029412
1 0.476361 0.445956 0.015636 0.623284
2 0.269224 0.606863 0.042127 0.053922
1 0.639441 0.793382 0.269316 0.134314
2 0.263337 0.174265 0.022627 0.028431
1 0.341703 0.787990 0.282009 0.127941
1 0.228201 0.437500 0.029985 0.631863
2 0.262785 0.425123 0.025202 0.026716
2 0.262601 0.256863 0.021155 0.027451
2 0.549669 0.609314 0.048933 0.054902
2 0.263245 0.480147 0.026122 0.029412
1 0.353477 0.137377 0.264717 0.039951
1 0.754507 0.473162 0.036240 0.682108
2 0.262785 0.368382 0.027042 0.027451
1 0.511865 0.477451 0.023731 0.669608
