2 0.191425 0.618432 0.030018 0.032841
2 0.542719 0.324507 0.049723 0.059934
2 0.542103 0.707204 0.060191 0.056445
2 0.241841 0.727833 0.030788 0.031199
2 0.248153 0.371305 0.023399 0.027504
2 0.194196 0.133415 0.026016 0.030378
2 0.186115 0.781199 0.028633 0.025862
2 0.184498 0.809216 0.026632 0.028530
2 0.385853 0.673953 0.025400 0.028530
2 0.273476 0.563321 0.028787 0.033046
2 0.192811 0.186268 0.020782 0.029351
2 0.262469 0.645525 0.024015 0.038998
2 0.375539 0.509031 0.026016 0.031199
2 0.330203 0.398912 0.024631 0.029351
2 0.189809 0.485530 0.026786 0.031814
2 0.206435 0.364122 0.052032 0.059524
