7 0.383995 0.493556 0.167537 0.019247
7 0.639501 0.493556 0.182747 0.019247
7 0.395346 0.257518 0.183882 0.021138
3 0.575312 0.429197 0.065948 0.055852
13 0.646311 0.416395 0.208173 0.517615
7 0.397389 0.448101 0.194098 0.018732
3 0.319240 0.424557 0.040068 0.027668
7 0.637117 0.231569 0.173439 0.019763
7 0.642906 0.636793 0.197730 0.024231
7 0.666742 0.185771 0.160045 0.020278
2 0.252781 0.424901 0.084904 0.514006
7 0.641203 0.301684 0.181385 0.019419
7 0.656810 0.590394 0.113167 0.018388
9 0.608513 0.316721 0.018842 0.028527
7 0.350057 0.592370 0.095346 0.018560
7 0.418048 0.279515 0.151873 0.021138
7 0.386095 0.665149 0.169240 0.019763
7 0.357775 0.327204 0.108740 0.022341
9 0.681271 0.563241 0.011578 0.026981
9 0.679909 0.586269 0.078547 0.024231
3 0.566969 0.248754 0.039047 0.030761
7 0.673269 0.425073 0.123610 0.017701
13 0.398922 0.425331 0.204881 0.505585
7 0.665153 0.255628 0.157321 0.018732
7 0.646708 0.469668 0.194438 0.019247
7 0.393871 0.189208 0.192054 0.023372
8 0.349830 0.487541 0.338479 0.851349
3 0.325936 0.527067 0.059364 0.053274
7 0.413621 0.423612 0.143473 0.022341
9 0.690692 0.512115 0.022701 0.026809
7 0.614642 0.663516 0.134393 0.019935
3 0.319240 0.349287 0.040068 0.031449
7 0.398241 0.568225 0.187628 0.021138
9 0.640068 0.345678 0.016572 0.027668
7 0.420885 0.542705 0.133712 0.021653
7 0.649546 0.278141 0.199659 0.017701
7 0.640636 0.349545 0.185017 0.019935
7 0.401362 0.472074 0.197503 0.018904
9 0.683768 0.394312 0.084222 0.025949
7 0.397446 0.637653 0.187401 0.019419
10 0.441998 0.321189 0.100795 0.017529
3 0.315267 0.235092 0.037117 0.029215
7 0.667877 0.614968 0.131896 0.016326
7 0.640409 0.209572 0.178207 0.020794
9 0.588252 0.512545 0.014869 0.027668
10 0.406527 0.209830 0.164472 0.016498
7 0.425823 0.518130 0.133371 0.020622
10 0.443076 0.586097 0.104313 0.016326
7 0.641544 0.517443 0.189784 0.019591
7 0.399262 0.375322 0.198524 0.023372
7 0.643644 0.542103 0.191487 0.019075
10 0.709364 0.660165 0.055732 0.021825
7 0.637684 0.398694 0.176844 0.020966
7 0.414813 0.350232 0.147219 0.021653
7 0.411351 0.234490 0.158002 0.021138
7 0.640125 0.566936 0.186947 0.020278
3 0.316742 0.613250 0.034166 0.027668
3 0.569523 0.177952 0.041203 0.025262
9 0.717877 0.369565 0.034847 0.023544
7 0.337401 0.403935 0.073893 0.020450
3 0.568842 0.597096 0.065948 0.053789
7 0.643984 0.325657 0.193303 0.020622
10 0.726050 0.233975 0.035528 0.027324
7 0.418672 0.612219 0.163791 0.021481
3 0.317991 0.280031 0.040522 0.027668
7 0.641090 0.372916 0.186833 0.021653
7 0.313734 0.214814 0.024745 0.017529
9 0.432406 0.489775 0.062997 0.023028
7 0.396311 0.302200 0.188536 0.021825
10 0.430023 0.397405 0.121793 0.018732
2 0.787344 0.421722 0.087060 0.520364
7 0.678093 0.447328 0.143246 0.016841
10 0.478604 0.661798 0.027582 0.025090
8 0.689330 0.486767 0.340522 0.852896
9 0.429625 0.416395 0.017253 0.027152
