7 0.271090 0.215004 0.190887 0.024015
3 0.179880 0.458333 0.052186 0.077586
7 0.710360 0.330049 0.214132 0.023810
7 0.281712 0.565887 0.217672 0.025041
7 0.712515 0.388547 0.210129 0.026273
9 0.387238 0.416872 0.029095 0.025862
7 0.707050 0.476088 0.197968 0.026478
3 0.620844 0.224548 0.076970 0.077586
8 0.262931 0.504413 0.469520 0.829023
7 0.280249 0.244048 0.210437 0.022167
7 0.293950 0.451457 0.192272 0.024425
7 0.279557 0.301827 0.217057 0.024425
7 0.282482 0.421388 0.234914 0.023810
7 0.279403 0.593391 0.210591 0.021757
13 0.708051 0.341441 0.235991 0.349959
7 0.732759 0.207923 0.149631 0.027915
7 0.709514 0.447968 0.201047 0.025657
7 0.709821 0.418411 0.210283 0.026478
7 0.714286 0.359401 0.221059 0.025862
2 0.554880 0.226806 0.078664 0.155172
7 0.292180 0.652915 0.232759 0.027094
2 0.120921 0.460078 0.091595 0.156199
7 0.278479 0.506671 0.208128 0.024836
13 0.290256 0.429290 0.255696 0.484606
9 0.174723 0.235119 0.024938 0.038793
8 0.731142 0.508518 0.460129 0.823276
7 0.281250 0.331794 0.216133 0.024425
7 0.281096 0.390086 0.220135 0.023194
7 0.712515 0.272783 0.216903 0.027094
7 0.277709 0.273399 0.215209 0.025041
7 0.296798 0.480501 0.184421 0.024220
7 0.714440 0.505747 0.205973 0.028736
7 0.735607 0.241277 0.159945 0.026067
7 0.708436 0.301314 0.208128 0.027504
7 0.291333 0.535817 0.234452 0.026067
7 0.281250 0.622537 0.212746 0.022578
7 0.282482 0.361864 0.215517 0.022989
