7 0.709881 0.502587 0.122921 0.025868
13 0.658259 0.467572 0.229767 0.472838
7 0.396965 0.320492 0.105737 0.023836
1 0.353728 0.180432 0.235726 0.116223
7 0.705030 0.459350 0.110172 0.026977
7 0.596660 0.460920 0.113221 0.022727
7 0.400014 0.504619 0.105737 0.022912
7 0.566796 0.564209 0.049058 0.022727
7 0.638927 0.544623 0.123753 0.026423
7 0.707941 0.271803 0.111003 0.025868
7 0.405211 0.402347 0.122228 0.020880
7 0.637542 0.666205 0.195261 0.024205
7 0.341948 0.609017 0.208287 0.026238
1 0.659715 0.176829 0.226857 0.138581
7 0.705793 0.418607 0.114745 0.024945
7 0.310906 0.505728 0.076912 0.021064
7 0.385116 0.527069 0.019401 0.023836
7 0.293792 0.527439 0.114191 0.022358
7 0.321993 0.673041 0.169484 0.022358
7 0.310213 0.445769 0.073864 0.023836
1 0.353174 0.770695 0.228797 0.131929
7 0.611488 0.478843 0.076081 0.024945
7 0.656804 0.524852 0.230737 0.029010
7 0.291574 0.485588 0.109756 0.023282
7 0.370981 0.381559 0.043237 0.028825
7 0.616616 0.272820 0.073309 0.029749
7 0.262057 0.465724 0.050721 0.024575
7 0.308412 0.341556 0.075804 0.023836
7 0.724016 0.480691 0.087167 0.025684
7 0.372436 0.258315 0.194152 0.039542
7 0.306472 0.630451 0.142045 0.021434
7 0.309659 0.382668 0.073309 0.023651
7 0.611280 0.625647 0.139967 0.033629
7 0.656250 0.438285 0.233786 0.030303
7 0.600402 0.643570 0.115438 0.025868
7 0.673157 0.481245 0.194152 0.026423
2 0.484964 0.481430 0.040604 0.728936
13 0.355183 0.474871 0.234756 0.472653
7 0.596244 0.523466 0.111003 0.024760
7 0.635463 0.399390 0.118764 0.023836
3 0.261572 0.259608 0.047533 0.029194
7 0.615854 0.354952 0.071785 0.025499
7 0.261641 0.404933 0.051552 0.026423
7 0.568805 0.314024 0.056957 0.022727
7 0.316311 0.279379 0.089662 0.026608
1 0.817697 0.477273 0.089108 0.729120
7 0.711752 0.520418 0.126663 0.029749
1 0.193182 0.480783 0.095067 0.725055
1 0.659299 0.771157 0.235726 0.138766
7 0.689648 0.316981 0.013442 0.020880
7 0.262749 0.361511 0.049889 0.020880
7 0.703090 0.292221 0.102688 0.026792
7 0.633592 0.689209 0.187639 0.025868
7 0.597700 0.293514 0.112528 0.026053
7 0.293584 0.320307 0.109340 0.021249
7 0.292336 0.424335 0.109063 0.022727
3 0.562846 0.250924 0.038941 0.026238
8 0.702744 0.529010 0.388304 0.851811
7 0.404518 0.567720 0.119180 0.023836
7 0.690895 0.544715 0.010394 0.022912
7 0.657220 0.505728 0.233786 0.025129
7 0.655280 0.565780 0.229906 0.031781
7 0.384770 0.278271 0.020094 0.022912
7 0.282220 0.569290 0.019540 0.023282
7 0.674543 0.251386 0.187223 0.026423
2 0.524044 0.467387 0.034784 0.722284
7 0.401885 0.338230 0.113914 0.023836
7 0.316935 0.651515 0.155765 0.025499
7 0.417822 0.359109 0.075942 0.029749
7 0.673434 0.397820 0.048365 0.028825
7 0.641422 0.666944 0.198864 0.026792
7 0.411932 0.299612 0.073032 0.019771
7 0.400360 0.444013 0.109479 0.024760
7 0.707594 0.335828 0.116131 0.024945
7 0.725887 0.440965 0.087860 0.027901
7 0.400776 0.464985 0.116131 0.020880
7 0.585435 0.542406 0.017877 0.020880
7 0.599363 0.648189 0.115299 0.024390
7 0.566450 0.499630 0.052799 0.028825
7 0.711682 0.356615 0.124307 0.018847
7 0.649806 0.459534 0.218958 0.025129
7 0.565687 0.437177 0.049889 0.028825
8 0.315479 0.526423 0.391214 0.845159
7 0.263927 0.545270 0.054462 0.024760
7 0.412625 0.483832 0.077467 0.026792
7 0.609202 0.623707 0.137195 0.027531
7 0.300998 0.298965 0.126386 0.021803
7 0.616685 0.420732 0.071508 0.027716
7 0.418999 0.422210 0.079684 0.022912
7 0.601025 0.375554 0.119180 0.026792
7 0.586128 0.585089 0.017877 0.020880
7 0.668168 0.418514 0.186114 0.022542
7 0.702051 0.565041 0.107262 0.031781
7 0.407012 0.549335 0.109479 0.020695
7 0.632553 0.688655 0.181957 0.030673
7 0.596244 0.399390 0.103520 0.020880
7 0.689856 0.376940 0.009701 0.024760
7 0.621120 0.378234 0.157428 0.029194
7 0.597353 0.336013 0.111835 0.023836
7 0.585019 0.584904 0.019817 0.019771
