7 0.675998 0.526330 0.239191 0.016075
7 0.712306 0.665558 0.199557 0.014043
3 0.234618 0.619364 0.076774 0.071323
3 0.579199 0.586475 0.052245 0.037694
7 0.703714 0.273374 0.204545 0.013489
2 0.855044 0.433204 0.093681 0.541944
7 0.320746 0.687454 0.249030 0.021249
7 0.700734 0.491038 0.190826 0.013858
9 0.431680 0.475702 0.050998 0.041574
7 0.670385 0.560237 0.227411 0.016260
7 0.322824 0.274945 0.239884 0.019956
7 0.702744 0.347191 0.210089 0.014043
7 0.323032 0.583518 0.253326 0.020695
7 0.677037 0.630543 0.237389 0.013858
7 0.684382 0.310144 0.264551 0.013489
7 0.355737 0.207964 0.204545 0.017923
7 0.705931 0.419438 0.201220 0.016999
7 0.688470 0.699649 0.263027 0.015336
7 0.326289 0.480691 0.252633 0.019401
3 0.571577 0.336013 0.046425 0.038248
13 0.328991 0.440133 0.279102 0.549150
7 0.362389 0.619272 0.171563 0.017554
3 0.220690 0.296286 0.046425 0.037879
3 0.759077 0.480322 0.022034 0.037509
8 0.274390 0.478197 0.437916 0.820769
7 0.267877 0.377402 0.127494 0.014967
9 0.435768 0.511179 0.036447 0.043052
8 0.715216 0.473854 0.441796 0.820214
7 0.684659 0.383315 0.259008 0.014597
7 0.325942 0.515059 0.252217 0.019401
7 0.347907 0.311807 0.208564 0.016814
7 0.712306 0.593311 0.212306 0.015521
3 0.582733 0.656412 0.052384 0.034922
3 0.571993 0.263950 0.055848 0.033814
10 0.799335 0.546840 0.026885 0.031966
3 0.578506 0.481338 0.054462 0.032520
7 0.663733 0.238544 0.232123 0.013304
7 0.698379 0.204176 0.209119 0.014412
3 0.226718 0.187546 0.049335 0.039911
9 0.410823 0.578437 0.082178 0.033444
3 0.224778 0.398004 0.051552 0.037694
2 0.154379 0.429416 0.085643 0.529933
7 0.682095 0.455931 0.252494 0.013858
7 0.327813 0.242055 0.249307 0.020695
7 0.363428 0.651700 0.166436 0.020695
7 0.323171 0.449279 0.242794 0.019032
13 0.673573 0.440318 0.300028 0.553585
7 0.349501 0.416944 0.196231 0.016814
3 0.568182 0.193551 0.048226 0.032705
9 0.260948 0.568736 0.026053 0.033259
10 0.392877 0.373152 0.112251 0.023836
7 0.319983 0.547302 0.240299 0.018108
10 0.807580 0.620658 0.019540 0.035846
10 0.796355 0.225517 0.027023 0.027901
3 0.575388 0.411031 0.050721 0.032705
7 0.324279 0.345159 0.245843 0.016999
