5 0.520155 0.513623 0.066051 0.030165
7 0.688198 0.432533 0.365226 0.034706
7 0.623361 0.186507 0.467703 0.027246
7 0.675571 0.378852 0.344828 0.024003
8 0.526955 0.497729 0.882953 0.919559
7 0.599563 0.459131 0.420107 0.033409
7 0.629189 0.539410 0.488101 0.027246
7 0.602963 0.325008 0.422050 0.025949
7 0.623361 0.514434 0.408451 0.031787
0 0.568966 0.736458 0.662943 0.276030
7 0.650559 0.215212 0.294803 0.030165
7 0.625789 0.487188 0.457989 0.031787
7 0.608791 0.566818 0.415250 0.024327
7 0.630403 0.350795 0.472074 0.025624
7 0.651773 0.269705 0.519670 0.030165
7 0.588150 0.244729 0.392424 0.032112
5 0.523555 0.325819 0.054395 0.030165
7 0.591792 0.405287 0.389995 0.025624
2 0.294560 0.365229 0.131617 0.460590
7 0.666343 0.300032 0.331229 0.027246
