1 0.683344 0.796388 0.336823 0.071839
1 0.691502 0.713465 0.173645 0.085796
1 0.303110 0.719417 0.175185 0.085796
1 0.413100 0.718391 0.047876 0.087849
1 0.812038 0.655583 0.067426 0.197455
1 0.311268 0.803264 0.335283 0.077791
1 0.460976 0.480911 0.038947 0.706486
1 0.314270 0.098727 0.332358 0.057882
1 0.182574 0.224446 0.065887 0.197660
1 0.812808 0.391112 0.071736 0.139778
1 0.181034 0.579741 0.065887 0.105706
2 0.230373 0.142139 0.016780 0.037151
1 0.181804 0.698481 0.064347 0.127668
1 0.184036 0.425082 0.062962 0.203612
1 0.678033 0.098625 0.323430 0.049877
2 0.625693 0.490866 0.018011 0.024015
1 0.812038 0.190476 0.067426 0.129721
2 0.621998 0.363814 0.018935 0.021141
1 0.534406 0.479988 0.038947 0.700534
1 0.580742 0.715517 0.047876 0.089901
2 0.621459 0.614943 0.017549 0.020525
