3 0.285099 0.319889 0.019397 0.025657
7 0.309498 0.663998 0.244920 0.026683
7 0.309113 0.222085 0.236761 0.027504
7 0.330742 0.596367 0.169489 0.024836
9 0.388701 0.425493 0.028017 0.029146
10 0.363762 0.527812 0.127155 0.020320
7 0.291564 0.254618 0.211207 0.027299
13 0.319350 0.430008 0.292334 0.622742
7 0.321659 0.290948 0.208282 0.026067
7 0.301493 0.392857 0.222137 0.026273
7 0.309883 0.497126 0.238916 0.025862
9 0.258236 0.697557 0.034329 0.031404
3 0.214517 0.572044 0.047876 0.063218
8 0.276401 0.498871 0.435499 0.900452
7 0.319581 0.530378 0.255234 0.026683
7 0.314501 0.356527 0.250308 0.026273
3 0.206435 0.148604 0.028017 0.030378
7 0.310037 0.322763 0.236761 0.025657
7 0.330665 0.153736 0.212131 0.027504
8 0.718981 0.495690 0.427494 0.906814
7 0.316041 0.630747 0.253387 0.027504
7 0.299107 0.426519 0.219828 0.026683
7 0.308344 0.186371 0.228140 0.025862
7 0.331974 0.563732 0.184575 0.025246
3 0.203125 0.283251 0.025708 0.029146
3 0.314809 0.422311 0.023707 0.026888
9 0.437808 0.532943 0.022167 0.028530
7 0.307343 0.461515 0.231989 0.026888
7 0.316272 0.701149 0.252925 0.026273
