7 0.344597 0.447352 0.195967 0.024425
7 0.667796 0.488198 0.126232 0.025657
7 0.579433 0.539101 0.094828 0.025657
7 0.605757 0.421182 0.143165 0.027915
10 0.682728 0.305213 0.114532 0.035304
7 0.635776 0.245792 0.187192 0.032635
8 0.293257 0.490558 0.377463 0.844007
7 0.626001 0.365661 0.071275 0.021552
10 0.658251 0.632697 0.140086 0.037562
3 0.264163 0.623255 0.067118 0.045361
7 0.634621 0.394499 0.194427 0.033662
7 0.341133 0.266318 0.189655 0.022373
10 0.420182 0.354372 0.050647 0.034278
13 0.343827 0.435755 0.229834 0.455665
3 0.265394 0.293103 0.063116 0.046388
7 0.323892 0.590722 0.156712 0.021346
7 0.366533 0.622434 0.142549 0.024015
7 0.372306 0.506260 0.147014 0.021552
7 0.340979 0.534380 0.193658 0.025246
8 0.685191 0.504310 0.375000 0.829639
10 0.712208 0.338362 0.052186 0.024425
13 0.635853 0.442939 0.219982 0.461412
10 0.419720 0.591646 0.041410 0.026478
7 0.639240 0.277094 0.194119 0.028736
7 0.344982 0.326560 0.192734 0.018883
3 0.569119 0.459462 0.081281 0.074097
10 0.678571 0.545772 0.104680 0.036535
3 0.563193 0.324610 0.061422 0.038793
7 0.341518 0.415743 0.192888 0.020320
9 0.606758 0.415948 0.149477 0.038793
7 0.322506 0.474959 0.160099 0.018883
7 0.558805 0.627566 0.061268 0.016626
7 0.342518 0.238095 0.189347 0.021757
3 0.563193 0.360530 0.061422 0.035509
10 0.420951 0.472291 0.042334 0.035304
7 0.322121 0.356117 0.154711 0.018883
3 0.266241 0.502155 0.062962 0.048645
9 0.633698 0.393473 0.195659 0.034893
7 0.363531 0.298851 0.142087 0.019294
7 0.371305 0.387828 0.149015 0.025657
7 0.638470 0.336720 0.092211 0.026888
7 0.340594 0.561987 0.195043 0.020936
10 0.707974 0.428058 0.057266 0.026478
3 0.548337 0.565681 0.068042 0.043103
7 0.626693 0.602422 0.195505 0.030788
7 0.668103 0.457718 0.123461 0.026683
10 0.699276 0.365558 0.074661 0.032020
7 0.638470 0.514060 0.205203 0.034688
7 0.653864 0.574610 0.147937 0.028941
3 0.264163 0.382081 0.068966 0.043309
7 0.583590 0.303366 0.088978 0.021346
