2 0.573818 0.201172 0.017091 0.018757
1 0.296273 0.765533 0.195455 0.097538
2 0.275727 0.663658 0.020182 0.020399
2 0.211727 0.447362 0.037636 0.031419
2 0.523818 0.177374 0.029455 0.028839
1 0.464273 0.405979 0.036182 0.570457
2 0.332273 0.647831 0.020182 0.017819
2 0.641818 0.463189 0.022182 0.020868
2 0.607182 0.428488 0.018000 0.016647
1 0.603364 0.137280 0.197636 0.038687
2 0.345182 0.677843 0.018364 0.014537
2 0.592909 0.231887 0.019273 0.018288
2 0.363091 0.632474 0.017455 0.019461
2 0.425545 0.659555 0.016909 0.018757
1 0.817182 0.727667 0.073636 0.140445
1 0.148818 0.321102 0.077636 0.141383
2 0.528727 0.341735 0.034182 0.036342
2 0.217636 0.600469 0.015636 0.018757
2 0.532545 0.455334 0.034909 0.036577
1 0.809818 0.304220 0.074545 0.141852
2 0.534364 0.488159 0.037818 0.032825
2 0.612818 0.265651 0.018000 0.019226
1 0.145000 0.189918 0.079091 0.115826
1 0.212000 0.147831 0.066909 0.039625
1 0.500455 0.406448 0.038727 0.570926
2 0.621182 0.511020 0.019818 0.017585
1 0.683273 0.755451 0.196727 0.095193
2 0.593636 0.542204 0.014545 0.019461
1 0.158545 0.745487 0.076364 0.139508
1 0.344091 0.146190 0.200182 0.040094
1 0.438364 0.752403 0.082909 0.125674
2 0.533455 0.649355 0.027273 0.035404
1 0.808727 0.173623 0.074545 0.119343
1 0.156455 0.605510 0.078727 0.140445
2 0.574091 0.575967 0.016909 0.017585
2 0.661091 0.314068 0.017455 0.018992
2 0.718182 0.442673 0.016364 0.022509
1 0.812273 0.447362 0.078000 0.142556
1 0.734727 0.135639 0.065091 0.041970
1 0.541273 0.747597 0.093455 0.117468
1 0.814909 0.589801 0.075636 0.140445
1 0.152909 0.462837 0.079273 0.143025
2 0.212000 0.648652 0.034545 0.047128
