7 0.419145 0.566486 0.536506 0.027899
7 0.418605 0.474819 0.539751 0.028623
3 0.269605 0.187862 0.277447 0.164855
7 0.408870 0.318116 0.513791 0.027536
7 0.415089 0.350000 0.537047 0.027536
3 0.464575 0.503986 0.070308 0.036957
2 0.069227 0.435688 0.050838 0.803261
7 0.547323 0.258877 0.261763 0.027899
7 0.418875 0.598551 0.543537 0.025362
2 0.460519 0.067572 0.830178 0.064855
7 0.412115 0.626449 0.522445 0.028261
7 0.418064 0.507428 0.536506 0.027899
3 0.256896 0.288043 0.070308 0.037681
7 0.549757 0.195833 0.283937 0.029348
2 0.810168 0.444384 0.137372 0.807609
8 0.492699 0.501993 0.952948 0.973551
7 0.417253 0.442572 0.539210 0.025000
7 0.419145 0.534239 0.532180 0.026449
13 0.409140 0.393116 0.572742 0.595652
7 0.418064 0.413768 0.534343 0.026812
7 0.414548 0.380978 0.532720 0.027899
7 0.546241 0.167029 0.257436 0.025362
7 0.538940 0.228261 0.262304 0.030435
7 0.552190 0.137862 0.280151 0.028623
3 0.624121 0.445833 0.048675 0.044565
2 0.455652 0.790036 0.839913 0.118478
7 0.412655 0.657428 0.524608 0.028623
7 0.419145 0.287500 0.534343 0.029348
3 0.376149 0.379529 0.062196 0.037319
