7 0.437241 0.352995 0.537931 0.028580
7 0.425287 0.283673 0.514023 0.027364
7 0.427816 0.250228 0.514483 0.026148
7 0.436322 0.666464 0.531494 0.031012
7 0.427586 0.318942 0.521379 0.029188
13 0.436092 0.430374 0.542989 0.562177
7 0.426207 0.178930 0.513103 0.028276
8 0.499310 0.503040 0.946207 0.965947
7 0.432874 0.490575 0.526437 0.029492
7 0.421379 0.216327 0.506207 0.028884
7 0.430345 0.629827 0.518621 0.029492
7 0.424138 0.525996 0.508966 0.029188
7 0.434943 0.388264 0.537011 0.029188
7 0.433793 0.593950 0.531034 0.028884
7 0.430345 0.559745 0.529655 0.027972
7 0.430345 0.422469 0.518621 0.030100
7 0.421149 0.455610 0.505747 0.026452
