7 0.709821 0.348522 0.302032 0.026683
7 0.301801 0.640702 0.308036 0.032225
9 0.640471 0.698276 0.031250 0.040230
7 0.717211 0.516831 0.307574 0.028325
7 0.302032 0.217775 0.295259 0.026683
7 0.334591 0.611453 0.241533 0.026273
7 0.303033 0.515291 0.303110 0.026888
7 0.711361 0.644499 0.309421 0.026273
13 0.708744 0.434011 0.332512 0.625000
3 0.827663 0.313116 0.030942 0.032635
7 0.298799 0.482143 0.296798 0.029557
7 0.308805 0.705665 0.308805 0.025041
9 0.226601 0.535817 0.030172 0.031814
3 0.371228 0.245587 0.042334 0.037562
7 0.705665 0.451560 0.297414 0.027504
7 0.309267 0.413588 0.303571 0.026683
7 0.308190 0.153120 0.305727 0.032430
9 0.169412 0.407430 0.034329 0.036125
8 0.719366 0.499076 0.436268 0.868432
7 0.732836 0.413998 0.258775 0.027504
7 0.729218 0.381671 0.252155 0.025657
7 0.307266 0.312603 0.296182 0.027504
7 0.709052 0.578818 0.301416 0.028325
7 0.711361 0.484401 0.305727 0.028325
7 0.305804 0.281199 0.295720 0.025452
13 0.307420 0.432369 0.345135 0.645115
3 0.180111 0.583641 0.056342 0.069992
7 0.301339 0.185653 0.289255 0.028120
7 0.712438 0.184524 0.299877 0.036535
3 0.643550 0.509134 0.042334 0.038793
7 0.702586 0.252155 0.285099 0.028120
9 0.300031 0.473420 0.024938 0.037562
7 0.311961 0.376334 0.306188 0.030993
3 0.656712 0.313116 0.034791 0.035099
7 0.704433 0.676314 0.296490 0.024220
7 0.297183 0.345238 0.277248 0.027504
8 0.283790 0.489943 0.434883 0.873563
9 0.442118 0.542077 0.051108 0.038998
7 0.303648 0.447763 0.292026 0.030583
7 0.703202 0.707410 0.293719 0.026478
7 0.736607 0.318042 0.254618 0.026067
7 0.736761 0.285509 0.266010 0.025862
9 0.326509 0.506055 0.021860 0.030583
3 0.269243 0.112787 0.073276 0.097496
9 0.568658 0.638547 0.033251 0.040230
7 0.299338 0.250718 0.288023 0.028120
7 0.303725 0.548235 0.302648 0.027094
7 0.330049 0.578202 0.246613 0.029146
3 0.577817 0.296182 0.044181 0.073892
7 0.703356 0.610427 0.306034 0.029967
7 0.712669 0.548337 0.307420 0.028120
3 0.579664 0.396962 0.047876 0.077586
7 0.303033 0.672619 0.300647 0.031609
7 0.709206 0.217980 0.294643 0.035714
3 0.696583 0.347599 0.039409 0.038793
7 0.705203 0.156096 0.289101 0.029762
