7 0.675497 0.656373 0.246137 0.023529
13 0.676416 0.478922 0.283664 0.516667
7 0.371045 0.369853 0.238411 0.013725
7 0.674669 0.368137 0.261038 0.028922
7 0.674209 0.243505 0.247241 0.029167
7 0.675865 0.623652 0.241354 0.025735
7 0.680740 0.495711 0.256990 0.021324
7 0.697296 0.432353 0.208057 0.028431
7 0.672093 0.338603 0.244849 0.025245
13 0.376472 0.477574 0.270971 0.513971
7 0.680556 0.587990 0.257726 0.027941
7 0.379231 0.619975 0.253679 0.024265
7 0.375368 0.684436 0.248896 0.022794
7 0.397351 0.307230 0.197940 0.013971
7 0.384566 0.279657 0.174209 0.019608
7 0.374080 0.558088 0.244849 0.021569
3 0.561534 0.447181 0.068985 0.071814
8 0.331862 0.510784 0.395511 0.827941
7 0.669610 0.274755 0.240250 0.028922
7 0.697388 0.463235 0.207873 0.014216
8 0.720107 0.506863 0.401950 0.850980
9 0.751380 0.390196 0.084437 0.038725
7 0.678624 0.309314 0.257542 0.025980
7 0.677796 0.555392 0.247425 0.025980
7 0.668966 0.399020 0.238962 0.027451
7 0.375920 0.653309 0.249264 0.021324
7 0.377943 0.495221 0.252943 0.023284
7 0.377299 0.713725 0.252759 0.022059
7 0.676141 0.523897 0.251104 0.025735
7 0.679176 0.686642 0.250184 0.025245
7 0.377667 0.338358 0.252391 0.013480
7 0.374356 0.401716 0.246137 0.021569
7 0.377851 0.248284 0.250184 0.010784
7 0.677152 0.717157 0.246505 0.026471
9 0.783297 0.332108 0.029065 0.036765
7 0.377667 0.431985 0.249816 0.020343
7 0.374540 0.524877 0.245401 0.021324
3 0.250920 0.312623 0.110375 0.130637
7 0.375736 0.588725 0.245585 0.020588
9 0.601913 0.306250 0.023547 0.040441
7 0.373436 0.463971 0.244297 0.020098
