0 0.580490 0.273841 0.132653 0.236471
7 0.634938 0.503267 0.230277 0.020216
7 0.654432 0.473453 0.162961 0.021033
7 0.627932 0.415663 0.222358 0.021442
7 0.698523 0.385338 0.099756 0.019195
7 0.698751 0.299367 0.095949 0.018787
7 0.658163 0.444660 0.162808 0.019808
7 0.641943 0.532877 0.232409 0.019808
7 0.696924 0.242802 0.094426 0.019604
9 0.671794 0.141924 0.144685 0.036349
7 0.695324 0.360016 0.097320 0.020421
7 0.638136 0.594037 0.232105 0.019195
13 0.637755 0.367878 0.255407 0.492751
8 0.325465 0.435266 0.329577 0.813355
7 0.696238 0.181029 0.104935 0.021033
9 0.730506 0.319175 0.020865 0.036349
9 0.526500 0.408515 0.020713 0.027976
7 0.700426 0.271901 0.099299 0.019400
7 0.695934 0.212477 0.101279 0.020625
8 0.681084 0.419747 0.346025 0.785583
7 0.626713 0.150398 0.227231 0.020625
7 0.700046 0.327650 0.100366 0.021033
3 0.546299 0.456300 0.069144 0.068409
9 0.697761 0.170615 0.117728 0.034919
7 0.638669 0.564019 0.233475 0.019195
