2 0.187423 0.629516 0.041718 0.022167
2 0.780095 0.367303 0.025092 0.023604
2 0.619381 0.477217 0.029095 0.032020
2 0.187346 0.392447 0.033251 0.036946
2 0.722137 0.498768 0.034483 0.027915
2 0.619381 0.422927 0.031250 0.026478
2 0.189039 0.548132 0.032328 0.029351
2 0.194735 0.277915 0.029557 0.039409
2 0.688808 0.280378 0.036484 0.036125
2 0.187346 0.335796 0.036946 0.041872
2 0.187500 0.605193 0.043719 0.026478
2 0.618842 0.448686 0.034483 0.019294
2 0.189039 0.576663 0.038485 0.024836
2 0.619381 0.390907 0.031250 0.026478
2 0.692426 0.366687 0.035406 0.030583
2 0.742534 0.311679 0.043873 0.031814
2 0.190117 0.655275 0.042796 0.029351
2 0.225600 0.687295 0.026016 0.034688
