10 0.712129 0.573580 0.048665 0.026662
8 0.703394 0.515928 0.457449 0.923823
2 0.678687 0.742382 0.400050 0.225069
2 0.511854 0.483206 0.077365 0.769737
0 0.645995 0.344702 0.179436 0.269044
3 0.575742 0.532548 0.112303 0.112881
3 0.565760 0.604917 0.036935 0.038781
7 0.659596 0.610111 0.149738 0.026316
7 0.673197 0.576177 0.078612 0.026316
7 0.683679 0.541378 0.090591 0.026662
8 0.232967 0.502597 0.462940 0.906163
2 0.671450 0.155471 0.387073 0.107341
7 0.686174 0.506233 0.099576 0.026316
13 0.629648 0.549688 0.225106 0.149238
2 0.811205 0.464508 0.138008 0.725416
