7 0.558311 0.373944 0.538054 0.022012
7 0.547709 0.307397 0.514578 0.024571
3 0.754449 0.647172 0.061719 0.039672
7 0.553578 0.275531 0.527830 0.024827
2 0.204847 0.192859 0.121166 0.279754
7 0.566073 0.651651 0.531617 0.023547
7 0.548845 0.476325 0.510034 0.021500
3 0.614919 0.270924 0.081030 0.041720
3 0.457402 0.578065 0.090875 0.043768
3 0.478607 0.407986 0.081030 0.044024
7 0.558690 0.241106 0.535782 0.024059
7 0.551874 0.444843 0.511549 0.030202
7 0.554714 0.615690 0.506626 0.018684
7 0.555282 0.512542 0.516092 0.019196
13 0.542030 0.401459 0.584248 0.539800
8 0.502083 0.489122 0.942825 0.950090
3 0.679099 0.200665 0.076108 0.044024
7 0.616433 0.203609 0.418023 0.030458
7 0.556607 0.410929 0.527073 0.023803
7 0.555661 0.583312 0.505490 0.024571
3 0.766566 0.477732 0.063234 0.042744
7 0.619273 0.171359 0.423703 0.027387
3 0.331314 0.184029 0.144642 0.076785
7 0.539379 0.333248 0.501704 0.023036
7 0.565505 0.547607 0.529724 0.022268
