7 0.645998 0.203757 0.235088 0.025316
9 0.279595 0.606064 0.020846 0.029196
3 0.386260 0.453757 0.041236 0.036954
7 0.343198 0.602899 0.216829 0.028583
7 0.373098 0.633013 0.173463 0.025521
7 0.342438 0.544814 0.218655 0.028787
7 0.649802 0.527256 0.225959 0.025112
7 0.642498 0.236933 0.229002 0.021846
7 0.346850 0.453348 0.233262 0.037362
7 0.344416 0.576460 0.221089 0.029196
7 0.336427 0.216007 0.222459 0.031850
3 0.599133 0.528583 0.041236 0.034708
7 0.652617 0.616272 0.221546 0.029604
9 0.378043 0.631176 0.017803 0.037771
3 0.605143 0.203757 0.042909 0.029808
7 0.649726 0.470294 0.230371 0.026746
7 0.339623 0.395468 0.217285 0.032258
7 0.338558 0.273683 0.227024 0.037771
7 0.652313 0.411494 0.238284 0.029196
9 0.402465 0.540527 0.024954 0.034912
7 0.659997 0.381074 0.183049 0.025929
3 0.739044 0.583810 0.035910 0.034504
3 0.388771 0.360453 0.042909 0.034504
7 0.346166 0.515210 0.227024 0.033279
13 0.336503 0.448040 0.260956 0.518375
7 0.371576 0.662924 0.167072 0.028991
7 0.645770 0.354941 0.227024 0.027971
3 0.720177 0.643834 0.046257 0.034504
3 0.619674 0.267048 0.044583 0.032258
3 0.360469 0.273989 0.044735 0.036750
7 0.342514 0.305431 0.230371 0.037566
3 0.728774 0.442221 0.039410 0.032258
7 0.342970 0.367701 0.228850 0.032258
7 0.642727 0.323295 0.224893 0.027154
8 0.292605 0.489486 0.369142 0.767048
7 0.344187 0.338608 0.232502 0.033687
13 0.649726 0.433034 0.262629 0.516129
7 0.335666 0.249388 0.219111 0.033687
7 0.342590 0.426296 0.219568 0.031850
7 0.653150 0.585341 0.232958 0.029400
3 0.259206 0.650674 0.051582 0.062066
7 0.643335 0.292058 0.226719 0.029604
8 0.677952 0.470906 0.347079 0.794406
7 0.618305 0.443855 0.169963 0.023683
3 0.549300 0.385770 0.037736 0.034504
7 0.648813 0.556758 0.220633 0.030625
7 0.653074 0.650265 0.225198 0.023683
7 0.640596 0.265006 0.218503 0.027766
7 0.347155 0.486117 0.232349 0.034300
7 0.646607 0.497040 0.219264 0.028379
