7 0.521767 0.357972 0.036062 0.033712
7 0.682342 0.482707 0.463450 0.049694
7 0.652859 0.571669 0.403509 0.043077
8 0.673002 0.474217 0.653996 0.756649
7 0.610949 0.419903 0.314165 0.039705
7 0.663743 0.542889 0.323587 0.041703
7 0.664230 0.245536 0.415854 0.043077
7 0.499431 0.329879 0.075861 0.032963
7 0.501949 0.180984 0.091293 0.042327
7 0.493665 0.507492 0.078298 0.033337
7 0.647092 0.303409 0.276316 0.039705
13 0.697612 0.418716 0.482943 0.527032
7 0.689165 0.595143 0.379955 0.040829
7 0.493340 0.386752 0.092917 0.034336
7 0.698343 0.658634 0.336582 0.041204
7 0.670322 0.277313 0.391650 0.042952
7 0.710608 0.451055 0.429662 0.045324
7 0.529971 0.215445 0.033626 0.038332
7 0.653509 0.626732 0.251462 0.042577
