7 0.698502 0.444304 0.186206 0.023185
0 0.313517 0.423891 0.186206 0.464718
3 0.742881 0.415071 0.027922 0.031250
13 0.700629 0.450731 0.207840 0.411038
3 0.656620 0.362399 0.142751 0.132560
7 0.635170 0.557334 0.066938 0.017893
8 0.732526 0.525454 0.453217 0.856855
2 0.433894 0.507434 0.056768 0.686744
2 0.851794 0.492692 0.117049 0.684980
2 0.279956 0.182082 0.362426 0.050151
2 0.281250 0.756552 0.363536 0.191028
2 0.572023 0.498110 0.049371 0.678679
7 0.760725 0.393775 0.051036 0.020413
7 0.766457 0.367944 0.068417 0.022177
7 0.702293 0.501134 0.085799 0.028478
3 0.620747 0.581149 0.038462 0.030746
2 0.728550 0.196825 0.357249 0.093246
7 0.694157 0.286542 0.186760 0.026210
2 0.158931 0.505040 0.117788 0.692540
7 0.715514 0.581149 0.154401 0.020161
3 0.620655 0.642263 0.029771 0.046623
7 0.758413 0.340474 0.050851 0.021673
7 0.713018 0.524950 0.161982 0.021169
7 0.711446 0.636845 0.161428 0.025202
3 0.626572 0.484627 0.070821 0.054435
7 0.637297 0.608619 0.069712 0.020665
10 0.768306 0.498110 0.059172 0.020413
7 0.772374 0.420237 0.018861 0.019405
7 0.760263 0.309980 0.053809 0.021673
10 0.736409 0.607485 0.129253 0.019405
7 0.729567 0.475932 0.136280 0.017389
3 0.614368 0.527596 0.040496 0.031502
7 0.695451 0.259325 0.194527 0.025202
2 0.729475 0.749622 0.363536 0.176663
10 0.735484 0.552545 0.127404 0.019405
8 0.278661 0.537802 0.459689 0.847782
