7 0.694637 0.478474 0.240438 0.037509
7 0.410962 0.354398 0.183343 0.024760
7 0.409091 0.309682 0.182373 0.022912
7 0.685560 0.507021 0.221175 0.040281
8 0.402162 0.491778 0.288248 0.582964
7 0.410477 0.377587 0.188193 0.023466
7 0.659091 0.309497 0.189579 0.029564
7 0.406527 0.333149 0.177245 0.024760
7 0.593126 0.639967 0.058204 0.039357
13 0.691519 0.452051 0.269678 0.441426
7 0.432996 0.286216 0.135948 0.023282
7 0.681333 0.361973 0.199141 0.035846
7 0.748891 0.562177 0.057095 0.017554
13 0.408329 0.326497 0.196646 0.164449
7 0.691380 0.599132 0.237528 0.032336
3 0.336544 0.273466 0.046979 0.052106
7 0.679462 0.334350 0.215909 0.036031
7 0.688124 0.389782 0.205238 0.038987
7 0.405349 0.399390 0.178769 0.023097
7 0.687639 0.279749 0.247228 0.041390
7 0.672810 0.420547 0.191796 0.036955
7 0.679878 0.451959 0.201220 0.034368
8 0.692558 0.484848 0.286447 0.573910
7 0.691796 0.539542 0.226441 0.033999
7 0.427176 0.264135 0.125416 0.022358
