7 0.668782 0.482966 0.234915 0.018873
7 0.671450 0.285172 0.239882 0.021814
8 0.293414 0.522304 0.422001 0.838725
10 0.416943 0.255270 0.124908 0.031618
7 0.673105 0.432598 0.243561 0.021078
7 0.674669 0.230882 0.248528 0.023529
7 0.351545 0.287010 0.230316 0.020098
3 0.251288 0.668505 0.050037 0.054657
7 0.358444 0.632230 0.243010 0.024265
7 0.674761 0.408824 0.247609 0.023039
3 0.243377 0.356740 0.035688 0.032598
8 0.721762 0.519853 0.434695 0.830392
7 0.377667 0.684314 0.204562 0.023039
9 0.244297 0.557108 0.022811 0.031373
7 0.354397 0.336765 0.241170 0.021569
7 0.699135 0.676103 0.202907 0.018873
7 0.369481 0.509804 0.213944 0.022549
2 0.841611 0.491667 0.075055 0.700490
13 0.353937 0.464093 0.273363 0.512500
7 0.672553 0.700858 0.239882 0.019853
9 0.663355 0.599020 0.018764 0.027941
7 0.673197 0.258456 0.243745 0.017892
9 0.450331 0.624510 0.058131 0.031373
3 0.243102 0.506985 0.031457 0.027206
7 0.359088 0.362990 0.229581 0.022549
7 0.352557 0.234069 0.233076 0.018627
7 0.675497 0.530637 0.242826 0.018137
7 0.694352 0.651961 0.197756 0.018627
9 0.695456 0.573284 0.021155 0.027941
7 0.285320 0.485784 0.107432 0.019608
10 0.445088 0.430637 0.061994 0.023039
7 0.360283 0.537745 0.258094 0.022549
7 0.669058 0.604657 0.237307 0.018137
9 0.323859 0.604779 0.020052 0.026716
9 0.747057 0.647059 0.101913 0.029412
7 0.672737 0.311520 0.242826 0.024020
7 0.359731 0.607475 0.245953 0.022794
3 0.246321 0.457843 0.037896 0.027941
7 0.356972 0.312255 0.248896 0.021078
2 0.710541 0.176225 0.337196 0.073039
7 0.671634 0.629044 0.240986 0.018382
7 0.352281 0.387377 0.245401 0.022304
2 0.710449 0.778554 0.332230 0.123284
9 0.327723 0.579289 0.026306 0.025735
7 0.673841 0.507843 0.240250 0.018627
7 0.352741 0.414338 0.241538 0.019853
7 0.371413 0.659314 0.194996 0.025000
7 0.677428 0.334681 0.245217 0.023284
3 0.373620 0.626961 0.034584 0.026471
10 0.406273 0.481373 0.139625 0.025490
7 0.672001 0.384804 0.239146 0.020588
3 0.569444 0.661642 0.050589 0.058088
13 0.668046 0.462500 0.267292 0.502451
9 0.704930 0.499877 0.024283 0.027206
7 0.356052 0.560662 0.239698 0.024265
7 0.358076 0.584069 0.244113 0.023529
7 0.674209 0.555392 0.245033 0.021569
7 0.367366 0.460294 0.206770 0.021569
7 0.670806 0.581618 0.239330 0.020098
7 0.362675 0.707598 0.251104 0.025000
7 0.672829 0.457721 0.240066 0.020343
7 0.301049 0.260294 0.127483 0.018137
7 0.673197 0.359436 0.242274 0.020343
7 0.323216 0.437745 0.186534 0.018627
3 0.244021 0.280760 0.035504 0.032598
