10 0.687115 0.305316 0.047876 0.021141
3 0.228525 0.627258 0.039871 0.040230
13 0.624307 0.422619 0.214132 0.461002
10 0.349215 0.567734 0.079587 0.027094
3 0.228140 0.284072 0.035406 0.028325
10 0.685807 0.509852 0.053879 0.020115
2 0.152940 0.424979 0.107913 0.439860
3 0.548722 0.620792 0.039871 0.031814
3 0.228525 0.364224 0.043257 0.030583
10 0.683575 0.539409 0.053110 0.027094
10 0.371767 0.437397 0.034483 0.021346
10 0.687962 0.334257 0.042488 0.024836
7 0.649323 0.386597 0.160099 0.011289
13 0.319658 0.427956 0.225523 0.448276
10 0.364301 0.361351 0.060191 0.017857
7 0.331743 0.594212 0.159175 0.010673
7 0.650785 0.511905 0.161176 0.010673
10 0.678725 0.276991 0.062808 0.021141
7 0.331050 0.623050 0.167334 0.012931
7 0.333205 0.470443 0.162100 0.011905
10 0.363839 0.621305 0.050339 0.028325
10 0.683113 0.219828 0.050339 0.020115
3 0.229449 0.493432 0.038023 0.027094
7 0.330819 0.520115 0.160406 0.011905
3 0.548260 0.588875 0.040794 0.029557
7 0.649938 0.489224 0.157943 0.011289
3 0.545182 0.306548 0.043257 0.030583
7 0.332358 0.391010 0.162869 0.011905
3 0.548722 0.410304 0.039871 0.028325
7 0.330511 0.234298 0.165640 0.014573
3 0.229449 0.256363 0.043257 0.029557
3 0.228525 0.440374 0.032789 0.024836
7 0.649554 0.333949 0.156250 0.010263
10 0.342672 0.228654 0.096367 0.028325
3 0.551801 0.560550 0.040794 0.027094
7 0.655095 0.589594 0.166718 0.011289
3 0.548260 0.459873 0.040794 0.023604
3 0.546490 0.279351 0.038793 0.025862
7 0.649246 0.412664 0.159329 0.014163
7 0.654711 0.619766 0.167488 0.011289
7 0.329664 0.544027 0.161792 0.012931
3 0.548260 0.535304 0.044181 0.025862
10 0.684960 0.484606 0.045105 0.021346
3 0.548260 0.334154 0.042334 0.027094
10 0.360299 0.516933 0.054033 0.022373
7 0.648091 0.282020 0.159175 0.011905
7 0.332743 0.416051 0.158097 0.010673
7 0.652401 0.565168 0.166256 0.010878
10 0.359837 0.386084 0.072506 0.022578
10 0.362069 0.308908 0.060961 0.016420
7 0.646937 0.225164 0.163023 0.025041
10 0.362531 0.337746 0.067118 0.022373
3 0.228987 0.592467 0.033713 0.019910
2 0.786253 0.418001 0.107913 0.458744
7 0.331589 0.442631 0.160406 0.010878
3 0.227679 0.335899 0.043411 0.023604
3 0.548260 0.381363 0.037100 0.027094
10 0.339594 0.541154 0.097291 0.016626
3 0.545182 0.250411 0.036176 0.027094
7 0.332204 0.261289 0.164101 0.013957
7 0.333590 0.495279 0.164409 0.010263
7 0.331127 0.313013 0.164409 0.010673
10 0.358990 0.465107 0.068966 0.017652
10 0.348368 0.414409 0.081281 0.020115
8 0.686192 0.499282 0.428110 0.869253
3 0.229911 0.465722 0.038947 0.028325
10 0.684883 0.249282 0.043411 0.015394
10 0.691118 0.357245 0.036176 0.023604
10 0.672491 0.405583 0.071583 0.021346
8 0.251155 0.496408 0.440425 0.875000
7 0.334744 0.570710 0.161176 0.010878
7 0.332589 0.339388 0.168873 0.011289
10 0.358143 0.591338 0.065425 0.029557
7 0.647475 0.359503 0.163793 0.010878
7 0.652786 0.538793 0.158713 0.010673
7 0.334514 0.366687 0.160099 0.014573
3 0.230296 0.568247 0.032635 0.023604
3 0.231219 0.387828 0.043411 0.026067
3 0.548645 0.485119 0.041564 0.029351
10 0.360760 0.284688 0.062038 0.020115
3 0.546490 0.435037 0.040640 0.028120
10 0.346598 0.258108 0.093750 0.023604
3 0.548722 0.509955 0.043257 0.029351
10 0.678264 0.459257 0.061884 0.024836
3 0.228525 0.517549 0.039871 0.023604
3 0.229834 0.413793 0.040640 0.021346
3 0.230373 0.311884 0.038023 0.022373
7 0.649323 0.436268 0.160714 0.010878
7 0.647475 0.253900 0.159483 0.010263
7 0.649323 0.462028 0.155788 0.010673
3 0.543411 0.220341 0.039717 0.033046
7 0.648707 0.310858 0.160406 0.011289
3 0.229834 0.542385 0.035406 0.023604
10 0.694196 0.383723 0.031866 0.024836
3 0.228140 0.226293 0.042488 0.040025
3 0.547799 0.358374 0.036176 0.025862
7 0.330203 0.288280 0.165640 0.012521
10 0.678725 0.433908 0.064655 0.018883
