5 0.368833 0.590909 0.028132 0.022542
7 0.621605 0.657890 0.151746 0.022358
7 0.608786 0.479120 0.163803 0.024021
5 0.535338 0.661216 0.017184 0.028271
7 0.433343 0.570492 0.154656 0.019771
7 0.446161 0.593958 0.129296 0.017923
5 0.438124 0.342018 0.019540 0.025868
5 0.551344 0.526238 0.016768 0.021803
5 0.573794 0.571323 0.020371 0.022173
13 0.431472 0.485403 0.170870 0.387288
3 0.538179 0.382576 0.022312 0.051183
7 0.610726 0.436160 0.167960 0.027162
7 0.607054 0.413156 0.161170 0.027716
7 0.433689 0.389874 0.150915 0.028825
5 0.585435 0.614191 0.020371 0.025129
13 0.611142 0.488452 0.176829 0.383407
7 0.432511 0.504157 0.154933 0.021619
7 0.433065 0.436068 0.156042 0.023282
5 0.656042 0.456208 0.021064 0.020325
7 0.435560 0.343034 0.153825 0.029379
5 0.497228 0.661678 0.011918 0.026608
5 0.653271 0.364283 0.011918 0.016814
7 0.611003 0.614468 0.166020 0.020140
7 0.434451 0.548965 0.155765 0.017738
7 0.609895 0.546748 0.164911 0.022542
7 0.433065 0.482077 0.156042 0.021434
7 0.607677 0.524760 0.161308 0.020695
7 0.608024 0.569568 0.160061 0.019401
7 0.432165 0.638489 0.155072 0.019032
7 0.435006 0.412971 0.152993 0.025499
7 0.433343 0.527531 0.155211 0.021803
7 0.611766 0.637195 0.168376 0.019401
7 0.431749 0.660569 0.153409 0.023282
7 0.618625 0.367424 0.137195 0.024575
7 0.619665 0.388766 0.136502 0.023651
5 0.425928 0.434128 0.021480 0.026053
5 0.473947 0.479675 0.013858 0.022173
8 0.395441 0.521434 0.246258 0.584627
7 0.432442 0.614191 0.155072 0.018477
7 0.608994 0.503049 0.164496 0.020880
7 0.611142 0.319013 0.168237 0.032336
7 0.609618 0.458795 0.167406 0.021434
5 0.489814 0.527624 0.013442 0.019771
7 0.434382 0.458333 0.153686 0.024575
5 0.617517 0.410107 0.024390 0.023097
7 0.609548 0.344697 0.164773 0.025314
7 0.435698 0.319383 0.153548 0.032336
7 0.434382 0.366131 0.148975 0.027531
7 0.608786 0.592757 0.162694 0.017738
5 0.420524 0.384793 0.021757 0.024575
8 0.641560 0.519863 0.240438 0.580746
