2 0.267780 0.468186 0.030018 0.030378
2 0.269627 0.496408 0.026324 0.024425
2 0.264547 0.197250 0.032174 0.024220
2 0.548876 0.575944 0.027863 0.031199
2 0.548107 0.280070 0.030634 0.022373
2 0.267472 0.383415 0.030634 0.028325
2 0.548876 0.333641 0.027863 0.024425
2 0.268550 0.523707 0.028479 0.028120
2 0.547722 0.436576 0.027094 0.023399
2 0.548107 0.413588 0.027863 0.024220
2 0.549261 0.360016 0.031404 0.030378
2 0.265625 0.307882 0.030018 0.023399
2 0.547799 0.200123 0.035868 0.028325
2 0.548107 0.303469 0.027863 0.026478
2 0.547722 0.253284 0.031404 0.029146
2 0.547337 0.226498 0.032174 0.026478
1 0.203356 0.387213 0.090209 0.430419
2 0.270397 0.440887 0.026324 0.020525
2 0.269627 0.548645 0.027863 0.023399
2 0.547029 0.490045 0.030018 0.027299
2 0.268165 0.575431 0.023399 0.030172
2 0.268165 0.225062 0.027709 0.029351
2 0.270012 0.332718 0.028633 0.026273
1 0.787100 0.385468 0.092057 0.436371
2 0.547029 0.385776 0.025708 0.027299
2 0.265933 0.255234 0.032174 0.029351
2 0.267087 0.279146 0.031404 0.028325
2 0.547799 0.463362 0.024169 0.024425
2 0.267472 0.355193 0.026324 0.022373
2 0.549261 0.517857 0.027094 0.028325
2 0.548107 0.545669 0.026324 0.029351
2 0.267857 0.414101 0.025554 0.025246
