9 0.648510 0.160406 0.175634 0.026871
3 0.226323 0.821771 0.210760 0.108034
13 0.532904 0.452838 0.876390 0.873869
7 0.658293 0.852207 0.623833 0.020291
7 0.429969 0.168220 0.620720 0.019468
9 0.312139 0.299561 0.029346 0.027146
10 0.616052 0.483822 0.100044 0.045791
10 0.884615 0.063751 0.103602 0.036468
7 0.634060 0.704003 0.581592 0.018371
9 0.346598 0.734576 0.031570 0.023033
7 0.539573 0.515766 0.815029 0.018097
7 0.590707 0.361804 0.368608 0.021662
10 0.619831 0.233205 0.273900 0.049081
3 0.212317 0.408007 0.201423 0.117357
7 0.528679 0.101453 0.843931 0.021936
10 0.141396 0.641486 0.042686 0.047985
9 0.178524 0.605018 0.116941 0.029888
10 0.850378 0.177269 0.183637 0.076501
7 0.520676 0.231560 0.811916 0.018920
10 0.757003 0.679600 0.107159 0.021662
10 0.419964 0.358377 0.192530 0.029613
7 0.508004 0.196874 0.511783 0.033452
9 0.607826 0.360845 0.181414 0.033452
9 0.355047 0.673979 0.031570 0.018097
7 0.578702 0.455032 0.730547 0.026049
7 0.642730 0.817384 0.581147 0.018097
7 0.627390 0.394022 0.605602 0.017549
9 0.130280 0.233891 0.049800 0.024678
7 0.591596 0.298739 0.580258 0.017823
3 0.218764 0.714286 0.217875 0.097614
7 0.521787 0.132986 0.817697 0.025226
9 0.729880 0.327941 0.062695 0.029613
7 0.535794 0.548396 0.805691 0.018645
9 0.671632 0.130107 0.033348 0.020565
7 0.633615 0.788730 0.560249 0.020016
9 0.678746 0.677132 0.056470 0.024404
10 0.777234 0.481629 0.210760 0.045791
7 0.491329 0.647930 0.650956 0.038936
10 0.556914 0.420483 0.207648 0.033178
10 0.402401 0.482726 0.290796 0.032081
7 0.501334 0.032904 0.166741 0.018645
9 0.265007 0.166301 0.136060 0.030984
9 0.620498 0.576638 0.039573 0.024678
9 0.460427 0.233342 0.062695 0.025775
3 0.203868 0.294214 0.188084 0.098711
7 0.605825 0.264601 0.595376 0.018097
9 0.196309 0.577872 0.140062 0.027146
9 0.861716 0.226899 0.137839 0.030984
9 0.543130 0.605703 0.177412 0.028517
10 0.185860 0.198519 0.131614 0.029613
10 0.795909 0.356594 0.184971 0.035372
9 0.494887 0.646148 0.637617 0.042501
7 0.643619 0.760214 0.590929 0.017823
8 0.494664 0.499452 0.963539 0.971483
7 0.520009 0.578009 0.800800 0.017549
10 0.887506 0.643131 0.135171 0.037565
9 0.724989 0.758980 0.056470 0.025775
7 0.539573 0.331368 0.460205 0.018371
9 0.204535 0.133260 0.190307 0.029613
9 0.866830 0.757746 0.169409 0.030984
7 0.180969 0.487250 0.130725 0.020839
9 0.870165 0.676583 0.125389 0.023307
7 0.525122 0.071017 0.824366 0.022484
7 0.628279 0.733891 0.554913 0.017823
7 0.376167 0.605292 0.504224 0.018920
7 0.383059 0.422402 0.139173 0.018920
7 0.638728 0.678640 0.596265 0.020291
10 0.787461 0.419386 0.231214 0.033178
10 0.763450 0.604332 0.242775 0.040033
