7 0.619073 0.463054 0.201509 0.022578
7 0.339363 0.391933 0.199046 0.031814
7 0.627155 0.262726 0.213670 0.022578
7 0.334437 0.443247 0.186115 0.026478
7 0.342211 0.367303 0.208436 0.030172
8 0.278017 0.514676 0.397475 0.801929
7 0.335206 0.292385 0.194735 0.027709
7 0.345905 0.318555 0.217365 0.032430
7 0.625462 0.314450 0.206589 0.022578
2 0.174338 0.455049 0.112223 0.391215
7 0.344982 0.521141 0.204741 0.028736
7 0.624153 0.389778 0.205203 0.018883
13 0.622229 0.442529 0.223830 0.400657
7 0.619458 0.439347 0.205049 0.023604
7 0.626308 0.339594 0.207666 0.021552
7 0.349831 0.622332 0.211977 0.028325
13 0.348060 0.444581 0.228756 0.399425
7 0.623922 0.363711 0.209975 0.020936
7 0.350677 0.597393 0.213362 0.024015
7 0.333590 0.267344 0.191810 0.028941
7 0.616841 0.415025 0.194581 0.022989
7 0.348599 0.467775 0.206127 0.029146
7 0.346829 0.571018 0.211515 0.027094
7 0.623922 0.287048 0.207204 0.021962
7 0.626078 0.540948 0.209052 0.021552
7 0.338285 0.343288 0.201817 0.028941
7 0.619304 0.513855 0.204126 0.021962
7 0.346598 0.545669 0.207358 0.030583
7 0.622999 0.618534 0.206281 0.021141
7 0.343750 0.496408 0.201970 0.025657
2 0.786561 0.442016 0.103294 0.393062
7 0.616533 0.565887 0.197660 0.021346
7 0.337823 0.418822 0.197814 0.029762
7 0.619458 0.489840 0.196736 0.022783
8 0.683036 0.508621 0.402709 0.801314
7 0.624076 0.590928 0.210283 0.022167
