7 0.731578 0.549981 0.379687 0.024804
3 0.601484 0.385454 0.253179 0.195313
7 0.822628 0.311106 0.165308 0.025427
7 0.831431 0.370934 0.181611 0.019943
10 0.892729 0.667581 0.051190 0.025178
3 0.772008 0.426274 0.066025 0.039137
2 0.667264 0.731958 0.526573 0.091362
7 0.850668 0.428954 0.110205 0.020566
7 0.688458 0.580394 0.448973 0.023059
7 0.831024 0.340646 0.188621 0.018696
3 0.496903 0.548299 0.086404 0.037891
7 0.693512 0.249782 0.445060 0.023682
3 0.495354 0.217687 0.067656 0.035523
7 0.823199 0.462545 0.166775 0.025427
10 0.879361 0.520067 0.076296 0.027047
7 0.645093 0.521127 0.356048 0.023682
9 0.822873 0.274710 0.206554 0.047613
8 0.629524 0.504736 0.724649 0.778886
7 0.693512 0.490839 0.445060 0.022934
7 0.689599 0.279260 0.445712 0.024804
7 0.727665 0.640222 0.368601 0.021064
13 0.690007 0.439860 0.471634 0.497569
7 0.718210 0.220803 0.381317 0.022062
3 0.502445 0.637542 0.078578 0.044372
7 0.829557 0.400100 0.177861 0.021688
10 0.770134 0.609311 0.253994 0.028792
7 0.533828 0.608937 0.155690 0.023557
7 0.660499 0.669450 0.386860 0.020441
2 0.430633 0.453696 0.047114 0.633429
2 0.661722 0.165213 0.518748 0.056463
