7 0.301829 0.550351 0.198171 0.027901
13 0.308620 0.396988 0.222838 0.427753
7 0.685491 0.541297 0.151469 0.031596
7 0.672118 0.514228 0.188193 0.038433
7 0.307719 0.581393 0.146757 0.034183
7 0.668653 0.335920 0.175443 0.038433
7 0.684035 0.222376 0.097007 0.035661
13 0.685976 0.441242 0.239745 0.543976
7 0.285685 0.255081 0.170593 0.029379
7 0.677037 0.421101 0.198032 0.034368
7 0.714177 0.197894 0.147589 0.034368
7 0.301552 0.339800 0.136641 0.031781
8 0.301136 0.488729 0.416020 0.812269
7 0.298780 0.430155 0.128880 0.031042
7 0.620635 0.574002 0.085227 0.033075
7 0.299751 0.399945 0.198725 0.029379
7 0.625069 0.661123 0.078298 0.030303
7 0.258523 0.197894 0.051968 0.035846
7 0.280280 0.313193 0.158675 0.027716
7 0.293722 0.227735 0.189163 0.028640
7 0.636433 0.391445 0.061391 0.030488
7 0.622090 0.449464 0.082317 0.035661
7 0.686946 0.479952 0.150499 0.035661
7 0.665188 0.601072 0.158537 0.034368
7 0.245150 0.489098 0.078714 0.031042
7 0.705793 0.252772 0.188193 0.046194
7 0.312846 0.521711 0.143708 0.034183
7 0.290466 0.367701 0.182650 0.035107
3 0.606222 0.210089 0.084119 0.087214
7 0.256721 0.283352 0.051968 0.027162
7 0.308343 0.457594 0.222007 0.028640
7 0.666644 0.277809 0.171425 0.033075
7 0.667129 0.692166 0.162417 0.034368
7 0.681056 0.630081 0.130682 0.039542
7 0.673573 0.364375 0.175305 0.031781
7 0.632483 0.299612 0.043514 0.031596
