0 0.716556 0.499601 0.444226 0.865231
2 0.220495 0.498206 0.029118 0.026715
2 0.348150 0.232257 0.028415 0.033892
2 0.222253 0.544757 0.030103 0.026116
1 0.190814 0.462121 0.037277 0.422648
2 0.219159 0.234051 0.032635 0.030303
1 0.325011 0.293959 0.031931 0.144537
2 0.218244 0.390451 0.026305 0.031699
2 0.352511 0.628289 0.032072 0.022129
2 0.224223 0.578250 0.041637 0.050439
2 0.223027 0.334829 0.040371 0.048445
2 0.220284 0.633373 0.024476 0.025518
2 0.216556 0.282097 0.027430 0.029107
2 0.349698 0.433712 0.026445 0.028509
2 0.349698 0.347687 0.028977 0.027512
2 0.354410 0.292863 0.042059 0.053429
2 0.220776 0.523425 0.033057 0.024920
2 0.224856 0.445973 0.045998 0.051037
2 0.349065 0.562002 0.027711 0.023126
2 0.351315 0.473285 0.028274 0.023923
2 0.220284 0.674641 0.029540 0.026715
2 0.350964 0.585028 0.026445 0.024920
2 0.351878 0.516946 0.033338 0.029506
2 0.350612 0.606061 0.025742 0.023923
2 0.349698 0.389055 0.030103 0.028509
