7 0.388104 0.446318 0.608472 0.016861
8 0.495293 0.503099 0.940094 0.976940
7 0.394095 0.558145 0.611040 0.015373
7 0.380616 0.190801 0.596919 0.017109
7 0.379974 0.389164 0.602482 0.014133
7 0.380616 0.418299 0.590073 0.015869
3 0.286906 0.352963 0.052632 0.028515
3 0.109328 0.214976 0.055199 0.033226
3 0.391100 0.240392 0.058194 0.029507
7 0.379760 0.276965 0.598631 0.016365
7 0.385537 0.360526 0.611896 0.014877
7 0.380830 0.162410 0.596491 0.018845
7 0.385109 0.615175 0.631579 0.022812
7 0.382542 0.133152 0.601626 0.018349
7 0.376765 0.500868 0.592640 0.018845
7 0.379760 0.245351 0.590929 0.015621
7 0.382114 0.331887 0.604193 0.014133
7 0.389388 0.219316 0.590501 0.016117
7 0.385965 0.671336 0.603338 0.019092
7 0.410569 0.721423 0.648267 0.019092
9 0.417843 0.632036 0.689345 0.225638
3 0.106333 0.156831 0.049208 0.029507
3 0.605049 0.408257 0.059906 0.031490
7 0.381900 0.301265 0.602054 0.016861
7 0.379119 0.473841 0.599059 0.018845
13 0.408430 0.433052 0.703038 0.648401
