10 0.811442 0.524142 0.093819 0.015441
3 0.575515 0.263113 0.054636 0.043382
7 0.346762 0.339583 0.251288 0.016422
10 0.378955 0.577574 0.193157 0.018873
3 0.758462 0.439338 0.030169 0.026225
2 0.695088 0.185294 0.357800 0.106373
3 0.567421 0.547917 0.032561 0.024755
10 0.402594 0.315441 0.140361 0.020588
3 0.784124 0.327574 0.031457 0.024755
7 0.327815 0.406005 0.272627 0.015441
10 0.420254 0.667157 0.113503 0.021569
7 0.326343 0.446691 0.291759 0.015441
7 0.326251 0.384681 0.296358 0.016912
7 0.345291 0.598039 0.245033 0.012745
7 0.711093 0.308701 0.307763 0.021814
7 0.711001 0.589583 0.305740 0.019853
7 0.707046 0.440074 0.299669 0.017402
7 0.736663 0.654044 0.249264 0.016912
3 0.579746 0.649877 0.074135 0.055637
7 0.749816 0.481985 0.230316 0.017892
7 0.744113 0.504534 0.215968 0.017402
7 0.706034 0.395098 0.297645 0.018627
7 0.347774 0.620833 0.241170 0.012745
3 0.583701 0.483578 0.102649 0.077451
7 0.717623 0.332108 0.292862 0.022549
7 0.708517 0.417525 0.299669 0.021324
7 0.732524 0.354044 0.249448 0.017402
10 0.839404 0.278186 0.033481 0.017647
10 0.826987 0.609314 0.076711 0.022549
7 0.347130 0.536520 0.254231 0.012255
7 0.324779 0.577451 0.298565 0.014706
13 0.323308 0.472426 0.324687 0.486029
3 0.749724 0.585294 0.021155 0.025490
7 0.704838 0.287377 0.295254 0.023775
3 0.648363 0.482353 0.030353 0.033333
7 0.710817 0.610049 0.305372 0.019608
7 0.324687 0.314828 0.292494 0.018873
10 0.837932 0.433578 0.042678 0.018627
3 0.187822 0.526471 0.073584 0.071569
8 0.729673 0.492770 0.425497 0.735049
7 0.345935 0.513113 0.252575 0.013480
7 0.738043 0.458211 0.208609 0.015441
7 0.729673 0.266422 0.251472 0.022059
7 0.707781 0.524632 0.298197 0.014461
3 0.663907 0.588480 0.032745 0.025980
3 0.677520 0.331005 0.036056 0.027206
8 0.301049 0.494730 0.437270 0.737500
7 0.730408 0.374265 0.238595 0.018137
3 0.582506 0.370221 0.053532 0.059069
7 0.324871 0.468382 0.295806 0.013725
7 0.332689 0.253431 0.279433 0.021569
3 0.192237 0.345956 0.066593 0.057598
13 0.707689 0.462500 0.313466 0.460784
10 0.392752 0.489216 0.165563 0.020588
7 0.312638 0.426348 0.274283 0.016422
7 0.731328 0.633946 0.250000 0.017402
3 0.566409 0.676838 0.033848 0.023284
10 0.779709 0.653676 0.166851 0.020588
7 0.321008 0.553799 0.288447 0.013971
7 0.727005 0.246201 0.252024 0.017402
7 0.708333 0.547549 0.306659 0.018627
2 0.697204 0.764951 0.356144 0.159314
7 0.326987 0.274755 0.293782 0.020098
3 0.189662 0.612990 0.082414 0.058333
7 0.346946 0.361887 0.247609 0.015441
2 0.541023 0.485172 0.046726 0.723284
7 0.320456 0.691667 0.300221 0.013235
3 0.184143 0.689706 0.035688 0.025490
7 0.321008 0.294485 0.282929 0.018382
7 0.703366 0.679044 0.300037 0.019853
7 0.323859 0.489093 0.295622 0.014951
7 0.324043 0.647059 0.298933 0.012745
7 0.709069 0.567157 0.304452 0.018137
7 0.324319 0.669240 0.299485 0.013971
3 0.826251 0.581495 0.024834 0.023284
