7 0.655694 0.638871 0.243633 0.023824
7 0.682364 0.395925 0.171072 0.026959
10 0.425517 0.668966 0.078328 0.030094
8 0.716723 0.515987 0.470447 0.960502
7 0.647525 0.262696 0.237866 0.031348
7 0.342624 0.710972 0.253724 0.026332
7 0.654253 0.568339 0.243633 0.026959
7 0.339260 0.230721 0.243152 0.031348
7 0.339260 0.535110 0.244113 0.025705
7 0.340221 0.569906 0.241230 0.028840
7 0.648727 0.294984 0.240269 0.029467
7 0.652811 0.603448 0.238827 0.025705
8 0.258289 0.514420 0.446420 0.963636
7 0.370975 0.673041 0.179721 0.028213
2 0.137674 0.456740 0.136953 0.534796
7 0.340221 0.264577 0.246036 0.031348
7 0.342383 0.602194 0.251321 0.026959
9 0.649688 0.287774 0.254685 0.164263
3 0.237866 0.705016 0.054781 0.038245
7 0.650649 0.531661 0.241230 0.027586
7 0.652090 0.672100 0.239308 0.026332
3 0.252042 0.372727 0.077367 0.079624
2 0.849592 0.454232 0.139356 0.529781
3 0.562470 0.410658 0.073522 0.072727
7 0.375541 0.640439 0.183085 0.024451
7 0.341903 0.299060 0.248438 0.032602
7 0.645603 0.361755 0.234022 0.027586
9 0.362326 0.705956 0.214320 0.040125
7 0.650649 0.499687 0.236425 0.026332
3 0.243873 0.668652 0.075444 0.038245
7 0.651850 0.229154 0.238827 0.031975
7 0.342624 0.467398 0.244113 0.026959
7 0.342143 0.500940 0.247958 0.031348
7 0.648006 0.328840 0.240750 0.031975
7 0.375781 0.399687 0.175877 0.028213
10 0.432725 0.600940 0.063912 0.024451
7 0.661941 0.430094 0.208073 0.026332
7 0.342383 0.433542 0.248438 0.028213
7 0.650408 0.706897 0.235944 0.025705
3 0.244354 0.627900 0.074483 0.043260
7 0.377703 0.367085 0.172033 0.028213
13 0.342383 0.468339 0.258049 0.544201
13 0.650408 0.466144 0.254205 0.519749
7 0.343825 0.330094 0.243633 0.036991
7 0.649928 0.465517 0.239789 0.028213
