7 0.567043 0.503906 0.109023 0.026910
9 0.547619 0.631510 0.165414 0.033854
2 0.775063 0.479601 0.239348 0.837674
7 0.390351 0.171441 0.494987 0.040799
7 0.391604 0.202257 0.507519 0.043403
7 0.384085 0.234375 0.492481 0.043403
7 0.444236 0.634549 0.352130 0.032986
2 0.493108 0.111545 0.803258 0.134549
0 0.312030 0.410156 0.383459 0.250868
9 0.390351 0.257812 0.505013 0.052083
9 0.276316 0.594184 0.046366 0.033854
7 0.570175 0.338542 0.125313 0.029514
3 0.532581 0.302951 0.067669 0.041667
7 0.575188 0.403212 0.127820 0.028646
7 0.387218 0.260851 0.506266 0.049479
7 0.375940 0.592014 0.501253 0.050347
7 0.569549 0.371528 0.111529 0.027778
7 0.377193 0.559896 0.496241 0.048611
8 0.507519 0.497396 0.862155 0.994792
2 0.488095 0.787326 0.815789 0.232639
3 0.187343 0.631510 0.146617 0.078993
7 0.442982 0.666233 0.357143 0.032118
13 0.393484 0.417969 0.536341 0.532118
7 0.557018 0.468750 0.098997 0.029514
7 0.572682 0.434462 0.127820 0.026910
7 0.555138 0.537326 0.162907 0.027778
2 0.104010 0.451389 0.040100 0.829861
7 0.581454 0.309462 0.115288 0.033854
