3 0.236377 0.280631 0.026881 0.029084
7 0.411468 0.529909 0.101826 0.016089
10 0.451278 0.618193 0.026881 0.018977
3 0.369832 0.617265 0.023813 0.024546
7 0.281519 0.281766 0.093791 0.016914
7 0.273923 0.617884 0.104310 0.016295
7 0.414609 0.506188 0.107524 0.016502
7 0.411541 0.282281 0.097297 0.015883
7 0.279693 0.462459 0.102118 0.016914
4 0.243974 0.561159 0.048210 0.053012
7 0.289920 0.415945 0.079036 0.020008
7 0.296567 0.551774 0.060774 0.016502
10 0.447480 0.551155 0.040321 0.016914
10 0.313733 0.214006 0.036085 0.017946
7 0.277356 0.665429 0.101534 0.016089
7 0.278524 0.439666 0.100950 0.017120
7 0.276991 0.258663 0.101388 0.017327
7 0.430533 0.262583 0.073046 0.017327
7 0.278159 0.213078 0.101680 0.016914
3 0.235281 0.234427 0.027611 0.032384
10 0.441052 0.641192 0.053178 0.012995
7 0.276917 0.349732 0.096567 0.015883
13 0.416581 0.427393 0.115851 0.459983
7 0.414025 0.397071 0.104602 0.016914
7 0.419869 0.597669 0.085610 0.018771
10 0.318627 0.529187 0.020453 0.017120
9 0.386121 0.642224 0.059606 0.033622
9 0.412637 0.214212 0.049525 0.025371
7 0.399416 0.215656 0.079766 0.017120
7 0.414901 0.638408 0.101096 0.016089
3 0.369102 0.594988 0.023813 0.025371
7 0.274799 0.641914 0.099635 0.016502
7 0.287071 0.234117 0.078598 0.016914
3 0.236815 0.327042 0.027757 0.032384
7 0.412126 0.552805 0.101096 0.016914
4 0.379474 0.246906 0.047480 0.049917
4 0.242221 0.405322 0.043243 0.044967
7 0.413587 0.327558 0.104018 0.016502
3 0.370489 0.572298 0.022498 0.025371
7 0.273996 0.595606 0.093645 0.015883
7 0.417677 0.619121 0.070709 0.015470
7 0.276917 0.327558 0.091015 0.018152
7 0.277283 0.685334 0.101972 0.016708
8 0.298904 0.502888 0.442659 0.891089
7 0.299123 0.395111 0.067641 0.016295
7 0.415778 0.575598 0.105478 0.016708
2 0.348576 0.241027 0.034770 0.159447
7 0.280497 0.507838 0.106647 0.016914
10 0.324324 0.371287 0.011980 0.016914
3 0.236450 0.371597 0.028488 0.025784
7 0.414244 0.347875 0.101826 0.016295
7 0.277502 0.483292 0.101534 0.017739
13 0.280497 0.447092 0.118335 0.499381
7 0.261140 0.301980 0.064719 0.015677
7 0.288313 0.372422 0.073776 0.017120
8 0.745435 0.502888 0.450402 0.891089
7 0.278744 0.530528 0.102264 0.016089
10 0.298831 0.349835 0.064427 0.019802
10 0.451717 0.215450 0.040321 0.022896
2 0.208766 0.496493 0.030095 0.337871
7 0.291819 0.574567 0.062966 0.016295
7 0.414609 0.372009 0.105478 0.016295
10 0.309423 0.305384 0.044704 0.015058
10 0.450256 0.597669 0.030387 0.015883
9 0.292476 0.527228 0.041782 0.027640
7 0.411030 0.440903 0.097151 0.016295
9 0.299635 0.371390 0.042951 0.029497
7 0.414755 0.303012 0.105478 0.016089
7 0.423594 0.238552 0.086048 0.016295
10 0.311176 0.257426 0.042367 0.018977
9 0.281154 0.210912 0.033455 0.031972
7 0.414171 0.462459 0.101972 0.016089
7 0.412637 0.484427 0.100365 0.016708
7 0.413148 0.416460 0.100804 0.016914
