7 0.612531 0.227319 0.169335 0.020320
7 0.607605 0.456178 0.165025 0.020320
8 0.276709 0.505747 0.399784 0.860427
7 0.276170 0.287664 0.056650 0.020320
3 0.269704 0.597188 0.048953 0.039614
7 0.619150 0.432779 0.191810 0.020320
7 0.614609 0.589388 0.191349 0.022373
7 0.627001 0.249795 0.187192 0.021757
2 0.188962 0.431240 0.117765 0.434319
7 0.350677 0.518473 0.194273 0.027094
10 0.370998 0.360222 0.160714 0.022167
7 0.294258 0.567016 0.080511 0.022783
3 0.537254 0.408559 0.048030 0.039614
7 0.631466 0.561166 0.162869 0.022989
7 0.367226 0.466133 0.161176 0.025452
7 0.626539 0.480911 0.177340 0.023810
2 0.772629 0.417796 0.108374 0.444787
7 0.620382 0.381055 0.185345 0.020731
3 0.542488 0.248358 0.048030 0.043103
7 0.347137 0.338465 0.199200 0.021346
10 0.373153 0.284483 0.170259 0.022167
7 0.360683 0.591749 0.188116 0.025041
3 0.264009 0.474343 0.048030 0.043103
7 0.602833 0.537048 0.170874 0.022783
7 0.364686 0.310037 0.152709 0.026478
7 0.363608 0.231014 0.155480 0.022373
7 0.623076 0.275759 0.193812 0.021141
7 0.619766 0.613300 0.198276 0.024631
7 0.280788 0.365456 0.066502 0.019089
3 0.551339 0.340928 0.067272 0.069787
7 0.311807 0.439963 0.122383 0.026888
8 0.685268 0.510878 0.406866 0.880131
3 0.537716 0.561063 0.052340 0.032635
3 0.264470 0.315887 0.041872 0.036125
7 0.347060 0.417385 0.195659 0.026067
7 0.351601 0.492508 0.197352 0.028530
7 0.352140 0.543822 0.197506 0.026888
3 0.539871 0.484195 0.048030 0.044335
13 0.617149 0.416667 0.207820 0.435550
10 0.382312 0.566810 0.157174 0.016215
3 0.264470 0.394602 0.047106 0.032635
7 0.607836 0.302443 0.165486 0.019910
7 0.346367 0.258723 0.193350 0.023604
7 0.634698 0.407533 0.144704 0.021141
3 0.261853 0.233374 0.048953 0.043103
7 0.653402 0.330562 0.124230 0.020320
7 0.618842 0.512623 0.192426 0.022373
7 0.653556 0.354577 0.132543 0.020731
13 0.349600 0.428366 0.222599 0.426108
7 0.351678 0.389265 0.189193 0.022783
10 0.402017 0.438218 0.103910 0.022167
7 0.347752 0.621203 0.216441 0.034688
