7 0.643077 0.300676 0.171399 0.021089
2 0.265369 0.391380 0.112119 0.669738
7 0.394540 0.430590 0.166130 0.027846
7 0.644394 0.605549 0.179011 0.025184
7 0.645272 0.397625 0.176083 0.021704
7 0.407348 0.240274 0.177400 0.027641
7 0.406835 0.182432 0.168179 0.027027
7 0.397395 0.296888 0.161593 0.028665
7 0.408738 0.220618 0.177547 0.030917
7 0.396004 0.278563 0.162617 0.026822
2 0.679962 0.687654 0.264198 0.157862
7 0.407494 0.162469 0.167447 0.027641
7 0.644760 0.244062 0.172131 0.022113
7 0.644687 0.567363 0.182523 0.025799
7 0.637881 0.434889 0.164813 0.021294
7 0.391028 0.567363 0.171399 0.027027
7 0.390076 0.411036 0.156909 0.026003
7 0.644028 0.318898 0.175351 0.019451
7 0.395565 0.468878 0.176669 0.029484
7 0.645858 0.358313 0.177547 0.022113
7 0.393809 0.509316 0.174034 0.029689
7 0.400322 0.201884 0.158372 0.027437
7 0.643516 0.337940 0.176083 0.022727
7 0.387661 0.488124 0.162324 0.027027
7 0.399078 0.355753 0.170228 0.026822
7 0.403176 0.259521 0.172278 0.026822
7 0.401200 0.392916 0.175644 0.026208
2 0.696502 0.134521 0.268296 0.084357
7 0.644248 0.510238 0.184865 0.024161
7 0.647761 0.282760 0.174912 0.023751
7 0.396443 0.450143 0.173448 0.028051
7 0.645492 0.529075 0.178279 0.024980
7 0.397541 0.317158 0.162471 0.026618
7 0.637441 0.490786 0.170375 0.023751
7 0.650395 0.263514 0.180181 0.023751
7 0.633855 0.585176 0.161739 0.024161
7 0.643369 0.548321 0.180767 0.025389
7 0.399810 0.374693 0.174327 0.024980
2 0.782860 0.432637 0.096165 0.669124
7 0.641833 0.471540 0.168618 0.022113
8 0.356338 0.424857 0.345287 0.806716
7 0.396224 0.529484 0.183255 0.027846
7 0.401347 0.336097 0.173009 0.027232
7 0.648785 0.185401 0.171107 0.021499
7 0.392564 0.547912 0.175937 0.028665
7 0.649151 0.224918 0.177108 0.023137
2 0.367681 0.103604 0.260539 0.095414
7 0.647248 0.416360 0.180035 0.023137
7 0.651127 0.377764 0.191013 0.022523
13 0.651127 0.392609 0.208285 0.459664
7 0.640442 0.453829 0.171985 0.023137
7 0.651713 0.205876 0.176961 0.023956
8 0.685597 0.456900 0.346604 0.796274
7 0.388320 0.587633 0.172424 0.027846
2 0.348068 0.668100 0.275176 0.169533
13 0.403469 0.372031 0.210334 0.469697
