7 0.543066 0.595938 0.248646 0.023939
7 0.547400 0.535727 0.236728 0.025390
8 0.490791 0.498186 0.981582 0.986217
13 0.549296 0.572543 0.269772 0.186797
9 0.547129 0.509249 0.252438 0.074719
7 0.550921 0.506166 0.210184 0.021400
7 0.550921 0.566195 0.228602 0.027566
2 0.450704 0.781465 0.855905 0.186797
2 0.798754 0.455568 0.168472 0.841494
7 0.542524 0.624229 0.248646 0.029742
4 0.281961 0.571999 0.286566 0.204570
7 0.536836 0.656511 0.238353 0.023939
0 0.415493 0.285455 0.560130 0.365615
3 0.441766 0.619514 0.052546 0.045702
2 0.073131 0.455024 0.096425 0.836779
2 0.462351 0.068734 0.841278 0.061299
3 0.462080 0.497642 0.071506 0.038448
