3 0.475779 0.191817 0.093426 0.073977
8 0.437469 0.417676 0.874938 0.835352
7 0.414236 0.514239 0.395452 0.020295
3 0.166090 0.497709 0.108749 0.061866
7 0.551903 0.214239 0.083539 0.019967
0 0.284726 0.276268 0.302521 0.227823
7 0.553880 0.187398 0.078596 0.020622
10 0.275334 0.406874 0.080079 0.035352
10 0.564508 0.457774 0.089965 0.026514
7 0.521997 0.351227 0.156204 0.019640
9 0.564508 0.457447 0.070193 0.031097
7 0.380870 0.596890 0.491844 0.020622
13 0.376421 0.410802 0.509639 0.500818
10 0.372961 0.430769 0.071676 0.038625
7 0.531389 0.325696 0.164113 0.019640
7 0.367771 0.650573 0.469600 0.023241
7 0.365052 0.434534 0.472071 0.019313
7 0.367523 0.460556 0.469105 0.020295
7 0.370984 0.624059 0.498764 0.023241
9 0.385319 0.431751 0.050914 0.030769
9 0.282254 0.404583 0.066238 0.028151
7 0.536085 0.242717 0.163618 0.019967
7 0.375433 0.568412 0.488878 0.023241
7 0.532378 0.378396 0.173010 0.020295
7 0.413742 0.486416 0.386555 0.020949
2 0.716510 0.408511 0.170539 0.503437
7 0.362333 0.405074 0.463668 0.020622
7 0.535591 0.270704 0.167573 0.020295
7 0.376174 0.541244 0.493327 0.023241
7 0.535344 0.299836 0.160158 0.019640
