7 0.661407 0.273194 0.183651 0.035714
7 0.656866 0.558703 0.223522 0.036125
7 0.664948 0.653838 0.222445 0.041667
7 0.644781 0.370998 0.226755 0.045772
7 0.644781 0.409278 0.227679 0.041461
9 0.631235 0.200431 0.236299 0.045361
7 0.655403 0.540948 0.228910 0.041667
3 0.543103 0.297722 0.067118 0.155788
7 0.662716 0.637521 0.226293 0.037356
7 0.648553 0.465517 0.219212 0.039819
7 0.659560 0.235735 0.181804 0.035920
8 0.263470 0.481732 0.416102 0.846470
7 0.660945 0.616995 0.226139 0.038588
7 0.657943 0.579536 0.227525 0.040025
7 0.649554 0.484503 0.218134 0.036741
7 0.645089 0.427750 0.221829 0.038177
0 0.282943 0.434113 0.232759 0.501642
7 0.658636 0.598830 0.225216 0.040025
7 0.631312 0.182677 0.230603 0.047209
2 0.114301 0.426416 0.122691 0.718186
2 0.510853 0.342980 0.042334 0.436371
7 0.659175 0.216544 0.177340 0.037356
7 0.664409 0.311268 0.183190 0.034278
7 0.663947 0.291359 0.183190 0.037972
8 0.684421 0.479475 0.419335 0.824302
9 0.630542 0.181650 0.241071 0.052545
7 0.649323 0.446121 0.228448 0.041256
7 0.656943 0.254516 0.179033 0.036946
7 0.646552 0.392447 0.223214 0.041461
13 0.652940 0.420361 0.281866 0.540230
2 0.430034 0.435858 0.078048 0.690681
2 0.254772 0.734093 0.400246 0.102833
7 0.633929 0.200431 0.220751 0.042898
7 0.650554 0.502566 0.223522 0.037562
7 0.665794 0.329947 0.181342 0.034278
7 0.666179 0.348625 0.176878 0.035099
7 0.651786 0.521552 0.224446 0.039409
2 0.269243 0.128592 0.406096 0.122537
