7 0.452605 0.220344 0.052384 0.021988
7 0.460574 0.701404 0.029795 0.026238
13 0.715909 0.470621 0.354490 0.689209
7 0.193459 0.706393 0.049058 0.021064
7 0.164080 0.402439 0.072339 0.026238
7 0.462306 0.241593 0.041851 0.020510
8 0.284091 0.504157 0.463692 0.870843
7 0.422533 0.324834 0.167129 0.026238
5 0.583149 0.284922 0.023836 0.025868
7 0.863151 0.572801 0.041713 0.024390
7 0.185006 0.763211 0.047949 0.025684
7 0.593611 0.263211 0.031735 0.023836
7 0.581901 0.325296 0.074834 0.023836
7 0.168861 0.566704 0.086613 0.023651
7 0.164496 0.784276 0.076220 0.023097
7 0.226095 0.723577 0.194706 0.021803
8 0.748822 0.506652 0.458564 0.879527
5 0.171147 0.344327 0.027993 0.030857
7 0.185768 0.281227 0.038664 0.024021
7 0.409091 0.628511 0.030765 0.029010
5 0.173711 0.764228 0.024806 0.023651
7 0.468057 0.723577 0.057511 0.020325
7 0.864121 0.677753 0.030626 0.017738
7 0.682303 0.693459 0.273975 0.031042
7 0.216533 0.302568 0.178076 0.026792
7 0.249169 0.687916 0.239745 0.021064
13 0.302037 0.480137 0.352966 0.686068
7 0.455030 0.464800 0.032012 0.019771
7 0.579476 0.240761 0.068875 0.023651
7 0.872021 0.550259 0.014828 0.019217
7 0.266006 0.745103 0.275360 0.029010
5 0.171910 0.629250 0.027578 0.028271
7 0.733440 0.199095 0.313054 0.029010
7 0.897450 0.226164 0.038525 0.021064
7 0.589246 0.463322 0.087583 0.022727
5 0.586336 0.159830 0.098392 0.059497
7 0.474293 0.546009 0.032567 0.023651
7 0.164703 0.649298 0.070815 0.025868
7 0.816034 0.097746 0.099640 0.039911
7 0.600333 0.482631 0.046286 0.019956
7 0.930987 0.409553 0.098392 0.024575
7 0.592226 0.426090 0.041990 0.025499
7 0.251039 0.323725 0.169762 0.026238
7 0.171840 0.218496 0.087029 0.019401
7 0.788179 0.330931 0.040604 0.024390
7 0.656111 0.609387 0.226857 0.031781
7 0.168722 0.443736 0.078853 0.022358
7 0.872713 0.506375 0.043653 0.025314
5 0.175305 0.198263 0.026608 0.031412
7 0.873891 0.244642 0.012749 0.018477
7 0.188470 0.380451 0.043237 0.026977
7 0.165327 0.588784 0.080654 0.027901
7 0.584326 0.544069 0.079684 0.023097
7 0.634354 0.673503 0.173365 0.030303
7 0.455931 0.811715 0.037140 0.022542
7 0.579199 0.383315 0.075249 0.022358
7 0.712860 0.407613 0.335643 0.031412
7 0.276400 0.362620 0.294762 0.028271
7 0.281735 0.261548 0.305987 0.026792
7 0.654171 0.632114 0.220759 0.031042
7 0.446231 0.447062 0.044900 0.022358
7 0.683204 0.368902 0.210089 0.026423
7 0.678423 0.652993 0.203021 0.031781
7 0.873822 0.632206 0.041159 0.023097
7 0.860865 0.774021 0.035754 0.025868
7 0.397727 0.787971 0.237805 0.031596
7 0.851996 0.611789 0.162971 0.031042
7 0.448725 0.628141 0.031596 0.023097
3 0.167960 0.162140 0.092572 0.058943
7 0.264551 0.239745 0.270233 0.023097
7 0.483370 0.608647 0.023282 0.031781
7 0.582664 0.567535 0.077744 0.032336
7 0.870773 0.714616 0.059451 0.019032
7 0.871397 0.305802 0.016907 0.026977
7 0.867170 0.469697 0.039496 0.024760
7 0.661516 0.723854 0.173919 0.024575
7 0.865923 0.264782 0.042544 0.024390
7 0.173780 0.342942 0.090078 0.021434
7 0.892253 0.735772 0.098531 0.028455
7 0.638581 0.443736 0.187916 0.023836
7 0.593819 0.285939 0.093681 0.028271
7 0.248476 0.200388 0.234756 0.024205
7 0.170247 0.424797 0.085782 0.026238
7 0.458010 0.400499 0.027993 0.027531
7 0.235241 0.463784 0.144817 0.028086
7 0.679878 0.765429 0.290743 0.028271
7 0.450942 0.485772 0.031874 0.021803
5 0.583564 0.426829 0.027439 0.021064
7 0.319637 0.608925 0.308065 0.032336
5 0.581001 0.565965 0.028132 0.031781
7 0.462930 0.262288 0.048365 0.030488
7 0.168861 0.524298 0.087999 0.029749
7 0.174196 0.485865 0.092572 0.024945
7 0.720829 0.348392 0.352688 0.023836
7 0.471799 0.365484 0.096868 0.028825
7 0.473531 0.344789 0.049335 0.018847
7 0.602896 0.585920 0.051968 0.026977
7 0.457594 0.667683 0.032705 0.023097
7 0.163941 0.632391 0.079268 0.026423
7 0.711267 0.221545 0.332733 0.030673
7 0.581693 0.500277 0.074141 0.023836
7 0.792891 0.286308 0.022312 0.026423
7 0.310283 0.546009 0.292406 0.033629
7 0.468196 0.566981 0.037555 0.024945
7 0.867586 0.432927 0.037278 0.024390
7 0.906874 0.528363 0.064856 0.028640
7 0.618695 0.707964 0.145649 0.023097
7 0.833426 0.654287 0.101996 0.029194
7 0.458564 0.303307 0.040466 0.023097
7 0.869942 0.453067 0.047533 0.019956
5 0.173850 0.483832 0.026469 0.024945
7 0.288733 0.874446 0.252633 0.044900
7 0.725125 0.526515 0.299196 0.033814
7 0.618210 0.742332 0.146619 0.027162
7 0.643986 0.789911 0.208980 0.033629
7 0.189232 0.503141 0.048919 0.020695
7 0.217433 0.805155 0.178215 0.030488
7 0.184243 0.668145 0.031735 0.018477
7 0.600263 0.306171 0.045039 0.025129
5 0.582456 0.703991 0.029656 0.025129
