7 0.410965 0.313214 0.511687 0.024026
8 0.490013 0.495459 0.977476 0.966891
7 0.414790 0.411368 0.487038 0.025198
7 0.418615 0.283621 0.499788 0.024026
7 0.416065 0.536771 0.499788 0.025784
7 0.409265 0.344711 0.475138 0.026077
7 0.414577 0.251978 0.509562 0.025784
7 0.398428 0.632581 0.495963 0.024026
7 0.412240 0.378260 0.492138 0.024612
7 0.419040 0.567243 0.507437 0.024026
7 0.425202 0.504102 0.519762 0.024319
7 0.425414 0.442719 0.499788 0.024026
13 0.425839 0.421916 0.560136 0.472312
7 0.405227 0.217111 0.475563 0.028128
7 0.410965 0.474363 0.510837 0.024612
7 0.402040 0.599619 0.489588 0.025491
