7 0.607838 0.246521 0.537292 0.022153
9 0.606888 0.634621 0.049881 0.026981
7 0.608076 0.277336 0.535867 0.023573
7 0.605938 0.366941 0.534442 0.022721
2 0.607838 0.109770 0.602850 0.025277
7 0.601663 0.548566 0.531591 0.023005
8 0.495962 0.495456 0.970071 0.977847
7 0.612352 0.726782 0.547268 0.022721
13 0.611639 0.461659 0.550594 0.676228
7 0.669834 0.185459 0.416152 0.024993
7 0.602375 0.637603 0.526366 0.022153
7 0.605226 0.153650 0.532067 0.027833
7 0.609501 0.518319 0.540618 0.022153
7 0.612827 0.457682 0.542518 0.021301
9 0.773872 0.783584 0.193824 0.033513
7 0.603325 0.577961 0.530166 0.022721
9 0.769596 0.692133 0.042755 0.033513
7 0.604751 0.786992 0.531116 0.022153
2 0.885986 0.472735 0.053207 0.753479
7 0.608076 0.486510 0.533017 0.023289
7 0.626603 0.214570 0.474109 0.028685
3 0.398100 0.194973 0.142518 0.074127
7 0.609264 0.608918 0.542993 0.022721
2 0.599525 0.823062 0.619477 0.055098
7 0.607126 0.755893 0.531116 0.023005
7 0.612827 0.694973 0.547268 0.023289
9 0.810451 0.149389 0.120665 0.038625
7 0.608789 0.309571 0.542043 0.022153
2 0.309264 0.473303 0.035154 0.754615
7 0.610451 0.397188 0.540618 0.022437
7 0.611164 0.338114 0.542043 0.023573
7 0.608076 0.429139 0.532067 0.023857
7 0.611401 0.666430 0.549169 0.021869
