7 0.399708 0.271449 0.172876 0.023604
7 0.379156 0.331281 0.216749 0.021757
7 0.682035 0.280686 0.202124 0.030172
5 0.586207 0.485016 0.026786 0.025862
7 0.683498 0.521860 0.214286 0.029762
7 0.394012 0.484606 0.192580 0.020936
7 0.382235 0.361761 0.225677 0.027299
5 0.766626 0.527504 0.022783 0.028325
7 0.377001 0.638444 0.206589 0.026478
8 0.334514 0.511905 0.385468 0.705255
5 0.760776 0.281814 0.023399 0.025862
5 0.281866 0.486043 0.027709 0.027915
13 0.689424 0.471983 0.255388 0.462028
3 0.279865 0.285714 0.062808 0.065681
7 0.673107 0.611043 0.195659 0.035714
7 0.392010 0.302340 0.158097 0.025041
5 0.643627 0.607245 0.023399 0.032225
13 0.373461 0.456076 0.250924 0.450328
7 0.378849 0.455973 0.211515 0.026067
8 0.725985 0.511905 0.376539 0.717159
7 0.690656 0.493329 0.178417 0.031404
7 0.379002 0.518370 0.213978 0.024836
7 0.678264 0.581999 0.206589 0.034278
7 0.680958 0.432471 0.206435 0.034893
7 0.686038 0.400759 0.214440 0.032225
7 0.679418 0.643576 0.207050 0.037562
7 0.678571 0.461925 0.202278 0.030993
7 0.388393 0.392447 0.193350 0.024631
7 0.376616 0.545156 0.207666 0.027094
7 0.678879 0.339901 0.200123 0.032841
5 0.277940 0.393268 0.022321 0.025862
7 0.379849 0.605706 0.218134 0.025862
7 0.680727 0.308600 0.204741 0.034278
7 0.375847 0.424158 0.209514 0.026888
7 0.678264 0.551929 0.206281 0.031609
7 0.683190 0.369869 0.208744 0.036125
7 0.367919 0.576457 0.192734 0.025246
2 0.263085 0.350883 0.125616 0.284688
