7 0.684883 0.224754 0.072352 0.026273
2 0.352448 0.442631 0.235683 0.662356
7 0.685576 0.466030 0.151016 0.023604
7 0.665563 0.370587 0.168257 0.024015
7 0.335591 0.516523 0.200123 0.023604
7 0.680496 0.394397 0.141780 0.021141
7 0.672799 0.271962 0.126385 0.022989
7 0.328125 0.590517 0.176262 0.018883
7 0.348291 0.227217 0.159637 0.028736
7 0.333667 0.370690 0.200277 0.021757
7 0.676339 0.609606 0.131619 0.019294
7 0.671336 0.323686 0.191502 0.031199
7 0.669951 0.490353 0.190271 0.024220
0 0.186268 0.698173 0.106219 0.161535
7 0.349677 0.346778 0.161176 0.022373
7 0.658020 0.565271 0.149784 0.024631
7 0.333205 0.323071 0.192580 0.026273
7 0.335514 0.371921 0.198122 0.025041
7 0.663793 0.368740 0.167180 0.028941
5 0.275477 0.371921 0.025400 0.025041
7 0.322429 0.253592 0.166102 0.021141
7 0.673183 0.492098 0.191502 0.030172
7 0.658174 0.299261 0.165179 0.027504
8 0.272629 0.498358 0.444273 0.878900
7 0.320043 0.565271 0.162562 0.018883
5 0.616841 0.540230 0.022475 0.026273
8 0.730911 0.497126 0.451663 0.881363
7 0.684960 0.466441 0.156866 0.028941
7 0.675108 0.517857 0.193504 0.023810
7 0.350216 0.419643 0.158559 0.018678
7 0.314039 0.301724 0.149323 0.025041
7 0.327278 0.396449 0.177032 0.021552
7 0.332281 0.469622 0.191656 0.022578
7 0.324738 0.396962 0.174723 0.020115
7 0.686653 0.346778 0.155942 0.023604
7 0.350600 0.421388 0.160560 0.026273
7 0.673953 0.441913 0.196429 0.018883
7 0.349908 0.275452 0.167796 0.024220
5 0.277786 0.541564 0.028171 0.026478
0 0.824353 0.701868 0.095751 0.141420
7 0.655634 0.299261 0.151170 0.023399
7 0.337208 0.490661 0.138701 0.021141
7 0.320736 0.250205 0.168257 0.022989
7 0.674107 0.614122 0.133313 0.023810
3 0.611145 0.236043 0.076970 0.051314
5 0.614455 0.371305 0.027248 0.028736
7 0.688655 0.347496 0.155018 0.026273
2 0.657635 0.443247 0.241379 0.668514
7 0.675877 0.514163 0.189809 0.017652
7 0.353448 0.277915 0.164409 0.022578
7 0.676878 0.274220 0.129618 0.025041
2 0.279634 0.368124 0.289255 0.510878
7 0.684960 0.223420 0.077432 0.031814
7 0.349215 0.349959 0.159637 0.023810
7 0.329895 0.589696 0.188732 0.025041
7 0.340286 0.493432 0.138085 0.022578
7 0.676493 0.442734 0.199969 0.026273
7 0.698815 0.539204 0.146706 0.021757
7 0.335052 0.326149 0.193504 0.028736
7 0.321967 0.567221 0.172876 0.032635
7 0.346367 0.540230 0.172722 0.026273
7 0.669489 0.324200 0.185037 0.024015
7 0.670643 0.585489 0.183651 0.022783
7 0.346213 0.223727 0.166564 0.028736
7 0.680265 0.396962 0.147475 0.032430
7 0.334975 0.442837 0.191502 0.018268
7 0.655403 0.416359 0.155942 0.024015
2 0.718750 0.366277 0.303264 0.519499
7 0.657712 0.419540 0.158713 0.027504
7 0.654865 0.565989 0.156712 0.027709
7 0.311268 0.301108 0.161638 0.025862
7 0.686345 0.591646 0.165179 0.023604
7 0.358374 0.537972 0.142241 0.024220
7 0.329280 0.466133 0.189039 0.025862
7 0.686345 0.540948 0.176570 0.030172
7 0.335591 0.516318 0.189347 0.018268
7 0.334129 0.445197 0.197198 0.026273
