7 0.545876 0.586902 0.667993 0.015501
7 0.545479 0.190370 0.656059 0.014920
7 0.551047 0.152684 0.662954 0.015501
7 0.538982 0.738810 0.660567 0.016276
7 0.547733 0.325615 0.661098 0.015695
7 0.544153 0.548925 0.661893 0.015113
8 0.501591 0.494672 0.946433 0.958341
13 0.546009 0.457760 0.676744 0.666731
7 0.541899 0.644255 0.655794 0.016276
7 0.544020 0.626332 0.658446 0.016470
7 0.541501 0.758671 0.653408 0.016082
7 0.542694 0.361752 0.656325 0.014338
7 0.544285 0.287057 0.654733 0.014920
7 0.545744 0.247045 0.656059 0.014726
7 0.545213 0.454660 0.663484 0.014532
7 0.542694 0.662953 0.646778 0.016082
7 0.547733 0.605503 0.664280 0.016276
7 0.544153 0.435187 0.657650 0.015501
7 0.544285 0.492928 0.658446 0.014338
7 0.544153 0.399244 0.660302 0.014145
7 0.545479 0.303430 0.650225 0.014726
7 0.540971 0.417167 0.651286 0.014338
7 0.547733 0.343247 0.662159 0.013757
7 0.543888 0.228832 0.654468 0.013563
7 0.548130 0.473552 0.664545 0.015113
7 0.546407 0.133986 0.659507 0.014920
7 0.547998 0.171091 0.658446 0.015501
7 0.549854 0.701414 0.665871 0.017051
7 0.539512 0.267681 0.646778 0.014532
7 0.545876 0.568010 0.661628 0.015307
7 0.547865 0.211587 0.658181 0.013563
7 0.542959 0.529936 0.664280 0.014726
7 0.539910 0.682135 0.645452 0.016857
7 0.542562 0.380837 0.645452 0.014145
7 0.540440 0.510947 0.648104 0.013951
7 0.547070 0.776012 0.661893 0.015501
7 0.544285 0.720500 0.659507 0.015307
