7 0.850403 0.389615 0.100996 0.017203
3 0.833096 0.164384 0.044571 0.029946
9 0.723092 0.608633 0.035088 0.024530
7 0.641536 0.632367 0.478900 0.017840
7 0.641062 0.518477 0.473210 0.018796
8 0.500237 0.504779 0.959697 0.982160
7 0.667615 0.540618 0.467520 0.022937
7 0.654813 0.429277 0.489331 0.021982
7 0.633476 0.475788 0.459934 0.021344
7 0.655761 0.586970 0.507349 0.019433
7 0.856330 0.256292 0.103367 0.018796
7 0.857041 0.408570 0.113324 0.018796
7 0.865576 0.190984 0.122807 0.018796
3 0.431958 0.540777 0.044571 0.027716
7 0.652442 0.566104 0.497866 0.022300
13 0.665481 0.416056 0.528687 0.553042
7 0.846610 0.345333 0.100047 0.017840
9 0.795875 0.634597 0.096254 0.018477
3 0.436463 0.496814 0.053580 0.023893
10 0.876008 0.635553 0.059270 0.017840
2 0.282598 0.413189 0.224751 0.554317
7 0.864391 0.212647 0.117591 0.018159
10 0.880512 0.478815 0.050261 0.015929
7 0.862494 0.366837 0.117591 0.016884
7 0.850877 0.320484 0.089616 0.016566
7 0.857041 0.301848 0.107634 0.016884
0 0.604315 0.278273 0.383594 0.273654
3 0.437885 0.449984 0.056425 0.025804
7 0.887624 0.166295 0.073969 0.017840
7 0.694642 0.655464 0.455192 0.018159
7 0.670697 0.497770 0.467046 0.021982
7 0.852774 0.279548 0.100996 0.018159
3 0.809388 0.567697 0.038881 0.021663
7 0.669986 0.675852 0.409673 0.019433
10 0.846373 0.522778 0.112850 0.015929
7 0.656709 0.612138 0.510194 0.019433
3 0.435040 0.663428 0.056425 0.037910
7 0.694642 0.451896 0.460882 0.023256
7 0.863917 0.232399 0.135609 0.020070
