7 0.335851 0.662971 0.329961 0.021064
7 0.693251 0.379527 0.324695 0.025499
7 0.337514 0.454453 0.324141 0.021988
7 0.341186 0.325111 0.329823 0.025314
7 0.335851 0.506375 0.324141 0.022727
9 0.296771 0.400499 0.249584 0.038987
7 0.691865 0.173873 0.325249 0.026238
7 0.695330 0.431726 0.327190 0.025314
7 0.695953 0.611050 0.327605 0.023651
7 0.334604 0.557557 0.322755 0.020880
7 0.699141 0.584904 0.333426 0.025684
7 0.333703 0.635809 0.325388 0.021434
7 0.333218 0.766445 0.328575 0.018477
7 0.696023 0.224778 0.328575 0.026053
8 0.337514 0.474593 0.356014 0.783629
7 0.338207 0.274852 0.325804 0.024205
9 0.347769 0.375370 0.331624 0.036401
7 0.356153 0.118533 0.300721 0.027162
7 0.695676 0.715540 0.330377 0.023466
8 0.703021 0.466279 0.367794 0.764412
13 0.698101 0.454176 0.345205 0.709165
13 0.337930 0.454823 0.340771 0.729675
7 0.338761 0.170085 0.323864 0.026053
7 0.340632 0.221637 0.328991 0.026053
7 0.695053 0.326220 0.328853 0.026423
7 0.694568 0.790835 0.326497 0.021434
7 0.695330 0.506652 0.328298 0.024021
7 0.695746 0.532982 0.327467 0.024205
5 0.199002 0.375739 0.021341 0.029010
7 0.695746 0.560698 0.326912 0.024205
7 0.339523 0.430063 0.324002 0.018293
7 0.303769 0.404564 0.230044 0.021249
7 0.693528 0.197339 0.321924 0.025868
7 0.358024 0.378234 0.296147 0.019217
7 0.696231 0.482354 0.329823 0.024575
7 0.695953 0.663525 0.325942 0.023651
7 0.689232 0.145972 0.315826 0.028086
7 0.334049 0.688470 0.323032 0.020695
7 0.336197 0.715078 0.325942 0.021434
7 0.347561 0.145602 0.309867 0.026608
7 0.697131 0.456578 0.332456 0.024390
7 0.335297 0.583795 0.325527 0.020510
7 0.695746 0.250185 0.329130 0.025129
7 0.694983 0.405950 0.327882 0.026238
7 0.337375 0.479213 0.327190 0.022358
7 0.694429 0.352458 0.327605 0.024945
7 0.332733 0.609109 0.322062 0.020880
7 0.693667 0.276423 0.327190 0.025868
7 0.337167 0.531689 0.328714 0.021988
7 0.334396 0.739560 0.325942 0.021249
7 0.697339 0.689117 0.329823 0.023836
7 0.243902 0.348115 0.133038 0.022912
7 0.694290 0.765521 0.327051 0.024760
7 0.339177 0.297949 0.322478 0.022727
7 0.696924 0.738821 0.330100 0.023097
7 0.336682 0.792036 0.330516 0.023836
7 0.339038 0.248429 0.323586 0.024575
7 0.696092 0.300813 0.330100 0.026238
7 0.700457 0.637657 0.321924 0.023651
7 0.677453 0.120103 0.293099 0.027347
7 0.340909 0.195861 0.326497 0.025499
