13 0.324449 0.340441 0.238971 0.273529
7 0.730515 0.562377 0.112500 0.028676
7 0.321415 0.323529 0.221507 0.024510
2 0.529596 0.482475 0.063603 0.694853
7 0.324540 0.293995 0.225919 0.025735
3 0.621232 0.579534 0.105331 0.129657
7 0.320404 0.386397 0.219118 0.027696
7 0.320037 0.261642 0.214338 0.027206
7 0.318934 0.417770 0.226103 0.022304
10 0.398897 0.448652 0.090074 0.024755
2 0.708548 0.725980 0.358640 0.186765
8 0.312040 0.503431 0.370037 0.762745
7 0.289982 0.448652 0.161213 0.024755
13 0.679596 0.579657 0.236397 0.125490
8 0.699724 0.497549 0.400551 0.746569
2 0.826011 0.444975 0.114154 0.671324
7 0.724908 0.531740 0.096507 0.032598
7 0.318566 0.354534 0.217279 0.024755
9 0.687040 0.529534 0.027757 0.040441
7 0.321691 0.229779 0.214338 0.027206
7 0.734467 0.599387 0.107904 0.030147
0 0.674816 0.315809 0.226838 0.378676
7 0.737500 0.630147 0.117647 0.023529
