13 0.307343 0.412459 0.274477 0.523194
7 0.682574 0.618124 0.247845 0.023194
7 0.676339 0.504310 0.236299 0.019294
7 0.295567 0.593083 0.225985 0.030583
7 0.672260 0.178058 0.228140 0.024836
7 0.295413 0.564142 0.229372 0.032225
7 0.670182 0.591236 0.222445 0.024425
8 0.710360 0.472496 0.441656 0.830460
7 0.301724 0.537562 0.245998 0.027915
7 0.303187 0.388752 0.244304 0.028325
7 0.672183 0.446839 0.231065 0.020115
7 0.300185 0.239943 0.232759 0.023399
7 0.298953 0.479167 0.233990 0.028530
7 0.675647 0.299056 0.236453 0.025041
7 0.294797 0.269602 0.227833 0.032635
7 0.679880 0.417077 0.247383 0.022167
7 0.304341 0.452073 0.247845 0.030172
7 0.301801 0.507184 0.234452 0.030788
7 0.299338 0.297927 0.229834 0.026478
7 0.681342 0.386186 0.243534 0.018268
7 0.297491 0.328510 0.228294 0.027709
7 0.680342 0.642549 0.239378 0.022783
7 0.308036 0.650246 0.247229 0.030378
7 0.666872 0.326560 0.218596 0.016010
8 0.274784 0.473933 0.433498 0.835796
7 0.670720 0.237787 0.222291 0.024425
7 0.293334 0.623563 0.223676 0.034483
13 0.682343 0.411125 0.271398 0.528736
7 0.304803 0.177956 0.242611 0.023399
7 0.675262 0.563424 0.228602 0.018883
7 0.679110 0.354885 0.237223 0.022167
7 0.678879 0.474959 0.237685 0.018883
7 0.304572 0.208744 0.240917 0.022167
7 0.677032 0.534483 0.236761 0.021346
7 0.669027 0.207512 0.221983 0.023399
7 0.678956 0.267447 0.244304 0.024220
7 0.297876 0.358580 0.230911 0.029557
7 0.297799 0.418822 0.235991 0.025246
