8 0.310730 0.496408 0.409329 0.927545
7 0.344674 0.527709 0.237069 0.026683
7 0.758775 0.319376 0.092057 0.020936
7 0.755773 0.403736 0.082666 0.021346
9 0.441118 0.303161 0.045720 0.029146
10 0.749076 0.681548 0.110837 0.019910
7 0.341826 0.416667 0.225831 0.025452
7 0.420259 0.389778 0.089594 0.023810
7 0.345828 0.554392 0.240917 0.026683
13 0.344751 0.407943 0.247691 0.605296
7 0.423645 0.192016 0.085899 0.023194
7 0.754002 0.176929 0.092057 0.022167
7 0.760776 0.202689 0.092365 0.023194
7 0.367534 0.472085 0.187346 0.024220
3 0.585206 0.142447 0.022937 0.027915
0 0.636392 0.286022 0.140702 0.253900
7 0.341595 0.500205 0.227833 0.026683
7 0.680419 0.150349 0.201663 0.021141
3 0.593211 0.473214 0.055881 0.062603
10 0.426108 0.132184 0.076970 0.019704
7 0.340594 0.611248 0.232297 0.028325
7 0.684036 0.542796 0.232605 0.021141
7 0.420413 0.221470 0.076047 0.022167
7 0.677956 0.713670 0.152094 0.022578
7 0.704895 0.459873 0.174569 0.021552
9 0.689963 0.146346 0.179187 0.026273
7 0.424338 0.252360 0.087900 0.020320
7 0.420259 0.333641 0.089594 0.024015
7 0.753233 0.347188 0.080049 0.020731
7 0.419874 0.278633 0.078972 0.021141
7 0.758852 0.291256 0.089440 0.020936
7 0.686730 0.569889 0.242611 0.022783
7 0.751539 0.263239 0.082820 0.020731
7 0.615917 0.683600 0.104680 0.021141
7 0.682728 0.598727 0.233374 0.020936
7 0.308267 0.132594 0.139317 0.026273
3 0.252540 0.125924 0.026324 0.026478
7 0.339440 0.582307 0.227833 0.027504
7 0.338054 0.668103 0.225369 0.028736
3 0.583205 0.704228 0.026016 0.032020
7 0.756081 0.376642 0.090979 0.021757
9 0.321890 0.127566 0.119766 0.030583
7 0.684267 0.515394 0.236761 0.020525
7 0.682574 0.431650 0.229988 0.023810
9 0.451047 0.360016 0.019704 0.029146
7 0.689424 0.484093 0.224292 0.029762
3 0.251693 0.449302 0.058805 0.063629
7 0.422799 0.362274 0.087284 0.024220
9 0.775862 0.428777 0.051108 0.030378
10 0.782251 0.709257 0.046336 0.014163
7 0.337900 0.697250 0.220751 0.028736
7 0.360530 0.443658 0.177648 0.024425
7 0.424107 0.162767 0.087746 0.024220
0 0.303033 0.270525 0.142395 0.255337
7 0.686961 0.655686 0.237531 0.021552
9 0.778479 0.343391 0.045874 0.026273
7 0.683344 0.626334 0.232759 0.021962
8 0.720058 0.498153 0.409329 0.924056
7 0.756389 0.233169 0.086977 0.020936
9 0.578048 0.426006 0.024015 0.027709
9 0.423953 0.414819 0.048953 0.022167
7 0.341441 0.639984 0.234606 0.027504
13 0.685961 0.423543 0.245074 0.602833
9 0.388547 0.158046 0.019704 0.025041
7 0.417180 0.306650 0.075123 0.024220
9 0.675954 0.708436 0.153017 0.031814
9 0.720135 0.173337 0.027094 0.027709
