7 0.437707 0.686357 0.526176 0.021159
7 0.434228 0.221181 0.537773 0.039453
7 0.396620 0.359048 0.366468 0.021159
7 0.239397 0.192418 0.148111 0.024245
7 0.435388 0.533392 0.535454 0.030417
7 0.245195 0.441702 0.155070 0.022923
7 0.435388 0.287084 0.540093 0.028874
3 0.273028 0.113732 0.177601 0.145471
7 0.435388 0.743994 0.526176 0.027110
7 0.426276 0.494710 0.507952 0.025788
7 0.807654 0.625854 0.127568 0.030196
7 0.807820 0.736390 0.123260 0.027331
7 0.401259 0.705422 0.453280 0.025788
7 0.256461 0.725810 0.118622 0.030417
7 0.435388 0.609103 0.526176 0.033282
7 0.462724 0.569760 0.480782 0.030417
7 0.241716 0.329623 0.148111 0.025788
7 0.458085 0.669826 0.485421 0.027331
7 0.244036 0.478069 0.148111 0.025568
7 0.433068 0.262949 0.540093 0.031739
7 0.237078 0.381089 0.148111 0.022923
7 0.426110 0.165197 0.530815 0.033282
8 0.488403 0.497796 0.890656 0.916685
7 0.265739 0.246198 0.104705 0.028653
7 0.247349 0.589376 0.154738 0.021159
2 0.441021 0.439497 0.765408 0.772757
7 0.265573 0.513665 0.100398 0.030196
2 0.389828 0.481155 0.663022 0.689442
7 0.417164 0.400044 0.485089 0.024245
7 0.462558 0.628058 0.489728 0.025788
7 0.434228 0.141724 0.533135 0.040996
7 0.427270 0.455257 0.419152 0.022702
7 0.242876 0.345493 0.145792 0.018294
7 0.793075 0.162883 0.107025 0.037911
7 0.258781 0.209940 0.100066 0.025788
7 0.456925 0.306921 0.478463 0.025788
7 0.316932 0.418228 0.211730 0.027110
7 0.437707 0.648446 0.530815 0.024245
7 0.394301 0.553890 0.448641 0.034825
