7 0.504806 0.617413 0.736062 0.025910
7 0.532546 0.669415 0.747597 0.026998
7 0.539138 0.226400 0.735512 0.033158
5 0.143779 0.285468 0.066740 0.049103
7 0.538863 0.201939 0.774512 0.037507
7 0.555891 0.177115 0.745949 0.040043
7 0.508926 0.355227 0.680582 0.022287
7 0.535293 0.486229 0.745400 0.020475
7 0.530623 0.434408 0.775611 0.020112
7 0.487503 0.249411 0.632244 0.025910
7 0.544905 0.796974 0.759681 0.038594
7 0.535567 0.514133 0.753639 0.021199
13 0.525542 0.472459 0.848943 0.800689
7 0.558363 0.329317 0.774512 0.029534
7 0.535293 0.851241 0.691568 0.031527
7 0.542433 0.302410 0.749245 0.028628
7 0.541060 0.149393 0.739357 0.039319
7 0.540511 0.826055 0.752541 0.034427
9 0.759407 0.593858 0.255424 0.022287
7 0.542159 0.383312 0.774512 0.025186
7 0.540511 0.772151 0.761329 0.034608
7 0.526229 0.407411 0.731667 0.020837
7 0.544356 0.461406 0.763527 0.020837
7 0.537764 0.098478 0.739357 0.042218
7 0.520461 0.590053 0.710244 0.025548
7 0.539138 0.539138 0.761879 0.023011
9 0.649959 0.250317 0.312826 0.030984
7 0.536666 0.747871 0.740456 0.031709
8 0.500824 0.502446 0.961000 0.984599
7 0.528976 0.277949 0.714090 0.027179
5 0.142406 0.606632 0.069486 0.047472
7 0.526778 0.563870 0.721780 0.026454
9 0.694177 0.356496 0.312826 0.028085
7 0.531173 0.724497 0.780005 0.032071
7 0.522384 0.642417 0.757484 0.028447
7 0.545180 0.120402 0.706949 0.040043
5 0.139934 0.366824 0.069486 0.055988
7 0.538863 0.695688 0.754738 0.031709
