8 0.272629 0.502258 0.433190 0.848112
7 0.247229 0.545053 0.154249 0.020731
13 0.687346 0.463054 0.326970 0.518883
3 0.545797 0.407328 0.042334 0.050698
3 0.552263 0.335386 0.032789 0.047209
3 0.541102 0.653428 0.051724 0.043719
3 0.545413 0.479167 0.039717 0.051929
7 0.341364 0.478551 0.224292 0.026067
7 0.316502 0.408559 0.277709 0.029351
13 0.308959 0.453305 0.341749 0.515394
10 0.403402 0.227114 0.125154 0.033456
3 0.178571 0.695608 0.051724 0.081691
7 0.684036 0.557984 0.272629 0.028530
7 0.696967 0.662048 0.264009 0.028941
3 0.177725 0.263444 0.044797 0.046182
10 0.753002 0.235324 0.156250 0.037972
7 0.681034 0.695915 0.282943 0.031404
7 0.669489 0.626334 0.270936 0.027299
7 0.627848 0.304392 0.182420 0.025041
10 0.401247 0.542488 0.148553 0.033251
7 0.244766 0.338773 0.141626 0.028530
3 0.237223 0.509031 0.034483 0.040230
7 0.314809 0.302545 0.287254 0.031609
3 0.182882 0.490661 0.084667 0.088465
8 0.719289 0.501642 0.441041 0.846880
7 0.330357 0.579639 0.282943 0.025452
7 0.697429 0.481219 0.268935 0.021962
7 0.685037 0.449200 0.292796 0.029351
3 0.545336 0.266215 0.038023 0.047209
3 0.539332 0.555111 0.036176 0.053982
10 0.387392 0.647167 0.169181 0.040230
7 0.336746 0.684934 0.273861 0.025452
10 0.387007 0.331281 0.154557 0.034483
3 0.176031 0.583333 0.041410 0.048440
7 0.238454 0.649220 0.126847 0.025041
3 0.388316 0.437089 0.034637 0.043719
3 0.182882 0.369869 0.044951 0.054187
9 0.443658 0.437705 0.028941 0.042488
7 0.329126 0.265086 0.272783 0.030993
10 0.780557 0.300185 0.113147 0.032225
7 0.700739 0.267344 0.273091 0.024425
7 0.691964 0.415948 0.254002 0.026478
7 0.354603 0.507594 0.204587 0.020115
7 0.687808 0.378079 0.288793 0.029146
7 0.330511 0.373461 0.265702 0.030993
7 0.249461 0.232245 0.164871 0.021141
7 0.315425 0.440271 0.278941 0.022578
7 0.604757 0.237582 0.129772 0.024836
7 0.678264 0.592159 0.290948 0.029967
7 0.700200 0.341749 0.266472 0.023810
7 0.667873 0.523604 0.264932 0.029557
7 0.314424 0.614532 0.284329 0.028736
