7 0.650014 0.601256 0.219374 0.020695
10 0.707456 0.487805 0.130543 0.022912
10 0.368002 0.426183 0.116547 0.021988
7 0.675028 0.237435 0.196508 0.022912
3 0.558204 0.236973 0.043237 0.042683
10 0.754573 0.206763 0.036308 0.022912
7 0.296355 0.202605 0.202744 0.024205
13 0.652508 0.397912 0.250416 0.522727
10 0.722145 0.406042 0.101164 0.023097
7 0.638927 0.209627 0.186946 0.022727
7 0.669069 0.625831 0.183758 0.025129
2 0.134631 0.382761 0.112666 0.516075
7 0.604282 0.486696 0.119873 0.022542
3 0.558620 0.362620 0.073448 0.072616
10 0.392184 0.154287 0.071785 0.028825
7 0.640244 0.403455 0.196508 0.020880
3 0.551344 0.569937 0.048365 0.044900
13 0.308550 0.392831 0.242932 0.522912
7 0.275014 0.147358 0.165327 0.026053
7 0.310629 0.259516 0.224363 0.025314
7 0.655003 0.458241 0.223531 0.019956
10 0.383938 0.206763 0.084673 0.022912
7 0.315410 0.230414 0.179878 0.024390
7 0.684867 0.348670 0.175998 0.023282
7 0.304878 0.621397 0.219789 0.021434
3 0.557303 0.185144 0.048365 0.049520
3 0.207802 0.174427 0.038110 0.035846
7 0.678076 0.377125 0.166297 0.021803
7 0.329823 0.374723 0.186253 0.020325
8 0.260463 0.483925 0.437500 0.859941
7 0.320122 0.595251 0.191242 0.023097
10 0.751524 0.598947 0.049335 0.024205
3 0.210920 0.509239 0.050721 0.041020
3 0.559035 0.513489 0.051829 0.040281
3 0.554739 0.435144 0.046563 0.040281
10 0.748476 0.153178 0.060421 0.021803
7 0.300859 0.317258 0.212860 0.024390
7 0.656181 0.292775 0.222561 0.020880
7 0.646826 0.152809 0.191935 0.022912
3 0.667475 0.321046 0.038941 0.042683
3 0.210019 0.450665 0.045316 0.033259
7 0.674127 0.182188 0.185006 0.020695
10 0.749376 0.543607 0.039773 0.028825
9 0.368625 0.345898 0.038803 0.030673
9 0.746882 0.320953 0.023975 0.030303
7 0.323379 0.178307 0.198586 0.021064
10 0.402508 0.344420 0.032012 0.021803
3 0.276261 0.344327 0.033675 0.031227
2 0.830308 0.389412 0.099917 0.516075
7 0.302384 0.480322 0.219789 0.023097
7 0.294484 0.345990 0.190965 0.022358
8 0.705030 0.486419 0.451635 0.854952
7 0.641630 0.545732 0.185144 0.022358
7 0.677869 0.515336 0.205516 0.023282
7 0.326497 0.287417 0.200942 0.024945
7 0.308065 0.538803 0.222007 0.022912
7 0.332594 0.398744 0.186253 0.020325
3 0.213900 0.230322 0.047256 0.040835
7 0.654587 0.320953 0.217156 0.023282
7 0.324279 0.455746 0.194568 0.021249
3 0.210643 0.591463 0.044346 0.036955
3 0.215840 0.388027 0.054185 0.065041
10 0.400776 0.263211 0.059590 0.027531
3 0.556472 0.623429 0.048365 0.041390
7 0.325665 0.509424 0.196508 0.022542
7 0.668237 0.434313 0.190687 0.020140
7 0.261779 0.426922 0.134701 0.021619
3 0.210712 0.286216 0.044762 0.039542
7 0.301136 0.569845 0.205377 0.020695
7 0.668376 0.569568 0.186530 0.019401
7 0.661447 0.264043 0.227273 0.024021
