7 0.663025 0.526602 0.197899 0.020023
7 0.386870 0.294050 0.200210 0.022883
7 0.662815 0.606407 0.199160 0.020023
7 0.663025 0.580664 0.196639 0.019451
10 0.732878 0.628576 0.055672 0.019737
7 0.663761 0.263730 0.194748 0.022311
7 0.388761 0.346539 0.202731 0.022597
7 0.391071 0.557637 0.206092 0.026030
7 0.384454 0.267449 0.196639 0.024600
8 0.338550 0.499857 0.366597 0.700515
7 0.663025 0.447797 0.200420 0.020881
7 0.393592 0.609840 0.199790 0.024600
7 0.660084 0.291190 0.194958 0.020023
7 0.389181 0.372569 0.206092 0.023741
7 0.391387 0.503432 0.200420 0.025172
8 0.705672 0.494851 0.341597 0.702517
7 0.394223 0.636013 0.204832 0.027746
7 0.660819 0.631722 0.190966 0.024314
7 0.660399 0.342677 0.191807 0.020023
7 0.662290 0.553061 0.193067 0.022025
7 0.391912 0.451659 0.201471 0.024027
7 0.663235 0.394737 0.197059 0.020023
7 0.384349 0.424485 0.194328 0.024600
7 0.660294 0.475114 0.195378 0.019451
13 0.392752 0.450944 0.214076 0.395023
7 0.659769 0.317077 0.190546 0.019165
7 0.661975 0.500858 0.193277 0.019451
7 0.389391 0.583238 0.200210 0.024600
7 0.390336 0.531035 0.201261 0.026602
7 0.385189 0.319508 0.196008 0.021739
7 0.388445 0.478976 0.200000 0.024314
13 0.663235 0.443936 0.200840 0.389016
7 0.661975 0.369851 0.198739 0.017735
7 0.389286 0.398312 0.204202 0.024886
7 0.661660 0.421053 0.192647 0.021739
