2 0.254464 0.387110 0.041872 0.027915
2 0.560499 0.358682 0.041872 0.035920
2 0.559652 0.589901 0.051262 0.032430
2 0.255234 0.201457 0.043411 0.031814
2 0.562038 0.511905 0.043411 0.029967
1 0.180342 0.397167 0.103294 0.419130
2 0.256081 0.538075 0.040486 0.031814
2 0.254464 0.336617 0.044951 0.034893
1 0.791872 0.391112 0.098830 0.427135
2 0.559113 0.283354 0.043411 0.024015
2 0.255927 0.258005 0.044797 0.029967
2 0.257158 0.462644 0.035868 0.027915
2 0.561268 0.227422 0.041872 0.032020
2 0.561653 0.461617 0.044797 0.029967
2 0.270089 0.580768 0.061422 0.047824
