7 0.339731 0.207871 0.221591 0.024390
9 0.412902 0.257206 0.016491 0.031412
3 0.586336 0.471268 0.062639 0.061530
7 0.343334 0.264320 0.218819 0.022358
9 0.315965 0.174150 0.016630 0.038618
7 0.343611 0.403271 0.226303 0.026053
13 0.672048 0.427199 0.253187 0.543976
7 0.347492 0.318459 0.231846 0.024205
7 0.343196 0.486789 0.221037 0.024945
7 0.342018 0.458610 0.228936 0.019586
7 0.664496 0.625647 0.202605 0.021803
7 0.338137 0.569937 0.219235 0.024205
7 0.679601 0.404933 0.227550 0.020510
13 0.356569 0.417313 0.262749 0.526792
7 0.677661 0.375000 0.228936 0.020510
7 0.698032 0.485588 0.170177 0.022542
7 0.367032 0.346452 0.179462 0.024021
10 0.725610 0.567443 0.131652 0.027347
7 0.346383 0.290004 0.221868 0.023097
7 0.610103 0.568274 0.089939 0.017554
8 0.728659 0.505728 0.430710 0.860680
7 0.685283 0.540928 0.176829 0.019771
10 0.774737 0.511826 0.027300 0.024390
3 0.256098 0.359387 0.067073 0.067258
7 0.339454 0.432650 0.208564 0.026423
7 0.676067 0.290373 0.223531 0.022358
7 0.676206 0.432003 0.236835 0.021803
7 0.676414 0.209627 0.222838 0.020880
3 0.577190 0.595436 0.044346 0.036031
7 0.342849 0.237343 0.215355 0.022727
7 0.686807 0.596637 0.179324 0.018108
7 0.677453 0.179878 0.228797 0.020880
8 0.293584 0.502217 0.430571 0.867701
7 0.660754 0.514505 0.194845 0.019401
7 0.676136 0.317443 0.217295 0.019956
9 0.728936 0.230876 0.024113 0.028640
7 0.341810 0.181356 0.228520 0.024205
3 0.575873 0.538618 0.045316 0.040650
2 0.168237 0.411123 0.112251 0.532520
7 0.348392 0.542868 0.222838 0.022912
7 0.677245 0.264412 0.229490 0.021803
7 0.340493 0.652624 0.220621 0.022542
7 0.675582 0.654010 0.220067 0.020140
7 0.677384 0.235772 0.206763 0.022542
7 0.370773 0.376571 0.172533 0.021434
7 0.338900 0.514782 0.215771 0.023651
9 0.441242 0.342203 0.042960 0.038803
2 0.852550 0.420455 0.106153 0.530118
7 0.700665 0.461013 0.177938 0.019586
9 0.711267 0.427938 0.101025 0.033259
7 0.340216 0.597376 0.226164 0.024021
7 0.338276 0.624169 0.211752 0.023651
9 0.666297 0.370381 0.018016 0.032336
7 0.676414 0.346452 0.213692 0.019956
