7 0.643750 0.384559 0.187132 0.027451
2 0.224265 0.418137 0.090074 0.370588
7 0.657169 0.562500 0.163971 0.023039
7 0.638879 0.331618 0.195772 0.023039
7 0.367463 0.565196 0.186029 0.024020
7 0.645588 0.460907 0.180515 0.021814
7 0.348805 0.510907 0.154596 0.027206
7 0.653952 0.437132 0.171875 0.021814
7 0.581618 0.306985 0.074265 0.019363
7 0.369485 0.590196 0.191176 0.024020
7 0.367923 0.386152 0.177757 0.022794
7 0.642739 0.284559 0.183640 0.025000
3 0.288879 0.534314 0.032904 0.031373
3 0.565717 0.563971 0.044669 0.037745
7 0.643842 0.355637 0.191728 0.025000
3 0.556066 0.256618 0.042279 0.035294
7 0.370312 0.336152 0.179228 0.020833
10 0.410018 0.414338 0.100551 0.024755
2 0.786213 0.416176 0.103676 0.362745
7 0.639430 0.254534 0.187684 0.024755
8 0.317647 0.500368 0.387500 0.819853
7 0.647702 0.588725 0.181066 0.025000
7 0.316820 0.411520 0.081434 0.025980
13 0.370956 0.418750 0.200735 0.371324
7 0.383640 0.310417 0.168382 0.020833
10 0.442647 0.515686 0.038603 0.019118
7 0.645404 0.535784 0.185294 0.025490
7 0.386397 0.439706 0.162868 0.021078
7 0.371783 0.362132 0.191360 0.022794
3 0.559743 0.333088 0.042279 0.032353
7 0.367831 0.463480 0.177941 0.022549
3 0.565441 0.437868 0.040441 0.030637
7 0.643199 0.411275 0.186765 0.024020
7 0.365533 0.487132 0.178125 0.021324
7 0.646599 0.511887 0.184743 0.026225
10 0.679504 0.303431 0.113419 0.027941
7 0.644118 0.486029 0.181618 0.024510
8 0.700827 0.497304 0.378125 0.818627
3 0.287684 0.433211 0.036397 0.035049
3 0.290257 0.302574 0.039338 0.037010
7 0.367188 0.257475 0.179228 0.021814
7 0.313511 0.281863 0.066728 0.019118
13 0.635938 0.417034 0.204596 0.374755
7 0.370404 0.537745 0.183824 0.026471
10 0.406434 0.284559 0.115809 0.026961
