2 0.353520 0.599316 0.023282 0.021619
2 0.714038 0.530950 0.021757 0.022358
2 0.510671 0.624630 0.014967 0.022358
2 0.729074 0.398651 0.016630 0.021249
2 0.624099 0.624076 0.027578 0.021249
2 0.500831 0.534553 0.022173 0.024390
2 0.593889 0.353012 0.020926 0.021249
2 0.665466 0.287140 0.026885 0.021064
2 0.363151 0.521064 0.044484 0.043237
2 0.725679 0.486234 0.016768 0.020140
2 0.724432 0.442812 0.020926 0.020140
2 0.487597 0.671009 0.022589 0.025684
2 0.391006 0.330007 0.025360 0.022912
2 0.454268 0.376663 0.026330 0.021619
