13 0.643863 0.456990 0.237532 0.468775
7 0.643054 0.509871 0.209683 0.025383
7 0.444543 0.512591 0.050680 0.021555
7 0.431995 0.539585 0.069301 0.023167
7 0.349336 0.270649 0.207092 0.025987
7 0.638115 0.243856 0.214054 0.028807
7 0.644673 0.593372 0.210978 0.023973
7 0.378643 0.296938 0.168556 0.026591
7 0.647183 0.484085 0.220207 0.024980
3 0.562581 0.670326 0.056833 0.035657
7 0.644268 0.646757 0.210816 0.022361
7 0.643701 0.324335 0.209035 0.024174
8 0.674385 0.512691 0.362047 0.755036
7 0.647183 0.619863 0.213407 0.023771
7 0.354032 0.378122 0.220693 0.028203
7 0.377105 0.324940 0.149935 0.025383
13 0.354841 0.458703 0.261172 0.488316
9 0.740366 0.587027 0.031898 0.029412
7 0.345207 0.432313 0.199806 0.027800
7 0.641435 0.537268 0.205797 0.026591
9 0.664184 0.555197 0.026231 0.037873
7 0.349093 0.351027 0.209197 0.026390
7 0.643782 0.404915 0.210492 0.025786
3 0.408598 0.509267 0.040965 0.030218
7 0.642163 0.269641 0.217617 0.023167
9 0.419122 0.264807 0.070758 0.029210
8 0.316467 0.522764 0.388115 0.778807
7 0.648964 0.432212 0.222798 0.024778
7 0.635929 0.350121 0.198996 0.022965
7 0.352332 0.461724 0.214378 0.027800
7 0.433290 0.651189 0.082578 0.025181
7 0.669284 0.672240 0.151716 0.023771
9 0.727898 0.640411 0.051328 0.029412
9 0.382448 0.481869 0.185557 0.025786
7 0.646049 0.566277 0.208549 0.025383
7 0.425680 0.678384 0.073834 0.023167
0 0.317843 0.594984 0.146049 0.195608
7 0.357837 0.487812 0.224093 0.026793
7 0.433614 0.595185 0.081282 0.024376
7 0.344722 0.243856 0.203044 0.025584
7 0.641516 0.296837 0.211788 0.024376
7 0.642892 0.458199 0.209359 0.025584
7 0.350955 0.405218 0.207416 0.024376
7 0.433776 0.568292 0.071567 0.022965
3 0.271049 0.308320 0.063148 0.059428
7 0.429890 0.623691 0.076749 0.024174
7 0.645887 0.377317 0.217617 0.023368
