7 0.682343 0.501539 0.213516 0.019910
3 0.189424 0.643576 0.052186 0.047824
8 0.713208 0.498563 0.435037 0.832512
7 0.292257 0.436268 0.218134 0.030172
7 0.673491 0.623563 0.202894 0.021757
7 0.682343 0.262418 0.209206 0.019089
7 0.293565 0.205768 0.208744 0.030993
10 0.781866 0.349754 0.054187 0.034893
10 0.338208 0.554700 0.172106 0.034688
7 0.287485 0.466338 0.207974 0.031199
3 0.203356 0.248563 0.049261 0.028325
7 0.664409 0.439450 0.176724 0.025041
7 0.706589 0.592159 0.189039 0.020525
7 0.676031 0.560858 0.206743 0.024836
3 0.593827 0.233169 0.053110 0.030788
3 0.591903 0.284688 0.049261 0.038588
7 0.711284 0.290846 0.186422 0.020525
7 0.313424 0.588773 0.191502 0.033456
7 0.297337 0.616790 0.213824 0.032020
3 0.588593 0.588157 0.052186 0.042488
10 0.779403 0.440681 0.051108 0.028325
13 0.692888 0.432266 0.264778 0.488506
7 0.679033 0.410406 0.208744 0.021552
7 0.292719 0.291461 0.186115 0.027915
7 0.683344 0.532225 0.216441 0.019294
7 0.696736 0.208949 0.227833 0.020936
7 0.713516 0.237479 0.183190 0.020936
3 0.194735 0.574713 0.055111 0.036125
7 0.296182 0.376437 0.211207 0.032841
3 0.196659 0.484401 0.053110 0.036125
10 0.380234 0.233169 0.078202 0.038588
7 0.310345 0.406712 0.190579 0.030993
3 0.592365 0.465722 0.048337 0.037356
7 0.294797 0.555624 0.220135 0.032020
7 0.286715 0.347496 0.198430 0.029146
7 0.624384 0.653120 0.100062 0.026273
7 0.289024 0.525965 0.219674 0.030583
7 0.311038 0.262110 0.181496 0.029967
10 0.743611 0.651273 0.128541 0.037356
13 0.303879 0.430932 0.254310 0.514163
7 0.295720 0.233580 0.187500 0.030788
7 0.300262 0.649117 0.175031 0.028530
7 0.667334 0.348112 0.181650 0.023810
7 0.705896 0.469314 0.175031 0.022783
8 0.272937 0.495998 0.428264 0.829844
7 0.305573 0.497024 0.192118 0.032225
7 0.307266 0.318555 0.202278 0.032841
3 0.588978 0.371716 0.049261 0.034893
3 0.201893 0.306650 0.050339 0.038588
3 0.196121 0.396757 0.054187 0.036125
7 0.679803 0.318966 0.206589 0.016831
7 0.706743 0.379208 0.180727 0.019910
