7 0.718904 0.182574 0.264163 0.032225
7 0.286715 0.229988 0.254156 0.028941
7 0.283867 0.208744 0.256773 0.029146
7 0.733297 0.548645 0.285252 0.025862
7 0.280557 0.275144 0.243073 0.032635
7 0.292796 0.369869 0.258005 0.029146
7 0.718211 0.158867 0.255388 0.034483
7 0.722983 0.363198 0.275092 0.024836
7 0.771629 0.637315 0.131619 0.024220
7 0.724754 0.497947 0.279557 0.027504
7 0.717903 0.338465 0.260006 0.023399
7 0.297799 0.526170 0.262777 0.025657
7 0.313808 0.668001 0.279711 0.023194
7 0.266472 0.593699 0.194273 0.022373
7 0.288639 0.326970 0.254002 0.030788
7 0.723830 0.415640 0.274015 0.023810
7 0.714440 0.315989 0.270320 0.023194
7 0.312038 0.621203 0.283559 0.026478
7 0.298030 0.548543 0.261700 0.024425
7 0.290871 0.478140 0.254772 0.028941
7 0.731219 0.389573 0.290640 0.023810
7 0.301955 0.570197 0.270474 0.022578
7 0.288793 0.349651 0.253387 0.028120
8 0.698815 0.506260 0.437346 0.817118
13 0.304264 0.458025 0.327432 0.590107
7 0.305342 0.716749 0.262161 0.024631
7 0.720982 0.474138 0.263085 0.022989
7 0.719135 0.206794 0.259698 0.031814
7 0.283713 0.184421 0.250924 0.029762
7 0.728987 0.524117 0.280018 0.025246
7 0.720982 0.236351 0.265240 0.029351
7 0.301647 0.503592 0.270782 0.026067
7 0.203587 0.302750 0.090055 0.022578
7 0.293642 0.419745 0.259698 0.032020
7 0.727679 0.572147 0.279865 0.025657
7 0.722599 0.440271 0.271860 0.024631
7 0.720751 0.261392 0.259236 0.028941
7 0.287869 0.251539 0.257389 0.033867
7 0.301108 0.692837 0.255234 0.025657
7 0.262931 0.445402 0.201663 0.034483
7 0.287254 0.394807 0.252155 0.032225
8 0.268858 0.513342 0.417334 0.828818
7 0.718057 0.286946 0.259698 0.025041
7 0.612223 0.602217 0.048030 0.019704
13 0.729449 0.416667 0.337900 0.616995
7 0.302802 0.644499 0.265086 0.022578
