7 0.673295 0.382576 0.195538 0.027162
7 0.673503 0.291759 0.200942 0.025868
7 0.680848 0.559959 0.202051 0.024575
7 0.671078 0.228843 0.200249 0.026792
7 0.361973 0.439856 0.199834 0.023097
7 0.675513 0.320676 0.203853 0.027531
7 0.672949 0.472099 0.192627 0.028825
7 0.357539 0.469327 0.190965 0.022912
7 0.358370 0.259516 0.194845 0.024205
3 0.400430 0.350702 0.028963 0.031042
7 0.675097 0.352365 0.201912 0.027347
3 0.672741 0.318459 0.035892 0.038618
7 0.674404 0.500647 0.193320 0.028271
7 0.673711 0.591371 0.188054 0.026423
7 0.357747 0.529841 0.191657 0.023466
7 0.672949 0.413064 0.193459 0.026423
7 0.357608 0.288987 0.192489 0.023651
3 0.699834 0.496489 0.035754 0.031042
7 0.358162 0.624076 0.191935 0.023466
7 0.687916 0.260902 0.152716 0.025868
3 0.339939 0.259793 0.027993 0.032151
7 0.360241 0.381190 0.194706 0.023651
7 0.672395 0.443551 0.195122 0.029010
7 0.354213 0.320676 0.187916 0.025314
13 0.359132 0.430987 0.224363 0.459904
3 0.430432 0.562269 0.029102 0.033629
7 0.674612 0.531042 0.192627 0.024760
13 0.673988 0.430987 0.254573 0.465078
7 0.354767 0.412417 0.186807 0.024760
7 0.357054 0.228474 0.188609 0.023466
3 0.585643 0.261086 0.049335 0.026977
7 0.360103 0.500462 0.204130 0.022358
7 0.356014 0.353197 0.195122 0.023836
7 0.359479 0.593588 0.198171 0.024205
7 0.693390 0.622413 0.157567 0.023097
3 0.692073 0.410015 0.039634 0.031042
3 0.393154 0.472653 0.033814 0.034738
3 0.592919 0.621582 0.040604 0.031042
7 0.357400 0.561992 0.192073 0.024205
