1 0.521289 0.454077 0.026053 0.440692
1 0.777803 0.451194 0.102576 0.447282
2 0.304303 0.396005 0.036921 0.030890
2 0.620887 0.427100 0.039452 0.027183
2 0.548013 0.350082 0.037517 0.028830
2 0.549501 0.505045 0.035432 0.029448
2 0.556350 0.540877 0.041983 0.047570
2 0.547566 0.654757 0.033348 0.025329
2 0.564761 0.401462 0.071907 0.082578
2 0.549799 0.325577 0.036028 0.025947
2 0.306833 0.425762 0.033944 0.027389
2 0.310332 0.256384 0.051064 0.062191
2 0.550246 0.477142 0.031859 0.025124
1 0.237383 0.445428 0.100194 0.448929
2 0.311821 0.487644 0.050171 0.057249
