2 0.485277 0.436302 0.062930 0.460730
10 0.447400 0.613636 0.046545 0.024428
10 0.420090 0.428726 0.092140 0.018244
7 0.335075 0.461812 0.175730 0.025665
10 0.434101 0.303494 0.056994 0.021336
7 0.331631 0.280767 0.180242 0.021027
7 0.319402 0.433828 0.123486 0.024119
10 0.435763 0.403834 0.065068 0.019790
7 0.329257 0.357297 0.168844 0.025665
7 0.337450 0.564162 0.175730 0.024428
10 0.436951 0.327613 0.051294 0.018244
3 0.281643 0.616419 0.040845 0.038033
7 0.338043 0.381571 0.137497 0.025974
7 0.345642 0.615646 0.182617 0.021027
10 0.444431 0.480365 0.047732 0.018244
10 0.434101 0.379561 0.059368 0.019481
7 0.328188 0.334570 0.173355 0.025974
10 0.436951 0.352814 0.056044 0.022882
7 0.324151 0.254174 0.165281 0.022882
10 0.438732 0.533241 0.054856 0.018244
3 0.275825 0.254947 0.031584 0.039270
7 0.340299 0.513451 0.137260 0.031849
10 0.436357 0.277675 0.047732 0.021027
2 0.300047 0.450062 0.329850 0.688002
7 0.366540 0.589054 0.180242 0.022882
7 0.340893 0.304886 0.143196 0.030303
7 0.329850 0.539889 0.170031 0.024119
10 0.440394 0.452999 0.055806 0.021027
10 0.428283 0.252628 0.063880 0.019790
10 0.433507 0.224644 0.055806 0.021336
7 0.338043 0.228510 0.141772 0.025974
3 0.277488 0.433055 0.037283 0.044218
10 0.432914 0.510668 0.059368 0.021336
7 0.339231 0.405844 0.137497 0.028757
7 0.334481 0.486858 0.176918 0.024428
10 0.442294 0.560606 0.047732 0.027211
8 0.307884 0.509895 0.420090 0.831787
