3 0.216117 0.555155 0.035338 0.026423
7 0.340563 0.439856 0.270926 0.020880
7 0.738498 0.438562 0.249446 0.026792
3 0.323101 0.476903 0.035338 0.031042
7 0.732331 0.628511 0.267600 0.028640
7 0.347700 0.311438 0.258315 0.019771
7 0.347284 0.225610 0.258592 0.021434
7 0.742655 0.459534 0.263304 0.022912
3 0.211336 0.738174 0.046563 0.051737
7 0.730599 0.751755 0.257483 0.025684
3 0.648143 0.543052 0.037971 0.022912
7 0.725610 0.376940 0.270787 0.026608
7 0.733578 0.480783 0.257068 0.025129
7 0.339246 0.545824 0.278271 0.023651
7 0.326497 0.650222 0.246951 0.024760
7 0.348600 0.185514 0.260394 0.022542
7 0.732123 0.608001 0.269124 0.026423
7 0.341741 0.353012 0.267461 0.020510
7 0.731915 0.691149 0.267323 0.024575
3 0.730044 0.199002 0.031042 0.027716
3 0.422810 0.392831 0.039634 0.031042
7 0.725055 0.267646 0.261641 0.025314
3 0.605391 0.180617 0.032012 0.027531
3 0.856499 0.662232 0.028409 0.031042
3 0.727481 0.326681 0.027578 0.022912
7 0.732400 0.564302 0.269678 0.029933
7 0.348600 0.164449 0.260394 0.022542
7 0.724570 0.245935 0.272866 0.027347
7 0.331416 0.482631 0.254850 0.024390
7 0.346591 0.566981 0.219512 0.024205
7 0.722353 0.670085 0.244873 0.021619
7 0.327882 0.607816 0.256098 0.023836
7 0.730183 0.289357 0.277439 0.026977
7 0.334812 0.673041 0.255820 0.024945
7 0.340701 0.395602 0.266491 0.021434
7 0.334119 0.505728 0.262472 0.022173
3 0.720967 0.371027 0.026746 0.024021
7 0.738844 0.586659 0.287001 0.021064
7 0.733647 0.730599 0.268293 0.024760
3 0.270025 0.432650 0.032844 0.025314
7 0.342641 0.330839 0.263442 0.018293
7 0.718611 0.162694 0.257899 0.023466
7 0.328991 0.694106 0.273559 0.020510
3 0.730945 0.581024 0.041436 0.036770
7 0.346314 0.734479 0.222838 0.019956
3 0.689509 0.499353 0.031181 0.025314
7 0.729836 0.524298 0.266768 0.021988
3 0.307650 0.602273 0.030211 0.026423
7 0.726788 0.416574 0.280072 0.028271
3 0.773697 0.239191 0.030211 0.025314
13 0.341741 0.447524 0.309035 0.653732
7 0.732539 0.542960 0.280488 0.029379
7 0.344374 0.418237 0.267184 0.020140
7 0.345344 0.754435 0.217849 0.022542
7 0.326427 0.715724 0.265105 0.024205
3 0.460366 0.243902 0.021619 0.027716
7 0.726511 0.310976 0.271203 0.022542
3 0.223877 0.365299 0.035338 0.028825
7 0.331763 0.586382 0.251940 0.021988
7 0.346799 0.206948 0.260394 0.019217
7 0.720274 0.205192 0.268154 0.023466
8 0.735310 0.508500 0.402162 0.828529
7 0.330308 0.627310 0.262611 0.022542
3 0.230807 0.704176 0.026746 0.020695
7 0.726926 0.225425 0.266768 0.028086
3 0.720136 0.436068 0.026746 0.029933
7 0.354629 0.376109 0.227827 0.021619
3 0.676621 0.288156 0.034507 0.026423
7 0.733925 0.503049 0.283259 0.028640
7 0.731014 0.649113 0.271619 0.024760
7 0.342503 0.459350 0.274806 0.022542
3 0.358578 0.284183 0.018154 0.029933
3 0.257553 0.517184 0.030072 0.026608
3 0.290327 0.218496 0.028548 0.025314
7 0.720898 0.396064 0.261364 0.021249
7 0.348600 0.248614 0.269817 0.023466
7 0.726649 0.354675 0.271480 0.027901
7 0.338415 0.523466 0.272173 0.025868
7 0.346868 0.266907 0.268016 0.016814
7 0.723670 0.331486 0.270233 0.021803
3 0.305848 0.177199 0.031874 0.029933
8 0.335227 0.501109 0.394401 0.850333
7 0.731777 0.711475 0.259562 0.019771
13 0.735310 0.445861 0.310698 0.645602
3 0.800374 0.703622 0.035338 0.021803
3 0.828853 0.618441 0.030211 0.024021
3 0.286031 0.323817 0.035477 0.028640
7 0.346729 0.291297 0.257483 0.020140
7 0.736142 0.184128 0.233370 0.021988
3 0.333495 0.644401 0.032012 0.034553
