2 0.234529 0.337849 0.082050 0.067323
1 0.533636 0.440887 0.078356 0.433498
2 0.586361 0.354475 0.042488 0.038588
2 0.584667 0.241174 0.041256 0.036946
2 0.603833 0.507492 0.073738 0.055213
2 0.222368 0.601909 0.044181 0.036330
2 0.592672 0.636905 0.044335 0.041872
2 0.224138 0.518062 0.051416 0.040230
2 0.227833 0.294643 0.047106 0.029351
2 0.222752 0.434011 0.044643 0.033456
1 0.153556 0.432471 0.099908 0.436782
2 0.592595 0.573994 0.045413 0.035509
2 0.227063 0.265907 0.045567 0.032225
2 0.589671 0.461925 0.045413 0.031404
