7 0.689921 0.699121 0.321251 0.023241
3 0.641509 0.730999 0.068520 0.043028
0 0.509930 0.304491 0.656405 0.562500
8 0.495035 0.498744 0.971202 0.997487
7 0.684211 0.662374 0.306852 0.029523
7 0.686941 0.624372 0.314300 0.018216
9 0.786991 0.767588 0.142999 0.032035
7 0.692403 0.767902 0.308342 0.031407
3 0.677011 0.690170 0.079940 0.040515
2 0.518620 0.913945 0.920060 0.149497
3 0.365194 0.714196 0.328203 0.229899
13 0.523337 0.711840 0.680238 0.237123
2 0.907398 0.502356 0.142502 0.985239
7 0.692900 0.739165 0.308342 0.027324
7 0.730636 0.804962 0.228898 0.022613
2 0.135551 0.503455 0.139027 0.957915
3 0.572244 0.801508 0.085899 0.035804
