7 0.641630 0.410846 0.234479 0.026792
7 0.638789 0.317166 0.230460 0.025684
7 0.642946 0.347746 0.237943 0.025499
7 0.362528 0.219882 0.237805 0.026608
7 0.643223 0.223392 0.240161 0.024390
7 0.638512 0.690041 0.229629 0.018662
7 0.644609 0.598577 0.239052 0.023466
7 0.357747 0.443089 0.231846 0.026608
7 0.364537 0.282613 0.240438 0.023466
7 0.356777 0.601256 0.222145 0.023651
9 0.465147 0.341371 0.036447 0.037509
7 0.640868 0.662232 0.224917 0.022912
7 0.359548 0.568182 0.229906 0.024021
7 0.365438 0.315318 0.241131 0.026053
7 0.641075 0.631005 0.235588 0.025499
8 0.687985 0.500462 0.365161 0.820953
3 0.545108 0.549520 0.069152 0.075388
3 0.262057 0.390429 0.081208 0.085366
9 0.670801 0.405303 0.027023 0.034553
7 0.670732 0.536308 0.178769 0.025684
7 0.390382 0.378234 0.169623 0.024760
7 0.642808 0.441519 0.239052 0.025684
7 0.363151 0.253511 0.232955 0.023651
9 0.676552 0.471268 0.021896 0.030488
7 0.359410 0.506282 0.227134 0.024760
7 0.638858 0.254712 0.235033 0.026053
7 0.386710 0.410939 0.174196 0.024021
13 0.650776 0.457132 0.278825 0.535846
7 0.645233 0.283259 0.239745 0.025129
7 0.646272 0.501848 0.246535 0.026608
8 0.319775 0.499353 0.367655 0.820953
7 0.642115 0.379712 0.237943 0.024760
7 0.355044 0.346360 0.218404 0.025684
9 0.276261 0.308758 0.018708 0.033259
7 0.675651 0.567443 0.171425 0.025868
7 0.360033 0.536770 0.227827 0.025129
9 0.669207 0.528178 0.023836 0.036031
7 0.357816 0.661770 0.232262 0.024205
7 0.359479 0.631929 0.229490 0.023651
7 0.357816 0.474778 0.225333 0.022727
13 0.364191 0.463969 0.259978 0.538064
7 0.358925 0.693274 0.229490 0.024760
7 0.646480 0.471914 0.248060 0.026608
