2 0.273707 0.258210 0.054803 0.043103
1 0.787639 0.469417 0.097137 0.724548
1 0.302725 0.134852 0.320351 0.075123
2 0.547953 0.232656 0.050647 0.034278
1 0.687269 0.143678 0.307728 0.073071
2 0.273322 0.399733 0.050647 0.034278
1 0.193196 0.466133 0.114532 0.737685
2 0.271244 0.509236 0.049877 0.032020
2 0.546182 0.624897 0.048953 0.030993
2 0.549107 0.543514 0.051416 0.036535
1 0.293180 0.739943 0.314501 0.192529
2 0.270397 0.594520 0.054649 0.034278
2 0.548337 0.442939 0.071429 0.067323
1 0.684421 0.741071 0.306958 0.192323
2 0.546644 0.346162 0.056342 0.035509
