7 0.676262 0.585386 0.158251 0.021346
3 0.252848 0.418514 0.059883 0.034893
7 0.736838 0.370998 0.023245 0.021552
7 0.738147 0.225780 0.026478 0.011084
7 0.338362 0.594007 0.092672 0.029967
7 0.332281 0.325123 0.202432 0.022578
7 0.737762 0.400144 0.024477 0.024425
9 0.414717 0.623358 0.070813 0.036535
3 0.265625 0.595751 0.049415 0.033867
10 0.699661 0.434934 0.100985 0.023399
7 0.345135 0.506260 0.218288 0.025657
3 0.253310 0.450123 0.067580 0.037356
2 0.821659 0.474754 0.129156 0.742611
7 0.370305 0.620484 0.156558 0.035304
7 0.330434 0.266318 0.201817 0.023604
7 0.613685 0.555521 0.129772 0.021552
3 0.571813 0.582820 0.047876 0.035920
3 0.253387 0.384750 0.058805 0.033456
10 0.714517 0.559626 0.066349 0.024015
2 0.690733 0.151580 0.396244 0.088875
10 0.433113 0.557369 0.016472 0.032225
3 0.266395 0.629618 0.050954 0.026067
7 0.614301 0.616379 0.135314 0.022578
8 0.282866 0.510263 0.416102 0.872742
7 0.736453 0.285714 0.020320 0.010263
7 0.332281 0.296388 0.203972 0.022578
7 0.328356 0.233477 0.202278 0.029351
4 0.633929 0.308190 0.175185 0.209565
7 0.581512 0.493842 0.065425 0.018883
13 0.648091 0.419130 0.218596 0.447044
3 0.571736 0.520833 0.044951 0.040025
7 0.736915 0.340825 0.026170 0.026067
10 0.414948 0.587849 0.061422 0.025452
7 0.342749 0.534072 0.210129 0.036946
7 0.738839 0.255952 0.029095 0.010263
10 0.681650 0.495587 0.131158 0.024015
7 0.740610 0.315887 0.029865 0.011084
7 0.670951 0.464388 0.148553 0.024015
7 0.328048 0.411125 0.086207 0.026683
2 0.514009 0.477319 0.045259 0.727217
8 0.690810 0.502258 0.417642 0.855090
7 0.597675 0.432779 0.096521 0.024015
3 0.571044 0.460899 0.046336 0.035920
7 0.675493 0.524528 0.160099 0.020731
7 0.354911 0.383415 0.145166 0.020936
10 0.406250 0.406301 0.064655 0.026888
2 0.689578 0.739429 0.397014 0.198892
10 0.718596 0.618945 0.068966 0.024015
7 0.332281 0.564142 0.186730 0.034278
10 0.421875 0.349548 0.027555 0.034072
13 0.337515 0.444992 0.240917 0.474959
7 0.319042 0.356630 0.173183 0.020731
7 0.361915 0.440066 0.148707 0.030788
7 0.339671 0.478961 0.204895 0.026478
