5 0.225136 0.308358 0.051130 0.024794
5 0.040986 0.684325 0.077354 0.054427
7 0.201303 0.460934 0.388092 0.019594
7 0.227693 0.674165 0.334323 0.017900
5 0.036286 0.296867 0.072571 0.052854
7 0.209302 0.607946 0.381329 0.015360
5 0.274864 0.415941 0.050305 0.027334
7 0.207653 0.589199 0.349002 0.014877
7 0.194376 0.352504 0.368629 0.018505
7 0.197015 0.331761 0.379185 0.021771
5 0.063170 0.391751 0.060036 0.031205
7 0.226620 0.308478 0.334488 0.020682
5 0.023751 0.586418 0.047501 0.026730
7 0.209385 0.395138 0.404255 0.017658
9 0.220848 0.649432 0.037275 0.021408
7 0.234950 0.287192 0.320139 0.020924
7 0.223239 0.693699 0.315850 0.017296
5 0.103826 0.353895 0.048326 0.030479
5 0.260185 0.460208 0.052944 0.030479
7 0.208148 0.482523 0.402771 0.017537
7 0.209137 0.416425 0.399802 0.018142
5 0.023091 0.611877 0.041564 0.027818
7 0.213013 0.503568 0.408544 0.017779
5 0.129886 0.503931 0.048326 0.032535
13 0.212683 0.487905 0.425367 0.442912
7 0.207735 0.566945 0.389741 0.017779
9 0.224394 0.627963 0.040739 0.026367
7 0.199324 0.543965 0.373248 0.017054
7 0.171615 0.651971 0.309253 0.017537
5 0.321128 0.521408 0.063665 0.028060
8 0.280059 0.516751 0.560119 0.583333
7 0.204602 0.372762 0.395349 0.017658
7 0.214003 0.523343 0.409533 0.017417
7 0.197922 0.629777 0.380010 0.017175
7 0.205344 0.438135 0.395514 0.016328
