7 0.629815 0.199906 0.494056 0.022927
7 0.630052 0.306062 0.496434 0.020415
7 0.631479 0.434516 0.508797 0.019158
7 0.628626 0.327732 0.499287 0.021043
7 0.623633 0.526539 0.486448 0.020415
7 0.626961 0.153109 0.473134 0.017274
7 0.626724 0.263819 0.497385 0.020729
7 0.635283 0.481313 0.511650 0.017274
7 0.631717 0.177764 0.499762 0.020729
10 0.706847 0.543499 0.327627 0.017274
7 0.627675 0.369818 0.497385 0.019786
7 0.634332 0.503769 0.511650 0.019472
13 0.638136 0.355685 0.530670 0.482098
2 0.270090 0.388505 0.223490 0.555276
7 0.629101 0.285333 0.496434 0.022927
7 0.622920 0.348461 0.487874 0.019786
7 0.635758 0.220791 0.508797 0.022613
8 0.502853 0.495917 0.963861 0.976131
7 0.619591 0.390389 0.485021 0.018216
7 0.630766 0.412531 0.506419 0.019158
7 0.632905 0.458543 0.507846 0.018216
7 0.460295 0.544127 0.163576 0.017274
7 0.625535 0.241991 0.493105 0.022299
