8 0.496857 0.499565 0.989084 0.988696
3 0.183262 0.252717 0.107178 0.054565
2 0.070129 0.424022 0.125703 0.535870
10 0.568310 0.186848 0.084684 0.015870
7 0.429375 0.245870 0.378432 0.011304
7 0.380913 0.528370 0.356269 0.013696
3 0.165068 0.493696 0.065498 0.024783
3 0.242805 0.660109 0.050943 0.027174
10 0.573106 0.548478 0.085015 0.014348
7 0.365531 0.386304 0.467747 0.011739
7 0.372312 0.301304 0.482633 0.013043
10 0.472544 0.578696 0.274892 0.016087
7 0.271254 0.585326 0.127026 0.012826
7 0.369500 0.444565 0.475686 0.013913
3 0.163910 0.520435 0.067813 0.025652
9 0.509924 0.548261 0.039365 0.032174
7 0.431360 0.273261 0.377770 0.011304
9 0.170857 0.663043 0.074429 0.024348
7 0.671518 0.190978 0.074099 0.013696
7 0.387364 0.501087 0.369831 0.011304
7 0.377605 0.473261 0.494542 0.014783
7 0.356103 0.191630 0.334436 0.011957
3 0.153655 0.182935 0.061197 0.027174
7 0.365531 0.555652 0.323520 0.012174
13 0.438472 0.430543 0.646047 0.565870
7 0.286140 0.667717 0.297717 0.013261
7 0.371485 0.328804 0.479656 0.011957
3 0.158121 0.210978 0.065498 0.025870
9 0.545319 0.520652 0.027456 0.030870
10 0.507608 0.213261 0.196824 0.014348
3 0.167549 0.548370 0.065829 0.027174
9 0.412835 0.630109 0.429375 0.023261
10 0.590308 0.519674 0.055243 0.014565
10 0.597254 0.494457 0.047304 0.015870
7 0.370162 0.356304 0.483626 0.012609
10 0.526464 0.659022 0.178961 0.018913
7 0.408700 0.636957 0.402580 0.016522
9 0.349156 0.661739 0.168376 0.032174
3 0.169534 0.631630 0.069798 0.030652
3 0.166060 0.577065 0.073437 0.033261
7 0.367350 0.416304 0.476017 0.012174
9 0.553093 0.493587 0.039034 0.028478
9 0.348329 0.213913 0.115779 0.025652
7 0.296891 0.219130 0.212703 0.010870
