3 0.630543 0.581024 0.013581 0.019771
9 0.372367 0.206024 0.198448 0.024390
7 0.684035 0.643293 0.220621 0.015706
13 0.354629 0.425351 0.239745 0.545455
7 0.351233 0.396341 0.218265 0.016630
7 0.359132 0.231523 0.222977 0.016630
9 0.346522 0.412324 0.153409 0.025684
7 0.358925 0.251663 0.224501 0.016999
7 0.359202 0.170270 0.225887 0.018293
7 0.701289 0.355322 0.176691 0.015891
7 0.283537 0.602180 0.091186 0.015891
7 0.355807 0.375462 0.226303 0.016999
7 0.343126 0.416482 0.146341 0.016260
7 0.702882 0.622783 0.179324 0.016445
1 0.684382 0.763673 0.221037 0.120843
3 0.633315 0.330007 0.015244 0.019217
1 0.488221 0.428307 0.024113 0.251293
8 0.331070 0.513304 0.384978 0.856615
7 0.681125 0.170455 0.221175 0.016814
7 0.679601 0.252679 0.218958 0.016445
1 0.488983 0.206393 0.031181 0.196600
7 0.356915 0.334442 0.225748 0.016260
8 0.714731 0.510809 0.378742 0.838322
1 0.481846 0.689948 0.025499 0.264597
7 0.357816 0.293052 0.224224 0.016260
7 0.681056 0.417498 0.219651 0.017184
7 0.304878 0.640521 0.133869 0.015706
3 0.593750 0.609479 0.034507 0.039357
1 0.349363 0.757021 0.230876 0.115299
7 0.681610 0.396434 0.221314 0.016075
7 0.701566 0.375462 0.178354 0.015891
9 0.363151 0.618625 0.206901 0.024390
3 0.592919 0.363174 0.037833 0.041205
13 0.682442 0.428492 0.231292 0.547302
2 0.551899 0.466186 0.036170 0.713599
1 0.199210 0.371674 0.083564 0.179416
1 0.193528 0.728659 0.083564 0.175721
7 0.372228 0.458333 0.187084 0.015336
7 0.625277 0.314117 0.103104 0.016260
7 0.369387 0.684405 0.187500 0.016999
7 0.671910 0.580469 0.067212 0.015336
7 0.679601 0.191057 0.219512 0.016260
3 0.258315 0.445492 0.034368 0.039911
7 0.679532 0.273097 0.220482 0.016260
7 0.351303 0.519401 0.223392 0.016630
7 0.702744 0.602088 0.180710 0.015706
7 0.365854 0.560883 0.194568 0.015706
9 0.366477 0.533537 0.138442 0.025684
3 0.592503 0.527254 0.037001 0.041205
7 0.370981 0.663987 0.184867 0.015336
2 0.359063 0.127217 0.223392 0.044161
3 0.267461 0.205654 0.012749 0.019586
3 0.258800 0.557188 0.014551 0.021988
7 0.703714 0.519309 0.178492 0.015706
7 0.679739 0.211936 0.214246 0.017369
3 0.251247 0.619919 0.016353 0.018477
7 0.679047 0.232169 0.218404 0.016445
9 0.305225 0.638027 0.137611 0.021064
7 0.362043 0.623152 0.204684 0.016075
9 0.687916 0.494734 0.107262 0.019401
7 0.357123 0.313747 0.225887 0.016630
7 0.357123 0.272542 0.221729 0.016630
1 0.833218 0.377402 0.079407 0.175721
1 0.832525 0.199834 0.080793 0.179416
7 0.653617 0.684867 0.161170 0.015336
7 0.692697 0.334442 0.100194 0.016260
7 0.653686 0.479213 0.162694 0.016445
2 0.680987 0.130451 0.222007 0.046194
7 0.688124 0.498799 0.106292 0.015706
1 0.837445 0.736234 0.082040 0.175721
7 0.355807 0.354860 0.224085 0.017923
3 0.263789 0.412232 0.012611 0.016999
7 0.352550 0.498891 0.225055 0.016260
7 0.680086 0.437916 0.218542 0.016999
7 0.337514 0.190410 0.180294 0.015336
7 0.681195 0.458426 0.218542 0.016630
3 0.626178 0.497321 0.015382 0.017923
9 0.672741 0.576866 0.068598 0.019217
7 0.365022 0.540096 0.130820 0.015891
7 0.373268 0.210735 0.196924 0.016445
9 0.693805 0.329545 0.105183 0.023097
1 0.194914 0.550259 0.080793 0.185144
7 0.351233 0.581763 0.224917 0.015706
1 0.201289 0.192166 0.084950 0.183296
7 0.372021 0.437454 0.187223 0.014967
7 0.680086 0.293792 0.218542 0.016260
7 0.683689 0.664172 0.223254 0.015706
3 0.258384 0.672210 0.037001 0.043607
7 0.702467 0.540188 0.177106 0.015336
1 0.835989 0.556818 0.084950 0.183112
7 0.354351 0.478197 0.224501 0.015521
7 0.681818 0.561345 0.220621 0.016630
3 0.292336 0.537786 0.013165 0.020140
