8 0.239735 0.517005 0.446420 0.923479
7 0.700175 0.467299 0.235603 0.019621
7 0.293691 0.207162 0.268903 0.034990
9 0.375438 0.436723 0.074862 0.025180
7 0.676640 0.678548 0.283175 0.019621
13 0.664121 0.432145 0.315223 0.620340
7 0.278543 0.715500 0.224086 0.033355
7 0.737606 0.226946 0.123686 0.017005
7 0.299449 0.623283 0.260391 0.032047
9 0.411242 0.345978 0.035804 0.029431
7 0.699049 0.377207 0.238858 0.018640
10 0.783300 0.313931 0.036805 0.026161
7 0.800075 0.733813 0.034802 0.016351
5 0.695418 0.436233 0.025288 0.026161
7 0.298448 0.296272 0.269404 0.034009
7 0.691037 0.616906 0.258388 0.019294
7 0.745243 0.198496 0.138458 0.016351
5 0.625063 0.433126 0.021783 0.028450
7 0.718578 0.317364 0.080621 0.016678
7 0.296945 0.176422 0.273410 0.034990
9 0.247371 0.413342 0.023535 0.024853
9 0.273786 0.716154 0.234101 0.037933
7 0.676139 0.438522 0.284677 0.021583
7 0.742238 0.169392 0.133951 0.018313
5 0.277917 0.440811 0.020030 0.026161
2 0.514647 0.523872 0.027792 0.810334
7 0.287932 0.267168 0.254382 0.033355
9 0.300701 0.307717 0.276915 0.051014
7 0.699549 0.497384 0.235353 0.018313
9 0.182023 0.444408 0.037556 0.021583
7 0.304081 0.593525 0.275163 0.034009
5 0.547321 0.611184 0.023535 0.030739
7 0.674011 0.528777 0.275914 0.021583
7 0.678518 0.587312 0.284427 0.019621
7 0.290310 0.445226 0.247621 0.032374
7 0.693165 0.347776 0.231597 0.018640
7 0.675889 0.558535 0.280671 0.020275
5 0.184151 0.489863 0.046820 0.063440
5 0.324612 0.375082 0.026790 0.026161
7 0.290936 0.354644 0.264397 0.032374
3 0.590761 0.224330 0.167501 0.205363
7 0.676014 0.408764 0.282924 0.020275
5 0.679394 0.673479 0.026790 0.023872
7 0.293065 0.415141 0.260641 0.034336
7 0.294817 0.236593 0.265648 0.035644
5 0.551452 0.359876 0.041813 0.056573
5 0.594266 0.555428 0.026790 0.028450
5 0.736355 0.222204 0.033550 0.034990
9 0.419629 0.404186 0.024036 0.026161
7 0.677141 0.706998 0.282674 0.019621
1 0.713821 0.838457 0.416625 0.249182
7 0.295193 0.536135 0.261893 0.034336
5 0.553205 0.480052 0.051828 0.061478
7 0.200801 0.687704 0.066099 0.022891
7 0.301202 0.653041 0.268403 0.034009
7 0.296695 0.385219 0.262894 0.037279
9 0.301577 0.382276 0.016775 0.021583
5 0.739735 0.372956 0.030295 0.026488
7 0.316475 0.474330 0.222334 0.029104
13 0.290811 0.436723 0.313721 0.613800
7 0.294567 0.325703 0.267651 0.032701
7 0.303831 0.565729 0.271657 0.032701
7 0.320981 0.503761 0.223335 0.031066
9 0.794442 0.434925 0.059589 0.035971
8 0.706935 0.513734 0.465949 0.935906
7 0.744992 0.258012 0.138958 0.016351
5 0.178267 0.353336 0.028543 0.030412
7 0.678518 0.648300 0.284427 0.019294
7 0.740486 0.287116 0.128443 0.017005
