1 0.497614 0.372024 0.021090 0.627874
1 0.324430 0.832307 0.380696 0.075534
1 0.573584 0.744356 0.094828 0.122126
1 0.536022 0.396552 0.040025 0.573481
0 0.779865 0.221675 0.059729 0.137931
1 0.182343 0.141728 0.070043 0.130337
1 0.309498 0.751950 0.190425 0.106938
1 0.179726 0.499282 0.066964 0.595854
0 0.681419 0.416051 0.154403 0.360427
1 0.703279 0.075123 0.366225 0.061576
0 0.585437 0.611145 0.057266 0.132800
1 0.717749 0.753387 0.195659 0.101601
1 0.457204 0.745074 0.104988 0.120690
0 0.576124 0.230809 0.056188 0.136084
1 0.851755 0.445094 0.094520 0.718186
1 0.681111 0.125205 0.265240 0.077997
0 0.787946 0.609606 0.058651 0.139573
1 0.330742 0.070094 0.360683 0.064655
1 0.711900 0.836310 0.370844 0.073276
