3 0.607220 0.583539 0.099600 0.100575
10 0.414024 0.611864 0.048491 0.021346
7 0.287869 0.579331 0.117611 0.028120
7 0.330511 0.548235 0.236145 0.034893
9 0.333282 0.545259 0.220135 0.038793
7 0.333359 0.307677 0.199661 0.030788
7 0.709052 0.584667 0.109298 0.021962
7 0.341364 0.250411 0.213208 0.028736
7 0.326047 0.609093 0.117611 0.028120
8 0.287485 0.492919 0.401632 0.944787
10 0.394320 0.579536 0.091903 0.021962
7 0.341749 0.217775 0.212131 0.029967
3 0.243765 0.605296 0.038331 0.037356
8 0.711669 0.502463 0.426108 0.932677
7 0.341364 0.187500 0.210437 0.029762
9 0.282020 0.572044 0.123153 0.036946
7 0.713054 0.615661 0.116071 0.024425
7 0.337823 0.339388 0.213824 0.033046
13 0.664101 0.580973 0.217365 0.111453
13 0.328587 0.398707 0.241533 0.473112
7 0.710822 0.554085 0.113147 0.024015
7 0.338978 0.278530 0.203202 0.027504
