3 0.697583 0.327278 0.055573 0.046593
3 0.262854 0.600575 0.071275 0.069376
7 0.612300 0.493227 0.176570 0.036535
7 0.613993 0.523707 0.177802 0.034278
8 0.648861 0.469930 0.357759 0.692734
7 0.358990 0.585796 0.113916 0.028736
7 0.616687 0.459873 0.178571 0.035099
9 0.641395 0.591749 0.032789 0.047619
3 0.669412 0.424877 0.061115 0.050903
7 0.612916 0.554803 0.177802 0.034072
3 0.293334 0.249384 0.050954 0.043924
7 0.325277 0.491892 0.171490 0.026888
7 0.623153 0.288075 0.175185 0.030172
7 0.619535 0.356527 0.176878 0.032430
13 0.633929 0.430008 0.225985 0.433087
7 0.620305 0.425390 0.183036 0.037562
7 0.325354 0.254516 0.178417 0.027504
7 0.330203 0.354372 0.182882 0.021141
13 0.330049 0.423030 0.241071 0.467159
7 0.612454 0.589286 0.179341 0.034483
8 0.294027 0.465004 0.336823 0.718596
9 0.643858 0.458333 0.110991 0.047619
7 0.324200 0.320813 0.173953 0.026683
7 0.329972 0.551108 0.184883 0.026273
3 0.404788 0.454741 0.054341 0.044130
7 0.324046 0.523399 0.177340 0.025862
7 0.601755 0.322455 0.135160 0.030378
7 0.330203 0.419951 0.178571 0.028325
7 0.625616 0.259339 0.174569 0.031814
7 0.322737 0.289409 0.171644 0.029146
7 0.324123 0.391831 0.170105 0.027504
7 0.617457 0.387828 0.174261 0.032225
3 0.295567 0.355193 0.052340 0.047824
7 0.307805 0.458949 0.139317 0.025452
