7 0.590336 0.380546 0.180672 0.023082
7 0.605976 0.244904 0.180205 0.023381
9 0.528245 0.373052 0.063959 0.047662
7 0.489029 0.521283 0.448646 0.023381
9 0.665733 0.476918 0.098039 0.043765
7 0.441410 0.167716 0.545752 0.023082
7 0.425537 0.658423 0.530812 0.030875
9 0.407796 0.435552 0.072362 0.046163
13 0.437442 0.399430 0.577031 0.562050
2 0.089402 0.431355 0.069561 0.778777
9 0.447012 0.158423 0.568161 0.054257
2 0.384220 0.093975 0.633987 0.101619
8 0.505836 0.506745 0.948179 0.961331
3 0.198646 0.526079 0.131186 0.067146
7 0.605742 0.346523 0.186275 0.022782
2 0.381419 0.759892 0.649860 0.176859
7 0.422736 0.448291 0.524276 0.026079
4 0.320261 0.302608 0.360411 0.238309
7 0.417834 0.584832 0.532213 0.030576
7 0.600607 0.278327 0.182540 0.021882
7 0.412465 0.620354 0.490663 0.028477
7 0.615313 0.206535 0.203548 0.025779
7 0.597339 0.312350 0.181606 0.023381
7 0.474090 0.555905 0.429972 0.012890
7 0.602241 0.415618 0.172736 0.022482
7 0.426704 0.484862 0.523810 0.030276
