7 0.641556 0.620833 0.189662 0.021078
10 0.424393 0.353922 0.042311 0.019118
7 0.642476 0.256250 0.188190 0.020343
3 0.653238 0.375613 0.041575 0.034069
7 0.343635 0.334191 0.192421 0.020833
3 0.565397 0.474510 0.040655 0.028922
7 0.351177 0.477819 0.189110 0.019363
2 0.702815 0.696569 0.301141 0.120588
2 0.522351 0.392647 0.056475 0.504902
2 0.667494 0.168382 0.343451 0.094118
7 0.346118 0.261029 0.185247 0.020098
2 0.798565 0.437990 0.111111 0.637745
7 0.645603 0.376348 0.190397 0.024265
7 0.347406 0.575368 0.202907 0.019363
9 0.719279 0.621814 0.030537 0.034314
9 0.607708 0.620588 0.028146 0.026961
9 0.411884 0.501593 0.078734 0.028676
2 0.201435 0.439583 0.094555 0.623284
3 0.566133 0.318750 0.069352 0.053186
9 0.391556 0.234191 0.020419 0.026225
9 0.382542 0.354167 0.051325 0.024510
7 0.639165 0.230515 0.183039 0.024755
3 0.656181 0.228922 0.032377 0.038235
7 0.345015 0.286275 0.184143 0.020588
7 0.643764 0.425000 0.211001 0.021569
13 0.350717 0.428676 0.219095 0.413235
7 0.641096 0.597304 0.186902 0.020588
8 0.725166 0.499265 0.462104 0.866176
7 0.351361 0.454779 0.190949 0.019853
7 0.644224 0.496691 0.206770 0.026225
9 0.734823 0.303064 0.029249 0.032598
7 0.333425 0.359314 0.163171 0.020588
7 0.649742 0.571691 0.197572 0.022304
7 0.651030 0.402574 0.198308 0.022794
3 0.275110 0.393627 0.064937 0.060294
7 0.647351 0.279167 0.195732 0.021078
9 0.398731 0.255637 0.022627 0.029412
7 0.658297 0.474877 0.165379 0.019853
7 0.352649 0.429534 0.195732 0.020343
7 0.647167 0.525000 0.184695 0.019608
7 0.648639 0.351716 0.194996 0.022549
8 0.273547 0.508701 0.451067 0.876225
7 0.346946 0.626348 0.187638 0.022304
3 0.275846 0.517157 0.057211 0.064216
7 0.374448 0.382230 0.135578 0.019363
7 0.349154 0.238725 0.195732 0.019608
7 0.660964 0.549020 0.149742 0.019118
7 0.377759 0.502941 0.145879 0.019608
2 0.295990 0.178922 0.278514 0.095098
7 0.674025 0.306005 0.147535 0.018382
7 0.351177 0.550123 0.192053 0.020833
13 0.643948 0.424755 0.213208 0.421078
3 0.566501 0.547917 0.032561 0.033088
7 0.372333 0.406495 0.133186 0.018873
7 0.377116 0.525980 0.144224 0.020098
7 0.347774 0.600735 0.182303 0.021569
7 0.347590 0.310417 0.188926 0.020343
7 0.640453 0.449755 0.178992 0.027451
7 0.673473 0.327574 0.144224 0.020343
2 0.307211 0.695466 0.304268 0.115931
