7 0.334821 0.504105 0.187192 0.025041
7 0.336053 0.530480 0.182266 0.024015
7 0.673491 0.337336 0.189039 0.019910
7 0.337977 0.610632 0.185807 0.024220
13 0.340286 0.442939 0.230757 0.478243
7 0.335052 0.418719 0.187962 0.023399
3 0.593827 0.306342 0.031558 0.021141
7 0.338901 0.306958 0.191656 0.023194
7 0.693658 0.311371 0.166564 0.020525
7 0.669797 0.365250 0.183805 0.021141
7 0.670874 0.258005 0.188732 0.019294
7 0.335822 0.333641 0.183651 0.023194
7 0.674877 0.608272 0.192118 0.020320
7 0.344366 0.475575 0.200123 0.023810
7 0.332974 0.390189 0.185961 0.024631
7 0.681111 0.635263 0.203664 0.020115
8 0.737146 0.504823 0.449969 0.881158
3 0.348753 0.272783 0.024477 0.022989
7 0.671105 0.283456 0.186730 0.018883
7 0.338362 0.556958 0.183805 0.024836
7 0.677648 0.581076 0.194273 0.019704
7 0.673645 0.444581 0.187808 0.020936
7 0.673953 0.470854 0.187808 0.021346
7 0.335976 0.447147 0.192272 0.024836
7 0.672106 0.417898 0.190579 0.021757
8 0.265471 0.507081 0.453356 0.890189
7 0.673337 0.391523 0.189655 0.020731
7 0.666564 0.231322 0.198892 0.021346
7 0.340440 0.583539 0.191964 0.023399
13 0.674030 0.437295 0.254156 0.475985
7 0.335591 0.279967 0.186268 0.021757
7 0.333590 0.254310 0.199815 0.022167
7 0.339055 0.639984 0.187038 0.023399
7 0.674723 0.500821 0.188424 0.019704
7 0.329510 0.362172 0.187038 0.024425
7 0.674954 0.530686 0.194427 0.019499
7 0.338054 0.227319 0.190579 0.023194
7 0.674030 0.556137 0.190117 0.019910
