7 0.358162 0.219882 0.205793 0.021434
7 0.687639 0.586844 0.246120 0.015152
9 0.790188 0.483001 0.039911 0.026608
7 0.714454 0.329730 0.214662 0.009793
7 0.710158 0.484294 0.199418 0.013673
3 0.635671 0.451497 0.024945 0.030118
7 0.379989 0.635532 0.157151 0.022727
7 0.379781 0.532797 0.147312 0.019032
3 0.417267 0.652439 0.024113 0.032151
7 0.694429 0.201220 0.254712 0.009239
7 0.708634 0.251571 0.212167 0.009793
7 0.333772 0.428400 0.243764 0.020140
7 0.334950 0.481061 0.249169 0.023466
7 0.333772 0.453899 0.241824 0.021249
7 0.331347 0.402069 0.239191 0.019956
7 0.338900 0.507299 0.249861 0.021619
3 0.253950 0.576312 0.093265 0.115669
13 0.696092 0.452421 0.273282 0.529379
7 0.335712 0.663803 0.251247 0.019771
7 0.334742 0.376386 0.247921 0.021064
7 0.631236 0.304970 0.133315 0.009793
9 0.351025 0.684775 0.025776 0.029933
3 0.583010 0.337214 0.041851 0.052476
9 0.423573 0.501755 0.097700 0.026792
7 0.371050 0.583703 0.137334 0.021064
7 0.686599 0.434775 0.250416 0.009239
7 0.331001 0.324002 0.239329 0.020880
7 0.384008 0.558296 0.157428 0.019771
9 0.248406 0.502864 0.027578 0.024575
7 0.717780 0.510440 0.212999 0.012010
7 0.333287 0.349871 0.243625 0.020510
3 0.259978 0.680894 0.024945 0.031042
9 0.792267 0.247228 0.055987 0.028825
3 0.582109 0.685791 0.037001 0.041944
9 0.754296 0.534183 0.021619 0.019956
3 0.749446 0.374169 0.025776 0.032151
7 0.694429 0.226811 0.255543 0.010902
8 0.280834 0.493071 0.441935 0.866408
7 0.334049 0.298780 0.245981 0.020695
7 0.336128 0.246766 0.249030 0.019401
7 0.333634 0.273374 0.237389 0.019771
7 0.704476 0.690133 0.194983 0.017369
7 0.690479 0.381467 0.253465 0.010902
7 0.690272 0.537602 0.248891 0.012380
7 0.687708 0.639967 0.244595 0.021249
7 0.397658 0.608740 0.125139 0.022358
9 0.672603 0.300628 0.061669 0.026608
7 0.691519 0.407890 0.253880 0.010902
7 0.661170 0.662786 0.187639 0.019217
7 0.696508 0.458426 0.260532 0.010347
3 0.580931 0.258962 0.042683 0.049335
7 0.690341 0.614930 0.249030 0.014043
3 0.582178 0.494919 0.048226 0.050443
7 0.351441 0.194475 0.197062 0.020880
9 0.739745 0.560883 0.015798 0.024575
7 0.331693 0.687823 0.250970 0.020880
7 0.691935 0.563470 0.253880 0.012380
7 0.709465 0.278548 0.214662 0.009793
9 0.780211 0.667683 0.054601 0.021619
8 0.729074 0.497321 0.440965 0.854952
9 0.794346 0.224409 0.063470 0.025684
13 0.337029 0.437823 0.259146 0.534553
3 0.205377 0.518385 0.000831 0.002033
3 0.230252 0.201589 0.039496 0.054693
9 0.611696 0.274483 0.024945 0.027901
3 0.319152 0.603104 0.030488 0.029933
7 0.712375 0.357816 0.211336 0.010902
9 0.392738 0.554601 0.014135 0.025684
