7 0.458634 0.833091 0.696395 0.032680
7 0.477230 0.097555 0.695636 0.030985
7 0.215939 0.640281 0.191271 0.024207
5 0.365655 0.739288 0.038330 0.027596
7 0.315180 0.157226 0.379127 0.024449
7 0.462998 0.611353 0.699051 0.030743
7 0.460911 0.508351 0.147628 0.025660
7 0.474953 0.388405 0.709298 0.030259
5 0.154269 0.564633 0.066414 0.056403
5 0.141935 0.781772 0.074383 0.065117
9 0.481594 0.466594 0.549526 0.033648
5 0.150095 0.304285 0.068691 0.052772
13 0.467362 0.467925 0.736622 0.788187
7 0.259962 0.417817 0.270968 0.025660
7 0.354269 0.705640 0.479317 0.025660
7 0.510816 0.549746 0.635294 0.030501
9 0.142315 0.190148 0.044782 0.029775
7 0.471157 0.356693 0.703226 0.028807
9 0.138330 0.705640 0.044402 0.032438
7 0.481404 0.467562 0.550664 0.029291
5 0.382732 0.254781 0.037571 0.026386
9 0.457495 0.505205 0.161290 0.033406
7 0.477989 0.129024 0.704744 0.030985
7 0.413093 0.192568 0.590133 0.027838
7 0.500949 0.801743 0.648197 0.029049
9 0.151423 0.224885 0.046300 0.034858
7 0.412524 0.738199 0.122201 0.023481
7 0.338899 0.675018 0.430361 0.024449
7 0.435674 0.255023 0.118406 0.023965
7 0.509108 0.324982 0.623529 0.030743
8 0.500380 0.449407 0.962808 0.853304
7 0.501898 0.579763 0.616698 0.029049
9 0.136243 0.670782 0.044782 0.027112
7 0.512144 0.291213 0.625806 0.030017
7 0.497343 0.770153 0.640228 0.028322
7 0.372676 0.222827 0.486528 0.025418
