7 0.252078 0.417385 0.020166 0.028941
7 0.252309 0.353243 0.017549 0.032430
7 0.658944 0.652094 0.195043 0.046388
7 0.607605 0.289717 0.075739 0.032225
7 0.291333 0.187808 0.219674 0.041051
7 0.601524 0.387521 0.080203 0.031609
8 0.740841 0.487479 0.451817 0.877668
7 0.696659 0.520525 0.156866 0.038177
7 0.733374 0.200226 0.212746 0.036330
7 0.607451 0.226909 0.071736 0.037151
7 0.226293 0.544335 0.076970 0.028325
7 0.629079 0.452073 0.024169 0.031814
7 0.296952 0.579331 0.212746 0.031814
7 0.280172 0.384442 0.175185 0.031199
7 0.228448 0.480296 0.070505 0.030378
7 0.256081 0.611145 0.017395 0.028941
7 0.601524 0.580357 0.078356 0.034688
13 0.698353 0.399938 0.294489 0.575328
7 0.256389 0.517755 0.027555 0.026067
7 0.601062 0.547003 0.087284 0.036946
8 0.292719 0.478859 0.435807 0.898604
7 0.690656 0.160817 0.075277 0.048235
7 0.252386 0.258108 0.023861 0.028941
7 0.604526 0.487993 0.082820 0.036330
7 0.679649 0.424774 0.233067 0.035920
3 0.607374 0.155480 0.103910 0.074918
7 0.225292 0.447660 0.072814 0.036125
7 0.627232 0.615148 0.026940 0.029967
7 0.227140 0.288896 0.083898 0.038383
7 0.226909 0.225883 0.076970 0.033867
7 0.676416 0.327586 0.208744 0.039819
7 0.607682 0.259750 0.080203 0.032225
7 0.631004 0.356117 0.025554 0.028736
7 0.250231 0.154454 0.025092 0.032635
7 0.230603 0.643370 0.081281 0.032635
13 0.289871 0.402812 0.236761 0.538793
7 0.226832 0.321121 0.073738 0.027709
