2 0.242996 0.395012 0.021398 0.025246
2 0.318273 0.420053 0.022014 0.027709
2 0.422799 0.449302 0.017395 0.026273
1 0.679803 0.074610 0.371305 0.068760
1 0.180650 0.145628 0.078972 0.135263
2 0.652171 0.658456 0.021090 0.027915
2 0.637623 0.236864 0.027709 0.022989
1 0.701355 0.849548 0.392857 0.091133
1 0.160175 0.615045 0.082666 0.251847
2 0.712284 0.461310 0.019089 0.020731
2 0.682266 0.591646 0.020936 0.019089
2 0.697044 0.527504 0.020936 0.024220
1 0.435730 0.762007 0.101447 0.115969
2 0.723984 0.630850 0.022475 0.024836
1 0.297260 0.846162 0.383005 0.098317
1 0.833128 0.621305 0.086823 0.245074
2 0.542950 0.579947 0.018165 0.021141
1 0.558498 0.762110 0.093288 0.122332
2 0.303033 0.253797 0.016780 0.027709
1 0.701893 0.764470 0.197506 0.120484
2 0.207435 0.665846 0.021090 0.029967
1 0.817657 0.148707 0.074353 0.122537
2 0.338824 0.507081 0.022475 0.024015
2 0.757620 0.481219 0.020782 0.022373
2 0.342518 0.318760 0.023091 0.027094
2 0.688655 0.403941 0.021398 0.026273
2 0.662946 0.338875 0.019550 0.023810
1 0.322275 0.070608 0.349908 0.064860
2 0.260853 0.164819 0.018935 0.023810
2 0.547491 0.274938 0.039255 0.047003
1 0.172260 0.324097 0.079433 0.237274
2 0.228756 0.105193 0.018473 0.019910
2 0.576663 0.451252 0.021244 0.025246
2 0.449353 0.283764 0.021860 0.023194
2 0.542873 0.326868 0.024169 0.021552
2 0.751539 0.358067 0.022475 0.026888
1 0.475292 0.478038 0.051262 0.840722
1 0.291872 0.757800 0.205357 0.117816
2 0.259390 0.499076 0.020936 0.024836
2 0.317118 0.190579 0.017241 0.021552
2 0.242919 0.351498 0.019089 0.023194
2 0.559575 0.158662 0.024323 0.025452
2 0.338208 0.132492 0.024938 0.025246
2 0.367996 0.551211 0.025400 0.026067
1 0.825508 0.326868 0.075585 0.230501
2 0.216518 0.631466 0.035252 0.042488
2 0.747537 0.272681 0.023707 0.028530
2 0.378002 0.614943 0.028171 0.023399
1 0.517780 0.476190 0.041410 0.835386
2 0.453125 0.220238 0.016780 0.025452
2 0.218904 0.571326 0.037254 0.048235
2 0.537639 0.119458 0.019550 0.022167
