8 0.616824 0.574741 0.233925 0.562269
13 0.418099 0.538341 0.152716 0.417036
3 0.362597 0.433574 0.051968 0.053400
5 0.630474 0.379712 0.016214 0.033999
7 0.418168 0.496951 0.148420 0.022727
5 0.642323 0.632021 0.023004 0.026053
5 0.512680 0.563378 0.018708 0.027347
7 0.580862 0.678215 0.139828 0.021988
7 0.584950 0.522727 0.147450 0.018108
7 0.414981 0.588599 0.140382 0.019032
7 0.418584 0.676737 0.145649 0.017923
7 0.442489 0.454361 0.100887 0.021803
7 0.440272 0.432465 0.106153 0.022358
7 0.582248 0.478659 0.143154 0.018293
7 0.416644 0.633869 0.139551 0.016445
7 0.581208 0.611419 0.144678 0.018108
7 0.583564 0.457132 0.145510 0.017369
7 0.585227 0.568644 0.143570 0.019032
7 0.584465 0.656874 0.150083 0.021434
7 0.586544 0.411493 0.160892 0.015891
5 0.538179 0.430155 0.018708 0.028455
7 0.583841 0.546009 0.146341 0.017738
9 0.471660 0.429416 0.048365 0.027716
7 0.417475 0.476534 0.147589 0.023282
5 0.406389 0.376293 0.020371 0.029379
7 0.590840 0.706578 0.153409 0.023651
5 0.451427 0.560052 0.020371 0.033999
5 0.587029 0.474409 0.024667 0.028271
7 0.585227 0.591186 0.145787 0.020510
5 0.354975 0.511826 0.033121 0.032890
7 0.583703 0.388027 0.161308 0.024390
5 0.513096 0.697154 0.016214 0.033999
7 0.420662 0.386641 0.145094 0.026423
8 0.382968 0.565133 0.228797 0.572616
7 0.585920 0.634516 0.159645 0.019956
7 0.413872 0.564671 0.138165 0.019217
7 0.590632 0.364930 0.143016 0.022912
7 0.416366 0.654102 0.145649 0.016630
5 0.512680 0.607631 0.017045 0.022727
13 0.590078 0.535569 0.173503 0.404841
7 0.581139 0.500554 0.137611 0.017369
7 0.419415 0.409922 0.144817 0.024205
5 0.412348 0.628049 0.023697 0.029564
7 0.419970 0.363544 0.143986 0.026053
7 0.417752 0.543237 0.143708 0.018477
7 0.582317 0.435698 0.144678 0.019217
7 0.420662 0.519678 0.138997 0.020140
7 0.418029 0.611050 0.142877 0.017738
5 0.512680 0.360495 0.022034 0.033999
7 0.416644 0.703529 0.145649 0.019032
