7 0.683651 0.171468 0.273707 0.015335
7 0.686576 0.141496 0.285099 0.016264
7 0.684267 0.326673 0.271244 0.023699
7 0.338054 0.299024 0.278325 0.028346
7 0.689501 0.392774 0.289717 0.016496
7 0.321121 0.333178 0.246305 0.021375
7 0.689963 0.615242 0.281404 0.016729
7 0.685961 0.422862 0.275862 0.022305
7 0.330511 0.270330 0.269397 0.020214
7 0.691195 0.583062 0.278941 0.015567
7 0.695351 0.739893 0.291564 0.016496
7 0.683036 0.299024 0.274323 0.015335
7 0.690117 0.711431 0.281096 0.016264
7 0.338208 0.736989 0.265086 0.024628
7 0.334052 0.363151 0.272167 0.024628
7 0.684729 0.264289 0.278325 0.019284
7 0.329126 0.488383 0.256158 0.022770
7 0.327894 0.610827 0.262315 0.025558
7 0.685961 0.521143 0.272167 0.016729
7 0.339286 0.646724 0.277709 0.022072
13 0.335283 0.442263 0.312192 0.648931
7 0.682574 0.361059 0.274015 0.014870
7 0.678879 0.200976 0.264778 0.018123
7 0.686576 0.455274 0.281404 0.016961
7 0.686576 0.235130 0.280788 0.016264
7 0.339132 0.675999 0.278017 0.028578
7 0.328972 0.455855 0.274323 0.023234
7 0.330357 0.424605 0.264778 0.023002
7 0.331743 0.177742 0.262007 0.019052
7 0.687500 0.486640 0.277094 0.019749
7 0.331127 0.707946 0.265086 0.028346
7 0.333128 0.519052 0.266010 0.022770
7 0.328510 0.239196 0.266010 0.022072
7 0.694273 0.679484 0.285099 0.018820
7 0.690117 0.647770 0.273091 0.016264
7 0.335591 0.551115 0.277709 0.021375
7 0.333744 0.144981 0.272783 0.024628
13 0.683805 0.439126 0.322044 0.647770
7 0.331435 0.581668 0.271244 0.023931
7 0.685037 0.552161 0.278325 0.019284
8 0.499692 0.503601 0.930419 0.952835
7 0.327432 0.206320 0.263239 0.022770
7 0.332666 0.392193 0.266933 0.022770
