10 0.786792 0.291667 0.029249 0.020525
7 0.360376 0.446634 0.210591 0.032841
13 0.336361 0.426929 0.275246 0.610837
7 0.607143 0.352217 0.126847 0.031609
7 0.696659 0.320094 0.222137 0.033046
7 0.608528 0.197455 0.129310 0.024631
2 0.848445 0.439450 0.089440 0.592775
7 0.695505 0.581178 0.220443 0.028941
7 0.694581 0.710181 0.216441 0.025452
3 0.564270 0.709154 0.042642 0.036535
10 0.362916 0.638342 0.193812 0.022989
7 0.352756 0.317734 0.210437 0.038588
7 0.336130 0.579126 0.260006 0.035920
8 0.719443 0.497845 0.445043 0.934524
13 0.671259 0.434934 0.274784 0.616174
7 0.349523 0.672311 0.201201 0.034688
3 0.562115 0.382184 0.049107 0.034072
7 0.235376 0.634852 0.054803 0.028325
7 0.339825 0.350164 0.259698 0.035714
7 0.665717 0.159380 0.251385 0.037562
7 0.672645 0.550185 0.262777 0.024836
7 0.671259 0.260878 0.254464 0.027094
3 0.564193 0.579741 0.040948 0.034278
7 0.575277 0.677648 0.064347 0.023194
3 0.228063 0.539101 0.038947 0.035099
7 0.704972 0.516523 0.195043 0.025657
7 0.327740 0.705357 0.245074 0.039204
10 0.736222 0.354577 0.127001 0.027299
3 0.225292 0.664511 0.042334 0.034278
7 0.668334 0.647681 0.253233 0.027709
10 0.429033 0.414101 0.072044 0.022783
7 0.707050 0.482245 0.195505 0.025246
7 0.233143 0.281609 0.045413 0.029146
7 0.669720 0.417693 0.252925 0.027915
7 0.668488 0.613095 0.248615 0.031199
10 0.707897 0.677237 0.180265 0.018268
7 0.360222 0.156507 0.220135 0.041256
8 0.282251 0.492713 0.439193 0.945608
7 0.692349 0.226909 0.201201 0.030172
7 0.343365 0.254310 0.255696 0.030788
7 0.339825 0.380747 0.260006 0.037356
3 0.569735 0.498358 0.079126 0.068555
10 0.738762 0.196736 0.125308 0.018268
3 0.567349 0.223727 0.045413 0.033251
7 0.655865 0.294130 0.226755 0.025452
7 0.328895 0.608888 0.239378 0.032635
7 0.343442 0.192016 0.256158 0.035920
7 0.360068 0.547619 0.221059 0.033662
10 0.361222 0.288177 0.204280 0.027504
7 0.337746 0.479885 0.256158 0.033251
3 0.229064 0.314450 0.036638 0.033662
7 0.657712 0.450534 0.224600 0.026683
7 0.692657 0.384031 0.225831 0.026683
7 0.298414 0.409585 0.182420 0.034688
10 0.395551 0.515907 0.135622 0.029762
10 0.786869 0.451868 0.025708 0.020731
7 0.268165 0.507287 0.117303 0.037151
3 0.231219 0.440579 0.043719 0.038383
3 0.232605 0.153428 0.036022 0.035509
3 0.563501 0.320300 0.039871 0.031404
2 0.167180 0.419232 0.077894 0.583128
7 0.341056 0.221059 0.251693 0.035304
