7 0.316041 0.273399 0.224138 0.033662
7 0.697044 0.642960 0.165025 0.019089
13 0.668873 0.657328 0.253695 0.138547
8 0.690425 0.504310 0.398399 0.779146
7 0.666564 0.671080 0.228756 0.033456
9 0.404634 0.258108 0.054957 0.028941
0 0.678341 0.357245 0.267087 0.485016
7 0.316733 0.304598 0.223984 0.032430
7 0.699969 0.613095 0.173645 0.018883
13 0.314963 0.267755 0.257081 0.122947
3 0.577355 0.620382 0.054957 0.053161
9 0.243227 0.308292 0.082512 0.026683
8 0.294258 0.506260 0.390856 0.790435
2 0.845443 0.504105 0.091749 0.778325
7 0.671875 0.700123 0.239994 0.034483
7 0.316349 0.242200 0.233067 0.034483
2 0.535329 0.488506 0.060807 0.751232
2 0.690887 0.805932 0.369766 0.177135
