7 0.365369 0.338507 0.208287 0.016999
7 0.357608 0.288987 0.189717 0.013304
7 0.365715 0.180525 0.204545 0.016630
3 0.678007 0.289542 0.028686 0.020695
7 0.385809 0.198725 0.163803 0.015706
7 0.380058 0.678862 0.166436 0.015891
3 0.700042 0.554786 0.022034 0.019032
9 0.414911 0.659460 0.079268 0.026608
7 0.649044 0.396249 0.207733 0.016814
7 0.360795 0.588045 0.208564 0.017923
9 0.711890 0.394771 0.082594 0.022358
7 0.647589 0.361973 0.205377 0.013673
3 0.625139 0.324834 0.030765 0.017738
3 0.270579 0.405950 0.020649 0.019586
7 0.648143 0.308389 0.213692 0.014412
7 0.645094 0.697894 0.204823 0.014412
3 0.556333 0.500462 0.025360 0.021988
3 0.556887 0.202143 0.024252 0.022173
3 0.366131 0.233925 0.027716 0.019586
7 0.649044 0.255728 0.206901 0.013304
7 0.364260 0.271526 0.206070 0.017923
7 0.361142 0.605044 0.212029 0.018662
7 0.643847 0.327882 0.199279 0.013489
7 0.664011 0.202236 0.186391 0.014967
7 0.651192 0.186807 0.211197 0.014412
7 0.646549 0.572986 0.203853 0.014782
7 0.360172 0.322247 0.197894 0.016630
7 0.668099 0.663525 0.165188 0.014782
7 0.366200 0.356245 0.209396 0.017738
7 0.667614 0.716648 0.162001 0.014228
7 0.359271 0.623522 0.207178 0.017923
3 0.564024 0.421009 0.040743 0.036770
13 0.650291 0.470436 0.227966 0.606800
7 0.650222 0.222653 0.213969 0.008130
3 0.274182 0.300998 0.023420 0.017369
3 0.266907 0.745473 0.024945 0.019771
7 0.646480 0.484756 0.206208 0.015706
7 0.643778 0.346545 0.196369 0.013119
7 0.377494 0.304601 0.182095 0.015706
3 0.267184 0.548134 0.018293 0.019032
3 0.370635 0.515798 0.026469 0.020510
9 0.741893 0.642184 0.027578 0.023466
7 0.662278 0.503234 0.185698 0.016075
7 0.666782 0.736789 0.166159 0.012749
3 0.266422 0.707871 0.023975 0.021434
3 0.637819 0.447524 0.027578 0.019217
7 0.356499 0.658629 0.201358 0.023466
9 0.743071 0.698078 0.024667 0.023651
7 0.372644 0.550813 0.191519 0.019956
7 0.666921 0.678954 0.163387 0.019771
3 0.274460 0.679970 0.037278 0.036216
8 0.670316 0.517369 0.334257 0.833703
7 0.365715 0.464339 0.212306 0.018108
7 0.644609 0.627494 0.208564 0.014043
3 0.556887 0.236696 0.022034 0.017738
7 0.644263 0.449095 0.203437 0.014228
3 0.710574 0.609109 0.029795 0.019032
7 0.365923 0.481800 0.211336 0.021619
7 0.365646 0.235495 0.204961 0.015336
7 0.646757 0.290281 0.206208 0.014043
3 0.722630 0.520972 0.025360 0.019032
7 0.376594 0.409922 0.186946 0.019032
7 0.371328 0.713507 0.183065 0.017554
10 0.747991 0.185976 0.016491 0.010163
7 0.361280 0.570676 0.208980 0.017184
8 0.337583 0.509331 0.339800 0.832409
7 0.364191 0.252956 0.202051 0.018108
3 0.432165 0.482446 0.032289 0.020695
3 0.299751 0.336659 0.024390 0.017369
7 0.657913 0.238174 0.178631 0.012934
7 0.666159 0.414449 0.159091 0.016630
7 0.358578 0.391630 0.201912 0.018662
2 0.783329 0.467849 0.061946 0.595713
7 0.374376 0.750739 0.186669 0.020325
7 0.354836 0.731245 0.201635 0.021619
7 0.364399 0.499446 0.210227 0.016260
3 0.651608 0.359387 0.026330 0.016260
3 0.358440 0.463322 0.027300 0.020140
3 0.694083 0.254250 0.025360 0.014782
7 0.645718 0.466833 0.205516 0.014967
7 0.363706 0.447524 0.207178 0.016630
7 0.666366 0.431079 0.159507 0.015152
7 0.648004 0.643847 0.212583 0.019401
9 0.573864 0.623799 0.023282 0.022173
3 0.369318 0.621859 0.026053 0.019032
3 0.562916 0.722376 0.036308 0.036770
7 0.648212 0.520787 0.209396 0.014597
3 0.668168 0.751016 0.030904 0.020510
7 0.363567 0.374908 0.207456 0.016630
3 0.396341 0.586844 0.029656 0.019586
7 0.384909 0.216186 0.166436 0.020325
3 0.342156 0.426275 0.025499 0.021064
9 0.316935 0.197339 0.029933 0.025499
7 0.651608 0.610033 0.217572 0.015706
9 0.432026 0.199002 0.078298 0.024390
7 0.644540 0.591279 0.203437 0.014412
3 0.282151 0.206578 0.036585 0.038064
13 0.367239 0.466556 0.232539 0.600517
7 0.362112 0.429047 0.207040 0.018477
3 0.564579 0.668607 0.037417 0.035292
2 0.226788 0.464523 0.062777 0.595713
7 0.647104 0.754527 0.210504 0.017184
7 0.649460 0.378695 0.212445 0.014228
7 0.361003 0.516907 0.210089 0.016814
7 0.646411 0.555340 0.214939 0.014597
3 0.328298 0.268108 0.032705 0.019586
3 0.437916 0.355137 0.027716 0.018108
7 0.647450 0.538248 0.207871 0.015152
7 0.377079 0.695861 0.159922 0.015521
7 0.365507 0.533167 0.211890 0.018662
7 0.360726 0.639874 0.210089 0.020695
7 0.647173 0.273004 0.207871 0.012380
