2 0.175681 0.568995 0.032745 0.028186
2 0.178532 0.624020 0.041023 0.032843
2 0.178716 0.494485 0.033297 0.026225
2 0.582046 0.281495 0.041943 0.033088
2 0.580942 0.360172 0.045254 0.031618
2 0.581218 0.397794 0.041391 0.033333
2 0.268488 0.425858 0.034032 0.027206
2 0.187178 0.468995 0.049117 0.046324
1 0.227373 0.164093 0.227741 0.098775
2 0.581218 0.427696 0.041391 0.030882
2 0.365986 0.518137 0.039551 0.026471
2 0.583977 0.452328 0.042494 0.030147
1 0.219463 0.711765 0.240986 0.131863
2 0.179360 0.547181 0.032009 0.026225
2 0.198859 0.402696 0.110375 0.109804
2 0.266740 0.404534 0.026490 0.022794
2 0.581218 0.337745 0.043598 0.032353
2 0.177980 0.513603 0.034768 0.026225
1 0.136773 0.440931 0.072664 0.625000
2 0.187270 0.243995 0.046358 0.045343
2 0.582873 0.249510 0.046909 0.032353
2 0.585449 0.650245 0.060890 0.051471
2 0.583977 0.224877 0.036976 0.034559
2 0.584253 0.513725 0.058499 0.050000
2 0.576803 0.302451 0.044702 0.036765
