7 0.175234 0.475216 0.255358 0.012028
7 0.179504 0.606609 0.265908 0.015308
5 0.056597 0.555097 0.039518 0.020411
7 0.181765 0.350261 0.280141 0.019682
7 0.220194 0.639716 0.335566 0.009355
13 0.241628 0.505103 0.437040 0.492164
5 0.057016 0.493075 0.045713 0.022233
7 0.240037 0.725185 0.392331 0.021626
7 0.211487 0.656421 0.313128 0.023812
7 0.161671 0.387073 0.244977 0.016766
7 0.183523 0.438707 0.290020 0.014093
7 0.164015 0.508626 0.229571 0.011056
7 0.158992 0.423278 0.220864 0.015794
7 0.182267 0.281983 0.297220 0.019925
7 0.195328 0.457417 0.278131 0.010205
5 0.054839 0.424493 0.044709 0.025513
7 0.165271 0.314907 0.237776 0.018710
7 0.193821 0.692929 0.287508 0.007654
7 0.175904 0.539606 0.236939 0.010570
7 0.182853 0.708298 0.264233 0.012149
8 0.293788 0.516462 0.566477 0.584862
7 0.161587 0.526971 0.215673 0.009598
7 0.194491 0.622342 0.295546 0.015672
7 0.187542 0.557526 0.271601 0.021383
5 0.063547 0.657454 0.039685 0.023691
7 0.159829 0.403110 0.224548 0.015065
7 0.161671 0.591423 0.224883 0.013850
7 0.190388 0.672944 0.269926 0.007775
7 0.158322 0.371887 0.223543 0.018710
7 0.195161 0.493014 0.309612 0.017495
7 0.164350 0.575082 0.222539 0.010084
5 0.063547 0.622039 0.039685 0.017738
5 0.045211 0.276394 0.041192 0.029887
5 0.058774 0.727190 0.056263 0.031952
5 0.050402 0.351172 0.050234 0.024177
7 0.162760 0.301421 0.230409 0.014093
7 0.161085 0.333556 0.227395 0.011056
