7 0.398316 0.445484 0.496114 0.024179
7 0.395402 0.414918 0.494171 0.026004
7 0.394430 0.267108 0.496114 0.023266
7 0.406412 0.355839 0.523964 0.021898
7 0.393135 0.238139 0.497409 0.023723
7 0.403497 0.633896 0.511658 0.023266
13 0.419041 0.410812 0.563472 0.503193
7 0.404793 0.181113 0.490933 0.022810
7 0.385687 0.384352 0.486399 0.024179
7 0.393135 0.536953 0.481865 0.025547
7 0.400907 0.294708 0.498705 0.024635
7 0.400259 0.475365 0.503886 0.025547
7 0.392811 0.569343 0.494171 0.021898
8 0.496438 0.505474 0.922927 0.949818
7 0.418718 0.506159 0.535622 0.025091
7 0.403821 0.599909 0.505829 0.023723
7 0.411269 0.209170 0.519430 0.020529
7 0.399611 0.325958 0.493523 0.023266
