10 0.730680 0.595751 0.070043 0.014984
7 0.631389 0.601601 0.116841 0.014368
13 0.338670 0.435447 0.259236 0.456281
3 0.310961 0.308805 0.026478 0.025246
10 0.380157 0.493329 0.131312 0.015805
7 0.356527 0.242919 0.191810 0.017447
13 0.661792 0.440066 0.273091 0.451560
7 0.667950 0.420464 0.189039 0.012110
10 0.403017 0.537459 0.084667 0.014984
7 0.653787 0.394807 0.209052 0.017857
3 0.241610 0.515907 0.031866 0.025246
7 0.668180 0.284278 0.187038 0.011494
3 0.557189 0.282533 0.033097 0.030172
7 0.651170 0.444581 0.213362 0.018062
3 0.557035 0.372742 0.032174 0.029146
7 0.649169 0.307266 0.206281 0.018062
7 0.641703 0.577894 0.186730 0.011289
7 0.344905 0.268370 0.217211 0.016626
3 0.554341 0.554187 0.033867 0.029967
3 0.554187 0.599754 0.034483 0.027915
7 0.582435 0.352114 0.066656 0.011289
3 0.315733 0.423030 0.028633 0.026273
7 0.337977 0.381363 0.207974 0.016831
7 0.272860 0.493227 0.080203 0.018062
10 0.746228 0.528633 0.034021 0.013752
7 0.658944 0.329741 0.217826 0.017857
3 0.237223 0.628695 0.032943 0.027915
7 0.348907 0.630029 0.187654 0.018268
7 0.343827 0.333949 0.214440 0.017241
7 0.344828 0.357348 0.220443 0.017241
7 0.344520 0.402504 0.221983 0.017241
7 0.670413 0.488095 0.190271 0.012315
8 0.708436 0.495279 0.411330 0.852627
7 0.674107 0.374692 0.199507 0.012521
7 0.637546 0.532841 0.177802 0.011905
7 0.347291 0.564860 0.182574 0.010263
7 0.652555 0.510571 0.213978 0.018678
7 0.351601 0.518370 0.187808 0.017036
7 0.345982 0.427443 0.222445 0.010878
7 0.337823 0.473112 0.212284 0.018062
10 0.687192 0.349343 0.139778 0.016831
3 0.239532 0.238198 0.039717 0.029762
7 0.644627 0.463259 0.197198 0.017652
7 0.337669 0.311474 0.203664 0.018268
7 0.344982 0.287664 0.218596 0.016215
7 0.334744 0.588259 0.209206 0.018473
7 0.642703 0.260263 0.187192 0.017652
7 0.331820 0.607143 0.204587 0.017652
7 0.652248 0.237890 0.209975 0.018062
3 0.402632 0.353448 0.027555 0.025041
7 0.335283 0.451663 0.202586 0.017036
3 0.555188 0.417180 0.031250 0.027299
8 0.291102 0.494150 0.409483 0.854885
3 0.559113 0.485427 0.029249 0.024220
7 0.667642 0.555213 0.189347 0.012315
3 0.238224 0.560242 0.033405 0.026888
7 0.655865 0.624282 0.220597 0.017447
7 0.293103 0.537048 0.125616 0.017447
