7 0.448687 0.455600 0.585203 0.023824
9 0.303341 0.157797 0.318377 0.019183
7 0.449403 0.428218 0.578043 0.024752
3 0.172076 0.127011 0.052029 0.037438
8 0.496659 0.495514 0.977088 0.987314
7 0.454893 0.671101 0.591885 0.024134
7 0.445346 0.590811 0.577566 0.023205
0 0.323150 0.292234 0.326492 0.233601
7 0.464916 0.700340 0.604296 0.026918
7 0.450119 0.562036 0.588067 0.025681
9 0.469451 0.122370 0.546539 0.036200
7 0.621002 0.317605 0.227208 0.023205
13 0.452506 0.407178 0.640573 0.630569
7 0.625537 0.397741 0.218138 0.018255
7 0.627685 0.265161 0.239618 0.018564
7 0.447494 0.507116 0.584726 0.025371
7 0.443437 0.157333 0.582339 0.023824
7 0.617184 0.345916 0.223389 0.021658
7 0.673508 0.215811 0.131742 0.021968
7 0.621002 0.372525 0.219570 0.021658
7 0.450358 0.534499 0.591408 0.025681
7 0.453222 0.644338 0.586635 0.023205
7 0.457041 0.618193 0.591408 0.022277
2 0.864678 0.462252 0.221002 0.914604
7 0.470406 0.133199 0.538902 0.025681
2 0.115036 0.471999 0.074463 0.896349
3 0.550835 0.196627 0.105967 0.062191
7 0.676372 0.184870 0.139379 0.020730
7 0.447255 0.481436 0.582339 0.021658
2 0.521718 0.048731 0.885919 0.089418
7 0.621002 0.239325 0.227208 0.020111
2 0.539379 0.819152 0.875418 0.204517
7 0.622912 0.291151 0.232936 0.021040
