7 0.371788 0.565621 0.371264 0.019443
7 0.331673 0.412358 0.465128 0.018707
7 0.338621 0.522389 0.474305 0.016645
7 0.339014 0.500516 0.473519 0.017086
7 0.336786 0.433348 0.463818 0.018559
7 0.333246 0.693622 0.468799 0.020327
8 0.334557 0.551701 0.667541 0.592871
7 0.340456 0.587274 0.319088 0.017676
7 0.343603 0.456105 0.484268 0.018707
2 0.077478 0.544778 0.149712 0.523052
7 0.351599 0.389454 0.501835 0.018559
7 0.341898 0.478716 0.479811 0.018265
7 0.344389 0.345485 0.497902 0.019885
7 0.349502 0.323096 0.500262 0.019885
3 0.483220 0.432391 0.088096 0.030785
3 0.534085 0.585801 0.088096 0.029754
7 0.334557 0.367875 0.472994 0.018118
13 0.358023 0.505524 0.538280 0.408013
3 0.238595 0.346001 0.088096 0.031816
7 0.327740 0.630800 0.457263 0.017823
9 0.474567 0.522684 0.244363 0.031374
7 0.337441 0.671601 0.465128 0.020180
7 0.374934 0.544263 0.369166 0.017676
3 0.479418 0.389527 0.076298 0.035204
3 0.488201 0.651200 0.093865 0.028576
7 0.341898 0.610620 0.474043 0.013699
7 0.326298 0.651200 0.453854 0.017676
3 0.116151 0.565400 0.164657 0.077036
