7 0.654283 0.706558 0.307349 0.034193
9 0.322168 0.489350 0.106780 0.043722
7 0.312627 0.196469 0.066585 0.031951
7 0.304507 0.787836 0.312627 0.035314
7 0.659765 0.245516 0.302883 0.033632
7 0.310394 0.325953 0.301665 0.035314
8 0.682095 0.517657 0.407633 0.880605
7 0.295168 0.618834 0.286642 0.035874
7 0.657328 0.201513 0.155095 0.034193
7 0.291514 0.544283 0.252538 0.084081
7 0.335566 0.573991 0.243199 0.032511
7 0.682907 0.578195 0.245229 0.030830
7 0.656313 0.748038 0.309785 0.034193
7 0.294762 0.661155 0.246853 0.038677
9 0.315266 0.192265 0.081608 0.049327
7 0.286236 0.279148 0.127487 0.029148
8 0.278116 0.511491 0.394641 0.896300
7 0.587901 0.455157 0.164028 0.032511
7 0.309988 0.366031 0.300853 0.036996
7 0.656516 0.665359 0.308567 0.033632
7 0.312627 0.248879 0.294762 0.089686
9 0.210719 0.775224 0.110434 0.045964
7 0.643727 0.492152 0.096224 0.030269
7 0.251117 0.700112 0.170118 0.036996
9 0.509744 0.323150 0.024767 0.036435
9 0.513398 0.410034 0.020706 0.034193
7 0.659359 0.328475 0.308567 0.032511
7 0.655095 0.413677 0.301665 0.033632
9 0.659968 0.196188 0.161998 0.045964
13 0.305522 0.488789 0.313845 0.698430
7 0.311003 0.410034 0.297199 0.037556
7 0.305116 0.744114 0.281364 0.036435
7 0.322168 0.489070 0.100284 0.030830
7 0.655907 0.621917 0.307349 0.033072
7 0.656922 0.547085 0.299635 0.079596
13 0.656719 0.494675 0.319529 0.698991
7 0.652862 0.792040 0.306943 0.035874
7 0.305522 0.452915 0.306537 0.034753
7 0.656516 0.288397 0.304507 0.031951
7 0.530857 0.363509 0.047503 0.029709
