3 0.308480 0.412735 0.038750 0.038874
7 0.659566 0.482306 0.217083 0.023592
3 0.668695 0.311528 0.023534 0.041287
3 0.430412 0.447051 0.038750 0.037265
7 0.372692 0.286461 0.182593 0.027614
3 0.636032 0.243968 0.028403 0.041287
3 0.365693 0.315282 0.041591 0.041287
3 0.599107 0.348928 0.034084 0.036193
7 0.651958 0.617828 0.211605 0.029223
3 0.369548 0.380831 0.030229 0.037265
7 0.363968 0.320241 0.221952 0.028150
7 0.656117 0.251743 0.211808 0.024665
7 0.359708 0.550268 0.218706 0.024397
7 0.654088 0.386193 0.210996 0.025469
7 0.364476 0.516756 0.219720 0.024397
8 0.305234 0.492627 0.383648 0.890349
3 0.413877 0.184718 0.037736 0.042359
7 0.360722 0.648525 0.219111 0.022520
3 0.268817 0.187265 0.034896 0.054960
7 0.646581 0.419169 0.200041 0.016354
3 0.363765 0.250268 0.034084 0.046381
3 0.600122 0.279759 0.024751 0.032440
3 0.564719 0.215952 0.033070 0.037265
7 0.359911 0.483646 0.223981 0.025737
7 0.379692 0.191555 0.176304 0.027614
7 0.357375 0.583512 0.214445 0.026005
7 0.354534 0.417560 0.206736 0.025469
3 0.741428 0.347721 0.023737 0.038606
3 0.703185 0.220375 0.032055 0.041287
2 0.290120 0.714343 0.294989 0.107507
2 0.199838 0.429491 0.108744 0.667024
8 0.701664 0.495845 0.377156 0.896783
3 0.725806 0.448928 0.030229 0.043700
2 0.610976 0.129759 0.214445 0.109920
3 0.367620 0.480161 0.032055 0.038606
7 0.360722 0.222520 0.217083 0.026273
3 0.264962 0.345845 0.025563 0.037534
3 0.433759 0.347721 0.030432 0.038606
3 0.419659 0.280965 0.035910 0.042359
3 0.264557 0.447721 0.034084 0.033780
7 0.360316 0.385791 0.218706 0.026810
13 0.662508 0.426408 0.234327 0.516086
2 0.595354 0.744370 0.185230 0.119839
3 0.266484 0.280295 0.035910 0.036193
7 0.653784 0.219839 0.204301 0.025201
3 0.645466 0.380831 0.032258 0.042627
7 0.655001 0.550000 0.214039 0.023861
7 0.659160 0.282440 0.223575 0.024933
3 0.432846 0.612601 0.045242 0.038606
7 0.651248 0.189142 0.196794 0.022788
13 0.366200 0.408847 0.241023 0.508311
2 0.303307 0.131635 0.312031 0.063807
3 0.265064 0.607641 0.035098 0.043700
3 0.560357 0.451475 0.028403 0.038606
3 0.613410 0.180429 0.030229 0.041287
7 0.671029 0.451475 0.197809 0.013941
7 0.365896 0.615550 0.215257 0.027882
7 0.648813 0.586059 0.204098 0.024665
7 0.656421 0.652815 0.218097 0.026810
3 0.412964 0.543834 0.033881 0.046381
10 0.454149 0.577480 0.038750 0.026273
7 0.366504 0.254290 0.227429 0.027078
7 0.375330 0.450938 0.188679 0.026273
2 0.528809 0.437668 0.050112 0.728418
7 0.655610 0.317426 0.220532 0.020912
7 0.659870 0.351475 0.222966 0.013941
3 0.669203 0.476944 0.030229 0.042359
3 0.735342 0.284048 0.024549 0.036193
3 0.601136 0.415147 0.028403 0.036193
7 0.654291 0.517158 0.210590 0.022520
7 0.379793 0.352279 0.184622 0.025737
3 0.378880 0.646917 0.030229 0.045040
