9 0.767549 0.287048 0.036022 0.020320
7 0.670105 0.190784 0.230911 0.027709
3 0.565887 0.265189 0.039717 0.027094
7 0.351139 0.520115 0.227833 0.019294
7 0.685884 0.316092 0.192580 0.022989
7 0.351755 0.397373 0.228448 0.019704
7 0.686115 0.265702 0.200739 0.022783
3 0.246151 0.442734 0.035406 0.027915
3 0.569119 0.340312 0.043411 0.022989
3 0.380388 0.272475 0.029557 0.026067
7 0.367842 0.570300 0.179341 0.017857
9 0.445428 0.519807 0.034329 0.025657
9 0.766549 0.264060 0.045105 0.024015
7 0.672645 0.217467 0.239070 0.023194
3 0.569504 0.365764 0.036792 0.029967
7 0.350677 0.495177 0.227833 0.020731
7 0.690656 0.366892 0.205511 0.022373
3 0.250539 0.195915 0.036792 0.036741
9 0.315348 0.445300 0.019243 0.032225
3 0.369920 0.494766 0.028941 0.029762
7 0.349831 0.421388 0.226755 0.021346
3 0.341056 0.345546 0.030326 0.035509
3 0.447198 0.300800 0.023091 0.034688
8 0.734991 0.484914 0.445351 0.846675
7 0.352833 0.249897 0.228756 0.021962
7 0.359606 0.446736 0.193350 0.020731
3 0.272475 0.394704 0.028941 0.033662
9 0.570736 0.239737 0.033097 0.029557
13 0.352525 0.420156 0.250924 0.502053
9 0.725369 0.263649 0.033251 0.028530
7 0.356296 0.299877 0.235683 0.020525
7 0.668334 0.239737 0.226139 0.024631
7 0.349908 0.372024 0.222906 0.019910
3 0.408559 0.225780 0.028017 0.025041
9 0.767395 0.313629 0.033251 0.029557
7 0.365071 0.202894 0.189193 0.012521
9 0.768935 0.236453 0.019397 0.029557
7 0.353910 0.273810 0.231527 0.022989
7 0.344982 0.619971 0.219212 0.018678
7 0.347752 0.596162 0.225062 0.019499
8 0.291256 0.481938 0.424261 0.860427
7 0.353525 0.348009 0.231681 0.020731
3 0.568042 0.291256 0.038177 0.025041
7 0.350062 0.474241 0.227833 0.017036
7 0.350292 0.227935 0.222137 0.020320
13 0.674492 0.278736 0.309267 0.266831
7 0.346752 0.644397 0.224600 0.018678
3 0.250924 0.558703 0.050493 0.059524
3 0.569504 0.316708 0.034021 0.027915
7 0.688039 0.290127 0.196890 0.029351
7 0.351986 0.325534 0.226755 0.019294
7 0.368227 0.547311 0.177956 0.019089
7 0.686038 0.342365 0.195351 0.022989
