7 0.496940 0.572687 0.277846 0.021010
7 0.502448 0.135886 0.258262 0.025754
1 0.065789 0.411725 0.089963 0.717045
9 0.251224 0.755676 0.205018 0.027109
7 0.507344 0.653168 0.293758 0.019993
7 0.390147 0.760759 0.482864 0.022365
3 0.381885 0.150288 0.113831 0.053202
1 0.446144 0.088953 0.844553 0.071501
7 0.491126 0.195188 0.310282 0.018977
7 0.377295 0.384446 0.518360 0.024060
9 0.395349 0.460014 0.563035 0.028126
3 0.388005 0.752626 0.070991 0.029143
7 0.492350 0.248390 0.317625 0.020332
7 0.533660 0.491867 0.201958 0.021349
7 0.508568 0.601152 0.293758 0.021010
7 0.507344 0.518977 0.288862 0.022026
7 0.391371 0.463063 0.528152 0.019993
7 0.391983 0.731278 0.522032 0.022365
1 0.767442 0.408336 0.219094 0.710268
3 0.398103 0.486276 0.091187 0.029820
7 0.378213 0.705693 0.500612 0.019993
7 0.497552 0.547442 0.275398 0.020671
7 0.379743 0.435615 0.515912 0.020671
7 0.488066 0.221620 0.306610 0.020332
9 0.360465 0.701796 0.069767 0.027109
13 0.384945 0.444764 0.542228 0.643511
7 0.500000 0.628600 0.276622 0.020332
7 0.382803 0.332769 0.539168 0.020332
7 0.386169 0.360047 0.538556 0.022026
9 0.517748 0.754998 0.183599 0.025754
7 0.501530 0.166554 0.288250 0.021349
7 0.384333 0.409353 0.529988 0.021688
7 0.388923 0.679261 0.518360 0.019993
0 0.242656 0.568960 0.236842 0.198577
0 0.218176 0.221281 0.200122 0.197221
7 0.488678 0.276516 0.305386 0.019654
8 0.495716 0.497289 0.968176 0.985090
1 0.462362 0.853440 0.883109 0.179939
7 0.494492 0.305490 0.318237 0.021349
9 0.563035 0.650627 0.056304 0.025754
