9 0.368625 0.515706 0.019401 0.035107
7 0.730183 0.414542 0.200111 0.020140
7 0.731707 0.308112 0.210920 0.020140
9 0.448864 0.594143 0.052661 0.033075
7 0.392184 0.390244 0.152439 0.021434
7 0.378880 0.493995 0.207040 0.024575
7 0.379435 0.520325 0.201774 0.020695
7 0.377979 0.283075 0.209119 0.021434
9 0.805432 0.484294 0.051275 0.031412
9 0.380335 0.279379 0.222977 0.031412
7 0.745635 0.489375 0.146757 0.022358
8 0.748683 0.488267 0.387334 0.706763
9 0.467572 0.487990 0.037417 0.024021
7 0.382622 0.546378 0.210643 0.024760
3 0.256236 0.637010 0.126109 0.061899
13 0.736280 0.453991 0.228104 0.383962
3 0.618002 0.468865 0.109618 0.061899
7 0.400915 0.311899 0.154933 0.019217
7 0.722977 0.387657 0.198448 0.018477
3 0.257068 0.578437 0.124446 0.055248
7 0.395371 0.336659 0.156319 0.021803
7 0.398351 0.573171 0.162001 0.023651
3 0.252910 0.374908 0.127772 0.070953
7 0.754642 0.544993 0.148143 0.019032
9 0.432303 0.332040 0.091325 0.033259
9 0.767323 0.406781 0.030488 0.031227
7 0.747367 0.461936 0.157982 0.019217
3 0.253326 0.315687 0.131929 0.058574
7 0.723808 0.334165 0.186807 0.020880
13 0.373268 0.447339 0.232400 0.392831
9 0.755613 0.433481 0.153686 0.029564
9 0.284091 0.543422 0.033259 0.031412
7 0.735865 0.625647 0.213692 0.021803
7 0.397173 0.626386 0.167406 0.020695
9 0.768016 0.380913 0.015244 0.023836
7 0.736488 0.599224 0.218819 0.023282
7 0.722145 0.360126 0.187361 0.020325
7 0.376178 0.417591 0.204684 0.027347
9 0.683620 0.406781 0.020787 0.031227
7 0.374723 0.442905 0.197616 0.022912
7 0.728035 0.438655 0.192212 0.020325
7 0.381305 0.467110 0.210782 0.022173
7 0.751871 0.513766 0.165881 0.020140
7 0.396203 0.601256 0.157705 0.023651
3 0.619665 0.526977 0.104629 0.052106
7 0.392946 0.364745 0.158675 0.020325
8 0.351303 0.480599 0.395787 0.702513
7 0.726233 0.281874 0.192489 0.020510
9 0.446161 0.539727 0.094096 0.042498
7 0.732192 0.572339 0.213553 0.020510
