7 0.634929 0.617919 0.238147 0.016215
7 0.324430 0.566195 0.232605 0.031404
7 0.633467 0.446223 0.221367 0.020115
7 0.632697 0.503797 0.220443 0.017447
7 0.631619 0.656199 0.220751 0.016831
7 0.632004 0.485016 0.217826 0.018883
7 0.631158 0.330562 0.219828 0.021141
7 0.635853 0.675287 0.228294 0.014778
7 0.310191 0.263444 0.220135 0.022783
7 0.633236 0.407533 0.224292 0.018678
7 0.314886 0.417282 0.223984 0.022167
7 0.309344 0.341338 0.215363 0.023399
7 0.630388 0.369971 0.216441 0.018678
7 0.315117 0.434319 0.221675 0.020115
7 0.636084 0.560345 0.221059 0.017652
7 0.630003 0.236658 0.215979 0.018883
7 0.632081 0.425903 0.221675 0.018883
7 0.317041 0.510673 0.219058 0.024220
7 0.634621 0.292385 0.224292 0.019910
7 0.310037 0.302135 0.219212 0.022578
8 0.663100 0.518062 0.396398 0.822250
7 0.321198 0.550082 0.224292 0.025452
7 0.324507 0.699302 0.222291 0.025862
7 0.318196 0.491482 0.220135 0.026067
8 0.271937 0.527607 0.391164 0.813424
7 0.321506 0.606219 0.223060 0.025246
13 0.317041 0.463670 0.254464 0.506979
7 0.321198 0.587336 0.226139 0.026478
7 0.637007 0.349754 0.229680 0.020936
7 0.320582 0.529865 0.227371 0.025657
7 0.323276 0.643268 0.224138 0.026273
7 0.319889 0.473214 0.232143 0.024836
7 0.635930 0.522475 0.224754 0.017447
7 0.631542 0.273399 0.217518 0.019294
7 0.631773 0.579536 0.219212 0.017447
13 0.634621 0.455973 0.244612 0.510878
7 0.309267 0.282430 0.217057 0.020115
7 0.635468 0.464799 0.223830 0.017036
7 0.308498 0.225472 0.221059 0.019499
7 0.629233 0.254413 0.212284 0.019089
7 0.326355 0.680316 0.224446 0.028530
7 0.634929 0.598830 0.224908 0.016626
7 0.313270 0.379310 0.221983 0.023399
7 0.632928 0.638444 0.223676 0.016626
7 0.635314 0.311371 0.225062 0.020936
7 0.629695 0.388957 0.215671 0.017241
7 0.633005 0.220341 0.226601 0.017036
7 0.318350 0.455152 0.224754 0.023194
7 0.630157 0.695813 0.224908 0.014368
7 0.310961 0.359606 0.218288 0.022989
7 0.315271 0.397578 0.222291 0.024631
7 0.322814 0.624795 0.221983 0.026683
7 0.323738 0.661843 0.226601 0.028530
7 0.635545 0.540640 0.225523 0.016831
7 0.312423 0.322352 0.220905 0.021552
7 0.305188 0.245279 0.213208 0.021346
