7 0.549879 0.220046 0.142857 0.016977
7 0.516707 0.382142 0.216949 0.021874
7 0.389104 0.544727 0.455690 0.020568
7 0.516223 0.300849 0.217918 0.021221
7 0.512107 0.355371 0.206780 0.020568
7 0.386199 0.490206 0.443099 0.020568
7 0.386441 0.572641 0.445521 0.020895
7 0.393705 0.438949 0.466828 0.021221
8 0.489588 0.502775 0.891041 0.938296
7 0.396368 0.626836 0.472155 0.020242
7 0.390315 0.464577 0.459080 0.020242
3 0.442373 0.202416 0.062470 0.058113
7 0.381114 0.411851 0.446489 0.019915
7 0.520823 0.328926 0.224213 0.021221
13 0.394915 0.416912 0.482809 0.494940
7 0.518402 0.247796 0.216465 0.023506
7 0.388136 0.654097 0.448910 0.021221
2 0.723729 0.415932 0.174818 0.496898
7 0.554479 0.191969 0.159806 0.020242
7 0.392978 0.516324 0.456659 0.019262
7 0.388620 0.599412 0.448910 0.020895
7 0.517918 0.274241 0.223245 0.020242
0 0.282567 0.283219 0.245521 0.231472
