2 0.320890 0.338875 0.020166 0.021757
2 0.227525 0.404762 0.020320 0.024220
2 0.710976 0.774938 0.016472 0.023604
2 0.227909 0.382697 0.021398 0.021962
2 0.321429 0.361556 0.022167 0.020731
2 0.407789 0.147989 0.025862 0.023399
1 0.468211 0.432369 0.026324 0.734195
2 0.360837 0.168103 0.018165 0.019704
0 0.264547 0.272886 0.090979 0.186576
2 0.263008 0.615866 0.021090 0.026888
1 0.330819 0.738608 0.236453 0.121716
2 0.676801 0.792590 0.018319 0.027709
1 0.334744 0.087849 0.231373 0.049261
2 0.230142 0.124589 0.021244 0.023399
0 0.699046 0.407430 0.314347 0.667898
2 0.237377 0.436576 0.040025 0.041872
2 0.401016 0.318247 0.020936 0.023194
2 0.226370 0.552853 0.018011 0.022783
1 0.172106 0.164614 0.083744 0.205665
2 0.436422 0.126642 0.020320 0.022578
1 0.170567 0.698481 0.083744 0.211412
2 0.383929 0.528736 0.016933 0.025452
2 0.362069 0.377874 0.022167 0.025452
2 0.556188 0.765497 0.041872 0.074097
1 0.524554 0.436474 0.037100 0.721880
2 0.328818 0.198481 0.033867 0.043924
2 0.779018 0.754721 0.021706 0.026683
1 0.173568 0.428058 0.083898 0.205460
1 0.828510 0.777915 0.057882 0.075534
