7 0.550977 0.182095 0.584537 0.019895
7 0.515718 0.112048 0.346644 0.020724
7 0.584537 0.384775 0.504673 0.020724
7 0.583263 0.337110 0.362787 0.016579
7 0.573280 0.138712 0.488955 0.019342
9 0.570943 0.450401 0.397621 0.027079
7 0.567332 0.452059 0.441376 0.016579
7 0.549065 0.270793 0.585811 0.021000
7 0.582201 0.730174 0.517842 0.017408
8 0.504673 0.496960 0.978760 0.974026
7 0.581138 0.498618 0.525064 0.018513
10 0.769966 0.114673 0.153356 0.013816
9 0.638488 0.540895 0.405268 0.026250
7 0.547791 0.614949 0.586661 0.016855
10 0.813084 0.449019 0.085811 0.016027
2 0.142523 0.473888 0.199235 0.916275
7 0.559473 0.226306 0.509771 0.019342
2 0.556924 0.057198 0.627018 0.076817
7 0.596219 0.475408 0.535684 0.019619
3 0.413976 0.542830 0.036958 0.024040
3 0.285259 0.230450 0.067545 0.045869
3 0.420136 0.198397 0.055225 0.029842
7 0.560535 0.293866 0.603653 0.020171
3 0.354078 0.108594 0.052251 0.025974
3 0.372557 0.677535 0.045879 0.025974
3 0.384877 0.333103 0.039932 0.024040
9 0.596007 0.681956 0.385726 0.023211
7 0.507647 0.659989 0.496177 0.017961
9 0.532923 0.202266 0.149108 0.027079
10 0.788445 0.659574 0.135089 0.013816
10 0.811597 0.338077 0.082838 0.017961
9 0.532923 0.111219 0.303738 0.029014
10 0.736194 0.202404 0.226848 0.017961
13 0.541419 0.816248 0.199235 0.039790
7 0.549915 0.638298 0.590059 0.017684
7 0.533135 0.204891 0.172472 0.016303
7 0.539082 0.817353 0.190314 0.030948
2 0.556287 0.847748 0.626593 0.216634
7 0.572005 0.568665 0.491504 0.019342
7 0.556287 0.592705 0.544180 0.016579
7 0.547366 0.545040 0.577315 0.017961
3 0.289720 0.712490 0.064571 0.043935
2 0.930756 0.492816 0.120646 0.934236
7 0.574979 0.361426 0.488105 0.020448
7 0.546941 0.518375 0.587511 0.018237
3 0.341971 0.446947 0.045879 0.024040
7 0.525489 0.431611 0.533560 0.016579
10 0.825191 0.679469 0.061597 0.013816
3 0.291206 0.480934 0.067545 0.040066
7 0.560748 0.159713 0.464741 0.019342
3 0.288233 0.140647 0.073492 0.045869
3 0.292693 0.366123 0.070518 0.045869
7 0.588997 0.681956 0.477910 0.017132
13 0.561385 0.417933 0.613849 0.640785
9 0.587935 0.336004 0.342396 0.030948
7 0.561810 0.247997 0.522090 0.021277
3 0.294393 0.577784 0.067120 0.045869
7 0.545667 0.407571 0.577315 0.021553
7 0.598131 0.706549 0.533560 0.018237
7 0.555650 0.316800 0.596432 0.020724
