1 0.159273 0.459335 0.102182 0.749670
7 0.694455 0.351069 0.203091 0.030367
0 0.324909 0.421442 0.210909 0.472670
1 0.754182 0.739240 0.314182 0.164510
13 0.687364 0.411804 0.233636 0.451809
7 0.745818 0.225244 0.073818 0.022181
3 0.610818 0.391207 0.051091 0.041986
7 0.740727 0.324795 0.093091 0.025350
9 0.739818 0.611170 0.022545 0.029311
7 0.696091 0.589781 0.212909 0.025614
7 0.673909 0.497888 0.172182 0.024030
2 0.728455 0.129654 0.320909 0.067072
1 0.268727 0.122524 0.316364 0.082915
7 0.705636 0.566411 0.175636 0.023237
7 0.747273 0.300634 0.072727 0.018220
3 0.596636 0.355030 0.024182 0.024030
10 0.771364 0.423950 0.038727 0.015051
1 0.274636 0.759704 0.318727 0.158965
1 0.854545 0.457222 0.105091 0.739107
7 0.705182 0.446660 0.178000 0.025086
8 0.724455 0.495247 0.459818 0.911275
3 0.604273 0.570504 0.025636 0.017164
7 0.734182 0.252443 0.055636 0.019541
7 0.696545 0.473198 0.207273 0.025878
7 0.696000 0.542118 0.203636 0.025350
10 0.773818 0.492606 0.042182 0.016108
7 0.698545 0.614603 0.201455 0.025086
3 0.604909 0.519805 0.026909 0.018220
3 0.630818 0.262477 0.152182 0.144706
7 0.677364 0.426591 0.175455 0.024030
7 0.697727 0.518748 0.190727 0.027198
7 0.716182 0.373383 0.149091 0.025878
3 0.725000 0.274096 0.024909 0.023237
7 0.743636 0.202799 0.085091 0.022181
7 0.749636 0.277132 0.078909 0.021917
8 0.278182 0.493002 0.456727 0.927383
7 0.716545 0.400053 0.144727 0.023766
9 0.775727 0.341563 0.054364 0.027726
3 0.603545 0.452997 0.027091 0.019276
