2 0.451604 0.787042 0.768449 0.230444
7 0.671257 0.212406 0.263904 0.024664
13 0.609893 0.297810 0.488235 0.298546
2 0.214171 0.473219 0.300000 0.862507
3 0.456551 0.229155 0.168182 0.072520
8 0.504412 0.498712 0.913636 0.945518
7 0.569786 0.432450 0.374866 0.027793
7 0.610561 0.392509 0.458556 0.032211
7 0.639706 0.178355 0.351070 0.023192
3 0.414439 0.172925 0.097326 0.046567
2 0.440107 0.101417 0.755080 0.107859
7 0.590775 0.357077 0.423262 0.027977
7 0.589840 0.286214 0.425668 0.029082
7 0.679947 0.248758 0.291979 0.029634
7 0.602540 0.325603 0.427540 0.026137
9 0.780080 0.210013 0.050535 0.036076
