1 0.495305 0.447455 0.037408 0.742200
1 0.166564 0.442529 0.098522 0.742200
2 0.232759 0.537356 0.015702 0.020936
1 0.347829 0.096675 0.256004 0.046798
1 0.540563 0.502360 0.039871 0.878695
1 0.743688 0.098727 0.446121 0.071429
0 0.253849 0.222804 0.068658 0.136494
1 0.354372 0.723317 0.232759 0.190887
2 0.305342 0.177135 0.030018 0.034072
1 0.311268 0.858477 0.405480 0.099959
1 0.228294 0.727011 0.022475 0.162972
1 0.938732 0.502360 0.053571 0.878695
0 0.739301 0.487069 0.377617 0.720033
1 0.741225 0.893576 0.448584 0.092980
2 0.236068 0.124487 0.018319 0.017447
