10 0.438501 0.133415 0.093750 0.027504
7 0.381158 0.285201 0.213978 0.026067
10 0.430804 0.401478 0.099600 0.017652
7 0.285714 0.251642 0.105603 0.022578
7 0.282635 0.702586 0.119150 0.025452
7 0.357220 0.314142 0.242149 0.028120
7 0.352679 0.344622 0.240148 0.025041
3 0.255850 0.366892 0.049569 0.036330
3 0.269550 0.307574 0.046490 0.033867
3 0.588208 0.721367 0.042796 0.037151
2 0.189039 0.404044 0.082820 0.601190
10 0.400862 0.253079 0.163485 0.023810
3 0.253233 0.427237 0.045259 0.034688
10 0.776709 0.685037 0.076817 0.015394
8 0.296567 0.499897 0.414563 0.948071
10 0.422645 0.612787 0.100831 0.022373
2 0.720135 0.806445 0.370382 0.148604
7 0.376462 0.583025 0.199661 0.027299
7 0.306342 0.612274 0.143781 0.025452
7 0.384159 0.225677 0.219058 0.022373
13 0.692888 0.659585 0.261700 0.145115
10 0.367303 0.460489 0.230603 0.027299
7 0.245998 0.550287 0.032328 0.010673
7 0.382543 0.377155 0.200123 0.025246
8 0.723368 0.499384 0.444273 0.942118
7 0.357451 0.196018 0.241687 0.027094
3 0.693966 0.655275 0.046490 0.030583
7 0.656173 0.695402 0.168873 0.032430
9 0.293257 0.698789 0.106527 0.044130
13 0.360299 0.417898 0.270474 0.614532
7 0.378618 0.165435 0.215979 0.026683
7 0.745459 0.658559 0.148245 0.026478
10 0.368919 0.550390 0.217211 0.032225
3 0.252925 0.486556 0.047106 0.033867
0 0.684498 0.329844 0.247383 0.507800
7 0.353525 0.493329 0.246459 0.030172
7 0.374692 0.435345 0.199200 0.025452
7 0.734221 0.631466 0.124230 0.029762
7 0.246998 0.461412 0.026940 0.023399
7 0.311961 0.403633 0.152555 0.023604
7 0.741379 0.599241 0.149323 0.030172
3 0.253464 0.274528 0.042334 0.032225
7 0.715440 0.721983 0.214132 0.033456
3 0.252540 0.575944 0.049107 0.040640
7 0.317734 0.134236 0.164101 0.025452
3 0.255542 0.216236 0.048953 0.036330
7 0.347368 0.522886 0.240302 0.028941
2 0.854603 0.469109 0.090055 0.814245
3 0.614224 0.630747 0.108067 0.087849
2 0.542026 0.480809 0.055727 0.796182
3 0.257697 0.156917 0.047106 0.037151
