3 0.285200 0.554231 0.037971 0.035661
9 0.394956 0.253511 0.016630 0.027716
7 0.678284 0.287971 0.187777 0.020140
7 0.685283 0.620565 0.193459 0.017184
7 0.679393 0.466556 0.181957 0.014412
7 0.676552 0.255081 0.181818 0.018293
9 0.459950 0.288618 0.024945 0.035107
7 0.683550 0.406135 0.191657 0.016630
9 0.667683 0.309867 0.013858 0.029564
7 0.681125 0.315410 0.191519 0.018847
9 0.421217 0.524021 0.074695 0.040650
7 0.383938 0.562823 0.158121 0.011826
3 0.591463 0.220067 0.047672 0.032151
9 0.585227 0.558204 0.020787 0.038803
7 0.371882 0.290281 0.202467 0.026977
7 0.712999 0.378326 0.138304 0.015336
7 0.365369 0.440410 0.188054 0.023097
7 0.679601 0.437639 0.183758 0.013858
7 0.686669 0.591001 0.193459 0.017184
13 0.685283 0.432003 0.262749 0.498891
8 0.728728 0.485403 0.425582 0.845528
7 0.364052 0.592480 0.186807 0.024575
7 0.693182 0.222746 0.151053 0.014597
3 0.366962 0.347284 0.039911 0.034553
7 0.366269 0.499169 0.191519 0.024575
7 0.368140 0.227365 0.190826 0.030118
9 0.333287 0.345898 0.029102 0.038803
7 0.369803 0.413064 0.200527 0.026792
7 0.677106 0.559682 0.194568 0.018477
7 0.366062 0.529379 0.189994 0.026977
7 0.683758 0.528455 0.189579 0.016260
13 0.374446 0.437084 0.230599 0.480599
3 0.610518 0.360588 0.058065 0.062639
7 0.708703 0.346452 0.133592 0.018847
7 0.368002 0.622136 0.197755 0.024390
8 0.309590 0.487528 0.420732 0.841648
7 0.681195 0.498152 0.187223 0.014782
7 0.371189 0.260255 0.197201 0.026792
7 0.373683 0.354028 0.197478 0.027716
9 0.278548 0.404010 0.024945 0.033075
7 0.368279 0.320861 0.191935 0.025684
7 0.369249 0.382483 0.196646 0.025868
7 0.368140 0.470436 0.192212 0.025499
