7 0.382851 0.629208 0.179187 0.030993
7 0.383005 0.399220 0.170874 0.030788
7 0.635160 0.600369 0.178571 0.023810
7 0.632620 0.301622 0.160252 0.030993
7 0.636700 0.568658 0.167796 0.025246
7 0.635160 0.368534 0.177648 0.028941
7 0.637469 0.536638 0.174569 0.025246
7 0.385776 0.498563 0.173953 0.031199
7 0.635699 0.334360 0.171028 0.029146
7 0.379233 0.465620 0.182112 0.032225
13 0.384159 0.459873 0.194427 0.365558
7 0.383236 0.331076 0.175339 0.032020
7 0.387315 0.300082 0.185961 0.030788
7 0.385545 0.364840 0.178110 0.031814
13 0.638624 0.463773 0.190117 0.373768
7 0.636007 0.469725 0.173491 0.026478
8 0.672722 0.509031 0.328818 0.707718
7 0.378387 0.596778 0.166256 0.030172
7 0.638547 0.404044 0.175185 0.027709
7 0.638932 0.632492 0.167950 0.025657
7 0.636776 0.434626 0.168565 0.026067
7 0.380927 0.564347 0.172260 0.030993
8 0.341903 0.507902 0.334975 0.705460
7 0.386392 0.432574 0.177032 0.030993
7 0.381158 0.530686 0.180111 0.028120
7 0.638239 0.502976 0.177032 0.025657
