7 0.243365 0.403088 0.050819 0.028646
7 0.171654 0.528646 0.058724 0.023065
7 0.380011 0.372396 0.472050 0.026786
3 0.247600 0.526972 0.084133 0.038318
7 0.206381 0.339472 0.141728 0.024926
7 0.388763 0.496838 0.514399 0.018229
8 0.489554 0.497582 0.979108 0.967634
7 0.415867 0.463728 0.381141 0.022693
7 0.204404 0.617560 0.121965 0.019345
3 0.186053 0.179315 0.233202 0.095982
7 0.197628 0.585007 0.126482 0.023438
7 0.435630 0.189174 0.269339 0.023438
7 0.494353 0.152158 0.373235 0.040923
7 0.438735 0.645275 0.411067 0.024926
7 0.249859 0.558966 0.037832 0.018973
7 0.213156 0.278832 0.150762 0.022693
7 0.203840 0.435826 0.143422 0.021205
3 0.244777 0.310268 0.077357 0.033482
7 0.363636 0.244792 0.463015 0.027530
