2 0.671726 0.626225 0.027778 0.029902
2 0.202079 0.359681 0.047645 0.057598
2 0.546542 0.367157 0.044150 0.058824
2 0.234915 0.670588 0.033848 0.045098
2 0.186810 0.265809 0.038079 0.040441
2 0.537987 0.512623 0.035504 0.040441
2 0.536608 0.272059 0.034584 0.036765
2 0.340508 0.399020 0.026858 0.046078
2 0.189570 0.531005 0.050221 0.051716
2 0.732248 0.333701 0.020787 0.040441
2 0.536700 0.433578 0.038079 0.032353
2 0.639625 0.599020 0.029433 0.035784
2 0.340968 0.317647 0.039919 0.038235
2 0.265636 0.612377 0.034584 0.037010
2 0.628863 0.302083 0.028514 0.030147
