5 0.607487 0.719737 0.030091 0.036184
5 0.860135 0.750658 0.020703 0.030921
5 0.713409 0.279934 0.019018 0.030921
7 0.737241 0.108553 0.356042 0.031579
7 0.313433 0.292928 0.359653 0.032566
7 0.734834 0.243586 0.349302 0.037829
7 0.728455 0.174013 0.342321 0.038158
5 0.281054 0.806250 0.020944 0.033553
8 0.766490 0.528125 0.473279 0.941776
7 0.311627 0.496053 0.363746 0.036184
7 0.733028 0.378947 0.350987 0.034868
7 0.310303 0.222039 0.357246 0.036184
7 0.329080 0.358224 0.305729 0.033553
7 0.745306 0.722368 0.371208 0.029605
7 0.318007 0.701974 0.362061 0.036842
5 0.316081 0.461020 0.018777 0.031250
5 0.896124 0.444243 0.017092 0.033882
7 0.304044 0.255428 0.342802 0.035855
7 0.743500 0.754605 0.362301 0.032237
5 0.674771 0.653618 0.028406 0.038816
7 0.316683 0.803125 0.346413 0.040461
7 0.755657 0.413816 0.387097 0.032895
5 0.254574 0.149342 0.020944 0.033553
7 0.317525 0.736513 0.358209 0.036184
7 0.740130 0.280757 0.358931 0.036513
7 0.740250 0.450329 0.363987 0.030263
5 0.197761 0.534704 0.017092 0.028618
13 0.744584 0.457237 0.410688 0.752632
7 0.737723 0.482401 0.349783 0.030592
7 0.305970 0.186678 0.349543 0.036513
7 0.317766 0.668750 0.365431 0.038816
5 0.780693 0.344737 0.020703 0.030921
5 0.471233 0.728783 0.019018 0.023355
7 0.743982 0.517434 0.370968 0.024342
7 0.736399 0.347697 0.349543 0.034868
5 0.762638 0.411842 0.018777 0.030921
8 0.288637 0.529605 0.467501 0.933553
7 0.740010 0.581579 0.360616 0.034868
7 0.740611 0.654934 0.355561 0.028947
7 0.310905 0.531086 0.354598 0.038487
7 0.741815 0.688322 0.361338 0.031908
7 0.730862 0.313487 0.346172 0.030921
7 0.741695 0.209375 0.363987 0.030592
5 0.245065 0.290461 0.020703 0.036184
5 0.390828 0.665296 0.020944 0.031250
7 0.338710 0.392928 0.320655 0.029934
7 0.314877 0.634046 0.352913 0.037171
7 0.314516 0.771875 0.350746 0.035197
5 0.285749 0.220559 0.018777 0.031250
7 0.313794 0.462500 0.362301 0.034868
7 0.749157 0.618586 0.370246 0.031908
7 0.315720 0.566118 0.360376 0.039474
7 0.738325 0.792763 0.352913 0.030921
5 0.374699 0.594243 0.022870 0.028618
13 0.310424 0.476645 0.389745 0.786184
7 0.312350 0.115789 0.362783 0.034868
7 0.335701 0.428618 0.315118 0.031579
7 0.293211 0.325329 0.322099 0.031579
3 0.142874 0.400329 0.062350 0.105921
5 0.779730 0.549013 0.018777 0.025658
7 0.308257 0.150329 0.357487 0.034211
5 0.768296 0.170230 0.011314 0.023355
5 0.895161 0.102961 0.019018 0.044079
5 0.342561 0.561842 0.022629 0.025658
7 0.730380 0.139145 0.351950 0.034211
7 0.309581 0.599178 0.346172 0.040461
5 0.322701 0.389967 0.017092 0.028618
7 0.746630 0.550164 0.368560 0.031250
