3 0.187086 0.311520 0.026490 0.020588
7 0.678900 0.406618 0.249632 0.018137
7 0.682855 0.593505 0.250184 0.018382
10 0.795990 0.417525 0.026122 0.018873
3 0.377943 0.631985 0.021523 0.021324
10 0.401766 0.389583 0.040471 0.017402
3 0.563558 0.274142 0.025938 0.021324
7 0.308407 0.634926 0.222406 0.012500
7 0.691777 0.238603 0.218359 0.015441
7 0.299209 0.504779 0.252943 0.013480
7 0.276950 0.389093 0.204010 0.014951
7 0.681843 0.535049 0.251472 0.018627
10 0.789459 0.286642 0.030353 0.015441
7 0.634566 0.479167 0.153974 0.016176
7 0.286516 0.484436 0.228661 0.015931
7 0.231604 0.256127 0.110007 0.014706
7 0.194169 0.650490 0.045806 0.012745
7 0.682855 0.629044 0.249816 0.022794
7 0.309879 0.670343 0.227189 0.011275
10 0.396707 0.427083 0.053532 0.011520
7 0.313834 0.316054 0.220383 0.012010
13 0.680464 0.446936 0.295806 0.488480
3 0.388889 0.332475 0.016556 0.021814
10 0.326711 0.350858 0.193525 0.013971
7 0.653146 0.442525 0.145879 0.015441
3 0.184419 0.630147 0.024467 0.025000
7 0.268856 0.426961 0.189294 0.016667
3 0.186442 0.444608 0.021891 0.021569
9 0.564018 0.407108 0.024283 0.023039
7 0.690489 0.311520 0.220935 0.019118
3 0.565673 0.441789 0.024650 0.016912
7 0.660044 0.253431 0.213760 0.016667
7 0.308407 0.613235 0.221302 0.011765
7 0.271063 0.520221 0.110191 0.013971
10 0.320824 0.650368 0.196468 0.011520
3 0.770052 0.229902 0.023179 0.025000
7 0.690673 0.348897 0.223878 0.019853
3 0.186994 0.464216 0.024834 0.017647
7 0.682027 0.612500 0.250000 0.018137
3 0.184419 0.556005 0.024467 0.019363
3 0.573400 0.509926 0.040839 0.038480
10 0.780077 0.364583 0.049117 0.013480
3 0.600993 0.370343 0.020235 0.021078
7 0.312362 0.333824 0.217439 0.018137
3 0.563558 0.352941 0.025938 0.021078
10 0.777226 0.324142 0.051876 0.013480
10 0.356236 0.256740 0.134474 0.017402
3 0.565029 0.314461 0.028882 0.025000
7 0.309695 0.370588 0.215416 0.012255
3 0.566961 0.463480 0.021339 0.023529
10 0.375736 0.515564 0.092531 0.011520
7 0.678164 0.573284 0.243010 0.019118
7 0.241354 0.593750 0.137969 0.013971
3 0.192329 0.526103 0.043230 0.040441
7 0.317053 0.237990 0.227189 0.014216
7 0.279893 0.445956 0.160228 0.014951
7 0.312178 0.277206 0.216703 0.011765
13 0.300773 0.456127 0.283664 0.506863
9 0.287896 0.518873 0.075423 0.023039
8 0.280077 0.509191 0.411516 0.787990
7 0.683959 0.670343 0.250552 0.018137
7 0.312362 0.408946 0.225166 0.013971
10 0.377208 0.295221 0.098050 0.013480
3 0.389441 0.557966 0.018764 0.015441
3 0.563558 0.235662 0.031825 0.032598
7 0.324871 0.540931 0.218175 0.011765
7 0.680280 0.554289 0.247241 0.019363
3 0.185247 0.369363 0.024650 0.022549
10 0.390177 0.445343 0.057763 0.017157
10 0.768488 0.436765 0.081126 0.019608
7 0.311442 0.579289 0.224062 0.008578
3 0.189570 0.332353 0.026674 0.022059
7 0.651582 0.330760 0.194996 0.016912
3 0.184971 0.406618 0.029617 0.022549
9 0.368194 0.482108 0.061626 0.023039
7 0.688742 0.274265 0.221486 0.018137
7 0.675129 0.386642 0.239514 0.019853
7 0.201895 0.350613 0.052428 0.013971
3 0.182211 0.609926 0.025938 0.019363
3 0.182947 0.670588 0.024467 0.025000
9 0.721578 0.364216 0.060890 0.020098
7 0.701803 0.516299 0.210817 0.017892
10 0.786608 0.250123 0.036056 0.015441
3 0.181475 0.574265 0.024467 0.017157
7 0.247976 0.294975 0.144592 0.014461
10 0.414091 0.481985 0.018764 0.017402
3 0.278238 0.483824 0.024467 0.025000
10 0.757450 0.474510 0.083701 0.018137
7 0.312546 0.464338 0.222958 0.011520
7 0.684143 0.649877 0.252391 0.018382
7 0.700975 0.496814 0.212472 0.018137
3 0.186258 0.275000 0.032561 0.022549
7 0.311902 0.559191 0.228661 0.012990
7 0.653330 0.369240 0.196652 0.016912
9 0.674853 0.476716 0.067145 0.022059
8 0.703734 0.503309 0.408205 0.785539
10 0.368561 0.593505 0.100993 0.017402
7 0.691133 0.461029 0.224430 0.019608
3 0.185614 0.234191 0.026490 0.027206
9 0.697940 0.440319 0.058131 0.019363
7 0.662804 0.291422 0.217439 0.016176
7 0.668322 0.423162 0.227741 0.017402
