3 0.265533 0.199388 0.048398 0.079567
2 0.485284 0.125235 0.841073 0.112994
2 0.131458 0.491055 0.129496 0.843691
7 0.445716 0.646422 0.444081 0.016949
5 0.578483 0.524011 0.060824 0.051789
5 0.218116 0.196092 0.058208 0.056026
2 0.460432 0.804614 0.796599 0.216573
7 0.451275 0.530603 0.464356 0.016008
4 0.340092 0.378060 0.333551 0.253296
9 0.412361 0.241055 0.415304 0.038606
9 0.662852 0.236347 0.089601 0.045198
7 0.599738 0.482815 0.154349 0.018362
7 0.595814 0.330744 0.166122 0.015537
7 0.604971 0.406780 0.164814 0.016949
7 0.448659 0.246940 0.507521 0.023070
7 0.450621 0.606168 0.472204 0.019303
7 0.602027 0.370292 0.165468 0.016478
7 0.455199 0.570857 0.465664 0.017420
7 0.440484 0.202919 0.510791 0.017891
8 0.505559 0.501412 0.956181 0.936911
9 0.472204 0.188795 0.470896 0.049906
13 0.446697 0.436441 0.532374 0.543315
5 0.565729 0.641478 0.108568 0.046610
7 0.448986 0.679614 0.454545 0.024011
7 0.591890 0.289783 0.184434 0.022128
7 0.603009 0.445621 0.155657 0.018362
