7 0.550335 0.679643 0.102544 0.028529
2 0.230120 0.484079 0.291031 0.865084
8 0.500402 0.502393 0.928514 0.961715
10 0.714993 0.671544 0.218206 0.036628
3 0.442303 0.589913 0.123695 0.046751
7 0.610576 0.486195 0.435074 0.031106
13 0.603481 0.430793 0.450870 0.545003
7 0.597858 0.450120 0.432129 0.031474
7 0.600669 0.229431 0.438822 0.031106
7 0.603614 0.269464 0.441499 0.030922
3 0.443507 0.629118 0.121285 0.041598
7 0.604150 0.378336 0.403481 0.029634
7 0.593574 0.343641 0.426774 0.032395
7 0.602811 0.413860 0.445248 0.031106
7 0.659036 0.635929 0.332262 0.031290
2 0.466533 0.807473 0.768675 0.214983
10 0.700535 0.553193 0.247122 0.036628
7 0.494511 0.562028 0.205622 0.028161
10 0.712584 0.593319 0.223025 0.033315
2 0.459170 0.107399 0.744311 0.105098
7 0.557965 0.599209 0.133869 0.027793
7 0.598661 0.308853 0.423561 0.029450
3 0.435074 0.673201 0.123695 0.046567
7 0.603614 0.190502 0.449531 0.029082
7 0.592905 0.525216 0.425435 0.028897
