13 0.273245 0.478756 0.293103 0.594622
7 0.196583 0.690374 0.102217 0.029351
7 0.181342 0.312808 0.092980 0.028325
8 0.716364 0.493227 0.440117 0.715928
7 0.219443 0.722393 0.051878 0.027709
7 0.194735 0.650246 0.100369 0.029967
5 0.639163 0.526991 0.040333 0.040435
8 0.299184 0.546182 0.437346 0.729475
7 0.181573 0.349035 0.091595 0.025246
7 0.199200 0.272270 0.052032 0.037562
5 0.607374 0.175800 0.124230 0.096264
7 0.190579 0.574815 0.099138 0.038793
7 0.287946 0.381568 0.216287 0.025862
7 0.185114 0.461720 0.096829 0.025246
7 0.215209 0.756158 0.054187 0.031609
7 0.184883 0.424364 0.098214 0.022373
7 0.209360 0.498666 0.052032 0.035920
7 0.254310 0.232861 0.253695 0.021141
7 0.290794 0.606732 0.218596 0.024220
7 0.278017 0.535099 0.274938 0.022989
5 0.631158 0.272886 0.050493 0.048235
5 0.200354 0.573994 0.037408 0.046182
13 0.709129 0.451868 0.344982 0.648399
7 0.178494 0.199200 0.100523 0.027709
5 0.189501 0.311371 0.033251 0.044335
