7 0.498219 0.216087 0.639351 0.029753
8 0.494260 0.502395 0.957641 0.981594
7 0.482581 0.366868 0.626287 0.029249
7 0.470507 0.404186 0.607680 0.029753
3 0.279889 0.667423 0.110055 0.048411
7 0.583927 0.442763 0.437055 0.029249
3 0.558591 0.547403 0.128266 0.044881
7 0.487728 0.180030 0.620744 0.031266
3 0.254949 0.469869 0.212193 0.126828
7 0.499208 0.327156 0.634204 0.029501
7 0.486540 0.595058 0.631829 0.029753
7 0.498021 0.251891 0.639747 0.031770
13 0.485154 0.406455 0.667063 0.606657
7 0.485748 0.677509 0.661124 0.035804
7 0.495051 0.143722 0.626683 0.032274
9 0.465756 0.400656 0.610847 0.046394
7 0.485550 0.556606 0.614014 0.029501
7 0.489311 0.288956 0.621536 0.032274
7 0.572644 0.479450 0.410530 0.028492
7 0.495645 0.635149 0.638163 0.027736
7 0.581552 0.520045 0.439430 0.026979
2 0.905186 0.401538 0.141330 0.599849
