7 0.540391 0.076428 0.617399 0.034714
7 0.463826 0.520717 0.814026 0.027436
7 0.549933 0.768477 0.656014 0.026316
5 0.079006 0.335806 0.046161 0.038914
10 0.106081 0.878080 0.112739 0.029395
9 0.424545 0.036674 0.200178 0.029675
7 0.456502 0.207867 0.791389 0.032195
7 0.528850 0.803331 0.636041 0.027156
7 0.531957 0.140398 0.657346 0.032755
7 0.505992 0.873740 0.699512 0.027996
5 0.066356 0.514838 0.048380 0.043673
5 0.070351 0.660834 0.036840 0.036674
10 0.763870 0.413634 0.172215 0.041713
7 0.465379 0.273936 0.805593 0.030515
10 0.705504 0.733623 0.284510 0.038354
7 0.521305 0.837346 0.599645 0.026876
10 0.821127 0.800672 0.109188 0.044233
7 0.444740 0.699608 0.763427 0.026316
10 0.820240 0.143757 0.085220 0.036114
5 0.224589 0.164194 0.032845 0.033875
7 0.453617 0.339306 0.777630 0.030235
7 0.217266 0.480963 0.310253 0.024636
7 0.543276 0.173852 0.663116 0.035834
8 0.495783 0.499580 0.956946 0.980123
5 0.224589 0.834966 0.032845 0.038914
5 0.074123 0.234323 0.040834 0.027996
7 0.462494 0.447228 0.815801 0.029395
7 0.410342 0.590426 0.709720 0.025756
7 0.363515 0.305571 0.616955 0.028835
10 0.511762 0.485302 0.247670 0.043393
7 0.525522 0.108343 0.598313 0.031355
3 0.122281 0.791153 0.171771 0.138858
7 0.463382 0.375140 0.806924 0.031915
10 0.752774 0.486422 0.220151 0.045633
7 0.387705 0.734602 0.264092 0.026316
7 0.460497 0.663354 0.794052 0.027156
10 0.762983 0.591265 0.188194 0.043113
10 0.527297 0.410694 0.286729 0.045353
9 0.399245 0.732643 0.247226 0.034714
10 0.222370 0.724804 0.094097 0.023516
7 0.447625 0.627940 0.773635 0.027996
7 0.363293 0.412654 0.622725 0.030235
13 0.464048 0.463606 0.824234 0.888578
3 0.134043 0.120381 0.175766 0.114222
7 0.425655 0.036114 0.205060 0.027436
10 0.722148 0.305151 0.251221 0.041993
7 0.453617 0.556271 0.793609 0.026316
5 0.069241 0.441769 0.046161 0.034155
7 0.464714 0.239782 0.801598 0.031075
5 0.072126 0.622620 0.036840 0.035274
