3 0.215061 0.410677 0.047275 0.057223
3 0.629036 0.689288 0.027900 0.030356
7 0.669207 0.636602 0.185740 0.019191
7 0.336347 0.188416 0.205115 0.020237
7 0.321881 0.212491 0.243865 0.023726
7 0.336089 0.161200 0.209248 0.019539
8 0.245802 0.499651 0.455955 0.946964
0 0.634203 0.342987 0.242315 0.556874
7 0.296564 0.133112 0.203048 0.024075
7 0.320718 0.609211 0.242056 0.020237
3 0.345130 0.161026 0.032033 0.032449
10 0.412942 0.475401 0.070524 0.023378
3 0.215061 0.279135 0.045725 0.060014
7 0.650090 0.691556 0.225006 0.019539
7 0.327564 0.659281 0.239731 0.021284
2 0.132007 0.412945 0.111599 0.591417
13 0.328468 0.398988 0.276156 0.563503
7 0.321364 0.287160 0.244381 0.030705
8 0.698398 0.505757 0.448205 0.955687
7 0.321751 0.263259 0.257040 0.026169
7 0.324722 0.557746 0.246448 0.021982
3 0.542237 0.665387 0.064583 0.083740
9 0.322526 0.661026 0.250323 0.026169
7 0.666494 0.662247 0.182382 0.018842
7 0.303281 0.474878 0.215965 0.023029
9 0.357918 0.474006 0.035908 0.023378
3 0.212994 0.189812 0.040558 0.028611
2 0.677086 0.810188 0.395247 0.192603
7 0.324722 0.452896 0.256781 0.016748
7 0.320589 0.581647 0.244381 0.021633
7 0.320589 0.344731 0.244381 0.020935
2 0.491088 0.488137 0.033583 0.836706
2 0.820201 0.484648 0.109016 0.847174
7 0.300956 0.632938 0.199948 0.021633
7 0.330664 0.422191 0.262464 0.021633
3 0.215448 0.492324 0.048050 0.059316
7 0.321106 0.532624 0.249548 0.021982
7 0.326789 0.368283 0.258848 0.020586
13 0.638078 0.667655 0.260398 0.088974
7 0.316972 0.239184 0.241798 0.019191
10 0.415913 0.131717 0.063033 0.020586
10 0.420951 0.634334 0.058641 0.023029
3 0.212090 0.160154 0.038750 0.030705
7 0.324464 0.501570 0.239731 0.020586
7 0.324981 0.318737 0.247998 0.022680
7 0.323947 0.395499 0.258331 0.026169
