8 0.290333 0.502566 0.429803 0.833539
7 0.338516 0.269704 0.187808 0.024631
7 0.348830 0.394910 0.206589 0.026683
7 0.343596 0.296182 0.198892 0.025452
8 0.707974 0.490456 0.404249 0.826970
13 0.621459 0.236351 0.157943 0.042077
7 0.344597 0.422106 0.199661 0.024836
7 0.379002 0.243637 0.153017 0.022578
7 0.349446 0.369048 0.208744 0.025452
7 0.378772 0.215312 0.151324 0.026683
7 0.347599 0.343699 0.208436 0.025246
13 0.351293 0.329947 0.224446 0.264984
3 0.270320 0.231117 0.054495 0.052545
7 0.347060 0.319068 0.207050 0.026478
7 0.316733 0.446839 0.149477 0.020525
2 0.180496 0.407943 0.122383 0.399220
7 0.614301 0.239224 0.137469 0.034688
