7 0.626078 0.521860 0.041564 0.027709
7 0.610453 0.412767 0.071890 0.030378
7 0.712977 0.387726 0.204587 0.035714
7 0.309036 0.196839 0.134698 0.030378
7 0.285791 0.336515 0.076201 0.029762
13 0.355142 0.414101 0.242611 0.478038
7 0.346752 0.390702 0.194119 0.028530
13 0.690425 0.414101 0.255542 0.488711
7 0.328356 0.282635 0.155480 0.030378
7 0.304880 0.310140 0.042950 0.033662
7 0.614147 0.360940 0.066349 0.024425
2 0.193658 0.424056 0.113916 0.481938
7 0.666179 0.256671 0.175339 0.037562
7 0.282635 0.253695 0.075739 0.036946
7 0.354141 0.556445 0.207050 0.029557
7 0.613916 0.439860 0.070813 0.031609
8 0.731065 0.492098 0.451663 0.897989
7 0.309575 0.584154 0.044643 0.029557
3 0.291256 0.252976 0.039717 0.044951
7 0.615148 0.334565 0.071429 0.028325
3 0.293257 0.448378 0.037562 0.039614
7 0.301647 0.224651 0.041718 0.028941
7 0.627078 0.602730 0.033713 0.030993
7 0.704049 0.226190 0.103602 0.033662
7 0.631466 0.305829 0.036638 0.029146
7 0.610145 0.546901 0.071275 0.033046
7 0.323507 0.445813 0.106989 0.035714
7 0.609452 0.633313 0.067734 0.034278
7 0.289255 0.503900 0.077278 0.025041
2 0.855373 0.420053 0.098060 0.484606
8 0.297722 0.504002 0.446736 0.903325
3 0.620613 0.466954 0.034637 0.044745
3 0.620074 0.278736 0.027709 0.038177
7 0.667719 0.497640 0.180265 0.036330
7 0.306342 0.361043 0.040025 0.032430
7 0.668103 0.280480 0.183190 0.029762
7 0.630003 0.470956 0.039563 0.031814
7 0.375693 0.531301 0.178725 0.030993
7 0.349908 0.418411 0.203510 0.024425
7 0.731065 0.196223 0.154557 0.047619
3 0.611145 0.206794 0.087131 0.074097
7 0.612146 0.575636 0.067272 0.025657
7 0.286561 0.481424 0.086669 0.027709
