2 0.743842 0.301416 0.036330 0.033456
2 0.755542 0.493534 0.040640 0.039204
2 0.343365 0.407122 0.046644 0.039204
2 0.248230 0.258826 0.065733 0.061166
2 0.368381 0.567939 0.041564 0.040230
2 0.691964 0.630234 0.036330 0.037972
2 0.305342 0.621613 0.038023 0.039204
2 0.726986 0.356835 0.037100 0.033456
2 0.575585 0.264060 0.068350 0.062192
2 0.408713 0.517139 0.040640 0.040435
2 0.372306 0.353961 0.038947 0.032225
2 0.362454 0.303777 0.043257 0.035714
2 0.660406 0.438732 0.037254 0.037972
2 0.681573 0.546080 0.038023 0.033456
2 0.376155 0.463054 0.043257 0.035714
2 0.671644 0.219622 0.038793 0.033251
