7 0.682420 0.541051 0.225369 0.022167
7 0.314501 0.382287 0.181650 0.024015
7 0.678264 0.319992 0.232759 0.028325
7 0.686268 0.633621 0.229988 0.027094
7 0.682651 0.478961 0.223984 0.021141
3 0.202663 0.380644 0.053725 0.036330
7 0.299954 0.620895 0.231681 0.022167
7 0.319427 0.497024 0.194581 0.025657
3 0.593750 0.583128 0.083128 0.075944
9 0.197121 0.590312 0.033713 0.042282
7 0.315271 0.443247 0.188732 0.023194
10 0.349523 0.348625 0.128541 0.025246
13 0.304187 0.418411 0.266318 0.469007
7 0.297953 0.412767 0.220597 0.022578
3 0.201201 0.555419 0.043411 0.035714
3 0.204972 0.219725 0.046644 0.042898
13 0.682266 0.425390 0.271552 0.489943
10 0.389009 0.527607 0.057882 0.028530
7 0.677725 0.352627 0.221213 0.026273
8 0.249615 0.501642 0.466287 0.835796
3 0.592211 0.270012 0.078510 0.076560
7 0.684421 0.511289 0.231219 0.023399
3 0.203587 0.282841 0.045413 0.038998
7 0.274169 0.527196 0.177340 0.024836
9 0.793950 0.542180 0.030634 0.040846
7 0.711592 0.254002 0.160252 0.027299
7 0.320967 0.559729 0.197660 0.024631
3 0.198199 0.439245 0.045413 0.036946
9 0.650323 0.217262 0.107913 0.059319
7 0.294720 0.470443 0.221521 0.018473
7 0.681650 0.418206 0.218904 0.026478
7 0.307266 0.254721 0.238300 0.022989
7 0.684421 0.448071 0.227525 0.025041
7 0.302879 0.255131 0.234144 0.021757
7 0.708590 0.602627 0.147783 0.025452
7 0.312731 0.222188 0.169489 0.025246
8 0.720212 0.502258 0.469674 0.841544
7 0.297491 0.318863 0.222752 0.021141
7 0.706589 0.288177 0.151478 0.021757
7 0.300877 0.591133 0.225216 0.020115
7 0.250462 0.346264 0.130234 0.026683
10 0.753156 0.222496 0.086361 0.022989
7 0.711515 0.569684 0.163793 0.024836
7 0.682882 0.385468 0.226601 0.027094
7 0.635083 0.222188 0.131619 0.024425
3 0.199661 0.497640 0.045874 0.035920
7 0.313962 0.287151 0.174723 0.024220
