7 0.386433 0.443551 0.253187 0.024575
7 0.390175 0.112712 0.248476 0.045824
9 0.444083 0.702143 0.134285 0.049889
9 0.420524 0.273836 0.137057 0.046194
3 0.545177 0.177384 0.058204 0.108278
5 0.240923 0.585458 0.055848 0.071508
9 0.345759 0.369919 0.037417 0.042498
7 0.674889 0.708703 0.310976 0.026792
7 0.359618 0.181264 0.302661 0.032890
7 0.695053 0.217480 0.240161 0.031042
9 0.540951 0.412694 0.026746 0.029010
5 0.523420 0.251293 0.019401 0.038064
9 0.414288 0.536031 0.193875 0.031412
5 0.446508 0.309035 0.031874 0.044161
5 0.232885 0.417683 0.046702 0.060791
13 0.675998 0.462398 0.320122 0.736696
7 0.674058 0.582132 0.303769 0.026053
7 0.695399 0.154933 0.238082 0.034922
7 0.686669 0.515983 0.276608 0.028271
7 0.676691 0.741685 0.310976 0.024021
5 0.718750 0.150314 0.034229 0.036401
7 0.361280 0.379435 0.300443 0.025684
5 0.440757 0.242147 0.027300 0.034922
7 0.364745 0.670639 0.284922 0.025314
9 0.770164 0.213784 0.116269 0.040650
9 0.372021 0.800074 0.239606 0.046194
9 0.395579 0.762195 0.222977 0.040650
7 0.667059 0.354028 0.286170 0.027347
7 0.671840 0.322062 0.292960 0.028825
5 0.257345 0.372044 0.031874 0.036401
7 0.543930 0.448540 0.052106 0.028640
5 0.327467 0.335643 0.044346 0.045639
7 0.678977 0.679601 0.305571 0.027347
8 0.687431 0.473854 0.340493 0.762565
7 0.674127 0.548226 0.302245 0.028455
7 0.695122 0.116223 0.237251 0.030303
7 0.385394 0.406781 0.253880 0.030857
7 0.362458 0.537694 0.293376 0.024021
7 0.395302 0.764228 0.223808 0.040650
7 0.361142 0.317443 0.287140 0.029194
9 0.764620 0.445492 0.091325 0.046194
7 0.672325 0.252494 0.303076 0.044531
7 0.388096 0.603474 0.249861 0.026977
7 0.358925 0.215817 0.297395 0.031042
9 0.803354 0.342203 0.036031 0.042498
7 0.669277 0.384054 0.305571 0.029379
7 0.675582 0.647081 0.305155 0.027347
5 0.494873 0.344697 0.019401 0.036401
7 0.359271 0.246397 0.299196 0.028271
7 0.362874 0.473670 0.301691 0.031966
5 0.531042 0.495750 0.028271 0.072062
5 0.653825 0.182188 0.034091 0.045455
9 0.496674 0.372598 0.023559 0.040466
5 0.239191 0.127494 0.061530 0.060606
5 0.497228 0.280857 0.019401 0.042498
7 0.389759 0.151792 0.240992 0.029749
5 0.588900 0.154102 0.032012 0.041020
8 0.346244 0.473854 0.339385 0.780673
7 0.349085 0.348762 0.264135 0.027162
7 0.694152 0.186160 0.238082 0.025314
7 0.690202 0.483001 0.269817 0.028086
7 0.388027 0.575942 0.237805 0.026977
7 0.679254 0.777901 0.304739 0.028455
13 0.352481 0.459350 0.326912 0.745750
7 0.682095 0.420085 0.279379 0.029010
5 0.586613 0.218588 0.029656 0.042498
7 0.677661 0.811253 0.310144 0.029749
7 0.361003 0.506282 0.304047 0.029933
7 0.676067 0.614006 0.301414 0.027347
7 0.364468 0.700850 0.284368 0.030303
7 0.358301 0.276423 0.298642 0.030673
9 0.266145 0.273836 0.121813 0.038803
7 0.364399 0.637842 0.290881 0.022173
7 0.670801 0.288156 0.292544 0.031596
7 0.371328 0.799427 0.235726 0.027901
