7 0.695034 0.645746 0.301745 0.018828
7 0.316376 0.181660 0.292886 0.021618
7 0.315570 0.708508 0.286980 0.021618
10 0.800000 0.369596 0.087517 0.026499
10 0.793289 0.252441 0.106309 0.019526
10 0.818523 0.426604 0.062819 0.027545
7 0.658389 0.380753 0.227919 0.029986
7 0.311544 0.264470 0.274631 0.024756
7 0.318926 0.443340 0.287248 0.017085
7 0.701477 0.290446 0.256107 0.028591
3 0.567114 0.701534 0.040000 0.032078
3 0.560805 0.463912 0.039732 0.026151
7 0.250067 0.648536 0.166174 0.020921
3 0.188054 0.199965 0.046980 0.036611
10 0.434228 0.230997 0.071678 0.032427
10 0.810201 0.546722 0.070872 0.028591
10 0.401477 0.645572 0.164027 0.028940
7 0.699463 0.408821 0.274631 0.029637
7 0.685638 0.178522 0.286174 0.032078
3 0.555436 0.174686 0.038121 0.043933
10 0.378926 0.589261 0.203758 0.028591
7 0.657584 0.262727 0.234899 0.031729
3 0.563087 0.408124 0.040537 0.029637
10 0.776107 0.193689 0.128322 0.021967
7 0.698255 0.730474 0.303356 0.028591
9 0.383893 0.495467 0.121879 0.030683
8 0.270470 0.511158 0.461477 0.944212
3 0.195168 0.539226 0.075168 0.066597
7 0.654094 0.206067 0.220403 0.031381
7 0.347785 0.562936 0.239732 0.021967
3 0.557315 0.235007 0.048859 0.028591
7 0.315570 0.296374 0.291812 0.019526
10 0.804832 0.312064 0.092349 0.024407
7 0.692752 0.436018 0.296644 0.034519
7 0.234362 0.590481 0.131007 0.019874
7 0.682416 0.497908 0.278121 0.029289
7 0.336779 0.354428 0.263893 0.019177
3 0.188054 0.259763 0.045369 0.032078
13 0.700000 0.450139 0.344430 0.596932
7 0.691275 0.467573 0.277584 0.032775
7 0.691544 0.235704 0.295839 0.034868
3 0.563893 0.524930 0.038926 0.033124
7 0.692752 0.350418 0.296107 0.025802
7 0.312483 0.384240 0.301208 0.018828
7 0.251946 0.321653 0.162416 0.024059
7 0.695436 0.554393 0.298792 0.030683
7 0.313557 0.473152 0.292617 0.020921
3 0.560403 0.347106 0.044295 0.036611
8 0.735705 0.502964 0.471141 0.923640
3 0.566174 0.583508 0.039732 0.033124
3 0.565235 0.646269 0.040000 0.032427
7 0.260403 0.735356 0.181477 0.020223
7 0.657718 0.673989 0.222282 0.029986
7 0.700403 0.702580 0.307114 0.032775
3 0.189396 0.344840 0.045906 0.036960
3 0.184832 0.616283 0.038926 0.034519
7 0.291544 0.237273 0.242148 0.021269
7 0.307919 0.502441 0.274899 0.018828
7 0.319866 0.621688 0.295034 0.020223
7 0.691678 0.524059 0.301477 0.027197
13 0.318121 0.448396 0.328591 0.588563
7 0.337718 0.679916 0.261477 0.020223
10 0.801745 0.662308 0.098523 0.020572
10 0.397584 0.411088 0.154094 0.028591
7 0.676913 0.320781 0.261745 0.031381
7 0.349262 0.532427 0.235168 0.020223
10 0.404564 0.732043 0.152483 0.031032
7 0.696376 0.614365 0.299597 0.021618
10 0.382416 0.319561 0.176913 0.025453
3 0.560000 0.290272 0.050470 0.033124
7 0.329664 0.210077 0.258792 0.019177
3 0.189396 0.433926 0.051275 0.038006
7 0.292349 0.410739 0.245369 0.024407
7 0.708054 0.585600 0.285369 0.029637
3 0.187248 0.670328 0.046980 0.034519
