7 0.580114 0.250610 0.557315 0.026160
13 0.568081 0.827869 0.079797 0.038716
7 0.591197 0.167074 0.563015 0.028601
2 0.259975 0.478549 0.067764 0.816882
7 0.881571 0.438612 0.032932 0.074991
7 0.592464 0.747820 0.333756 0.020928
7 0.598797 0.097314 0.128562 0.020230
13 0.585814 0.216428 0.586447 0.215905
8 0.498417 0.501570 0.939835 0.982211
2 0.884104 0.477328 0.062065 0.817231
7 0.567448 0.222358 0.510450 0.026857
7 0.518366 0.305895 0.432552 0.025113
13 0.259341 0.419254 0.060165 0.108825
13 0.598480 0.098884 0.159595 0.036624
7 0.569031 0.765260 0.272958 0.018137
7 0.564281 0.830485 0.067131 0.017440
10 0.782457 0.306243 0.156428 0.023021
7 0.584864 0.194803 0.557948 0.026857
7 0.248892 0.418730 0.034199 0.087548
7 0.577897 0.278514 0.554148 0.026160
13 0.595313 0.758633 0.357188 0.050924
13 0.885370 0.437565 0.044332 0.089641
2 0.566498 0.807290 0.692210 0.159400
10 0.754275 0.769445 0.098797 0.020928
0 0.569664 0.520056 0.554148 0.415766
2 0.570298 0.095919 0.688410 0.055110
9 0.590247 0.756366 0.362255 0.046390
7 0.567448 0.137251 0.518049 0.027555
