8 0.262469 0.484093 0.440271 0.856938
7 0.680419 0.507287 0.168103 0.018268
2 0.517164 0.473933 0.046336 0.724548
7 0.660483 0.482245 0.224600 0.018268
3 0.737916 0.428879 0.015856 0.024836
2 0.686268 0.147578 0.378695 0.075944
7 0.744458 0.355090 0.055419 0.016420
3 0.567965 0.519191 0.052186 0.051108
7 0.658790 0.432471 0.222445 0.018473
7 0.727986 0.330665 0.087746 0.018883
8 0.702817 0.488916 0.438578 0.842365
7 0.657943 0.455870 0.217672 0.018883
7 0.722752 0.280172 0.077278 0.017652
7 0.722983 0.229577 0.083898 0.019089
3 0.699430 0.356014 0.032174 0.028941
7 0.660099 0.407943 0.224446 0.019089
2 0.691502 0.755337 0.371305 0.157635
3 0.732605 0.404044 0.017241 0.021962
7 0.723599 0.255029 0.078972 0.018268
7 0.656327 0.582718 0.216287 0.017652
13 0.656404 0.435037 0.250000 0.491174
9 0.638470 0.202176 0.213516 0.031199
3 0.606219 0.291256 0.149631 0.147783
7 0.679726 0.532328 0.168257 0.017447
7 0.658405 0.648707 0.224754 0.027299
7 0.656250 0.557677 0.218904 0.018883
7 0.657635 0.628284 0.225985 0.018883
7 0.658559 0.605193 0.221367 0.014984
7 0.727602 0.306445 0.082974 0.018062
7 0.645243 0.204536 0.207974 0.018678
7 0.654788 0.382081 0.213208 0.014984
9 0.748615 0.478243 0.056958 0.030378
2 0.828510 0.472906 0.100369 0.722496
