7 0.669412 0.297516 0.010006 0.112685
8 0.268396 0.489224 0.448122 0.901683
3 0.688808 0.565271 0.030018 0.032020
7 0.726832 0.544848 0.105142 0.022783
8 0.724908 0.490764 0.464901 0.898604
7 0.726755 0.516420 0.106219 0.020936
2 0.718827 0.729372 0.416718 0.232143
2 0.541102 0.471470 0.061268 0.747947
7 0.726062 0.603551 0.102371 0.021962
13 0.678648 0.557984 0.228294 0.126642
13 0.669643 0.298337 0.013239 0.116379
0 0.677417 0.297003 0.211361 0.389163
3 0.621536 0.553982 0.106989 0.118637
7 0.740764 0.574507 0.057574 0.022167
2 0.856989 0.468288 0.138239 0.754310
