7 0.735241 0.213507 0.119041 0.021619
2 0.286793 0.758222 0.368764 0.136548
8 0.269332 0.501571 0.461336 0.853474
13 0.681125 0.420732 0.259978 0.468219
3 0.722769 0.328067 0.032289 0.029010
7 0.736973 0.302938 0.114745 0.021249
2 0.453645 0.419069 0.037555 0.531781
7 0.705585 0.357262 0.183343 0.023466
3 0.739676 0.544900 0.032289 0.029564
7 0.683620 0.548596 0.221452 0.021803
3 0.592641 0.614930 0.058897 0.058389
9 0.798365 0.325111 0.022727 0.026423
3 0.701774 0.573263 0.038803 0.034553
2 0.150568 0.478197 0.098808 0.663341
7 0.681610 0.493810 0.216879 0.025684
7 0.686669 0.328899 0.242794 0.028455
3 0.732400 0.436622 0.033259 0.031412
7 0.689094 0.573356 0.236558 0.027347
7 0.730183 0.271803 0.103104 0.021064
2 0.620565 0.163248 0.221175 0.073356
7 0.685560 0.520510 0.225333 0.021434
9 0.752633 0.598392 0.014135 0.021988
7 0.712375 0.599224 0.185837 0.025499
7 0.731638 0.243256 0.105737 0.020880
3 0.736488 0.270880 0.028963 0.032890
7 0.708703 0.627494 0.172672 0.022542
8 0.728104 0.499908 0.456208 0.856800
7 0.685075 0.437454 0.231569 0.027901
2 0.631860 0.711567 0.241269 0.130081
0 0.316796 0.394863 0.218681 0.486696
3 0.592641 0.370473 0.052522 0.055802
7 0.675236 0.412694 0.217988 0.025684
7 0.684798 0.465540 0.225194 0.027162
7 0.700388 0.384793 0.171286 0.022358
2 0.538733 0.434959 0.050028 0.473392
3 0.605529 0.257391 0.136225 0.131559
