13 0.266294 0.466421 0.465578 0.410576
7 0.241290 0.325992 0.369562 0.016941
8 0.280213 0.509620 0.555426 0.572725
7 0.232289 0.484995 0.344891 0.017425
7 0.239540 0.397023 0.372395 0.017425
7 0.283381 0.598500 0.297383 0.015731
7 0.235039 0.372761 0.358060 0.017304
7 0.236039 0.349831 0.381397 0.017425
7 0.232289 0.280675 0.353559 0.017304
9 0.248458 0.550823 0.414236 0.034608
5 0.084181 0.586096 0.114352 0.063287
7 0.243957 0.461883 0.368228 0.016699
7 0.238456 0.621733 0.365894 0.016215
7 0.271129 0.418683 0.430905 0.019845
7 0.237290 0.304151 0.364894 0.016820
7 0.238540 0.643151 0.364727 0.017667
7 0.249042 0.553061 0.378396 0.018514
7 0.219537 0.530191 0.323721 0.017546
7 0.253959 0.441070 0.394232 0.018151
7 0.228705 0.507684 0.350392 0.017062
7 0.272295 0.576658 0.290882 0.016578
