2 0.171636 0.430000 0.125576 0.480317
7 0.363758 0.261587 0.128242 0.026667
7 0.676848 0.504762 0.199758 0.026667
3 0.251394 0.633810 0.036364 0.042222
7 0.678424 0.400794 0.194182 0.031429
7 0.255152 0.366508 0.036121 0.026349
13 0.342061 0.435238 0.212364 0.453333
7 0.330182 0.434762 0.181818 0.026984
7 0.691030 0.441905 0.163636 0.022857
7 0.360727 0.297778 0.142061 0.023492
3 0.262909 0.278254 0.070061 0.074603
3 0.594788 0.572540 0.041455 0.039048
8 0.270788 0.514127 0.456242 0.916508
7 0.310182 0.226032 0.137455 0.026667
7 0.334545 0.535873 0.192970 0.025397
7 0.333576 0.329206 0.185697 0.025397
7 0.676848 0.473492 0.193939 0.026349
7 0.348121 0.638413 0.167758 0.027302
13 0.674424 0.433492 0.206061 0.463175
10 0.346545 0.360476 0.164606 0.032063
7 0.342788 0.503651 0.165818 0.025714
7 0.679273 0.230635 0.192970 0.024444
3 0.249333 0.502381 0.042909 0.044127
3 0.597455 0.436032 0.041455 0.051111
7 0.331636 0.467619 0.181818 0.027937
3 0.255273 0.397778 0.044121 0.042540
7 0.336727 0.603651 0.201212 0.028889
7 0.672121 0.609048 0.185939 0.023810
7 0.672606 0.642540 0.188364 0.022222
7 0.692364 0.337460 0.169697 0.024127
7 0.679515 0.370159 0.190061 0.019683
2 0.830061 0.437778 0.117818 0.471746
7 0.336848 0.398413 0.179636 0.026667
7 0.679273 0.304127 0.192970 0.025397
10 0.737939 0.403016 0.063515 0.032063
7 0.677455 0.265873 0.191273 0.023175
8 0.731515 0.515714 0.457455 0.916508
10 0.711394 0.538730 0.108848 0.032381
7 0.686424 0.576984 0.181091 0.021270
3 0.592242 0.335079 0.046545 0.049206
7 0.327394 0.569683 0.179152 0.026984
7 0.677818 0.542540 0.196848 0.029206
