7 0.695659 0.399117 0.324507 0.047003
7 0.340440 0.359093 0.240610 0.047003
3 0.774015 0.156814 0.042488 0.040640
7 0.307266 0.497947 0.360530 0.043514
7 0.687885 0.258518 0.296644 0.051108
9 0.443812 0.270115 0.039717 0.056650
7 0.103448 0.335796 0.049877 0.020115
7 0.704126 0.444171 0.319889 0.051724
7 0.287177 0.732348 0.323430 0.041051
7 0.696890 0.166564 0.316810 0.051929
3 0.718519 0.673645 0.034945 0.032430
9 0.611222 0.384339 0.039563 0.039614
9 0.812192 0.438526 0.118842 0.065887
3 0.584744 0.520628 0.074353 0.070813
7 0.702971 0.303366 0.325893 0.051314
7 0.716210 0.763855 0.321890 0.035099
7 0.296028 0.169540 0.332204 0.049672
7 0.747614 0.486453 0.240917 0.042282
7 0.294643 0.268165 0.328202 0.045772
7 0.714517 0.624179 0.326509 0.039409
7 0.703664 0.352114 0.328202 0.048235
7 0.336592 0.405788 0.227679 0.042693
8 0.276940 0.495279 0.437808 0.928161
7 0.282712 0.636186 0.321275 0.024836
3 0.828741 0.301724 0.030326 0.046798
9 0.741918 0.235119 0.039563 0.034278
9 0.246151 0.299877 0.022783 0.060755
7 0.340132 0.544848 0.239994 0.041256
7 0.284329 0.780275 0.322044 0.036330
3 0.172799 0.377668 0.083590 0.097291
9 0.831589 0.482143 0.100062 0.047619
8 0.735222 0.499282 0.466749 0.911946
7 0.712361 0.719314 0.317272 0.035509
3 0.283020 0.305727 0.045720 0.046593
3 0.248076 0.494253 0.048491 0.038588
13 0.706358 0.467878 0.375462 0.679187
7 0.291795 0.449815 0.329280 0.045361
3 0.168334 0.568247 0.086669 0.089286
9 0.462592 0.500513 0.049569 0.063424
7 0.288562 0.685140 0.329895 0.026683
7 0.706820 0.581076 0.307112 0.036125
9 0.305573 0.262931 0.026786 0.047619
9 0.101601 0.332820 0.058498 0.044951
7 0.296336 0.219520 0.331589 0.046593
7 0.748538 0.534380 0.234760 0.039204
7 0.706897 0.669745 0.312192 0.036946
7 0.698969 0.211207 0.324046 0.050082
13 0.283097 0.496408 0.413485 0.739532
7 0.290794 0.309319 0.317426 0.052135
7 0.334129 0.593083 0.225523 0.021962
