2 0.525152 0.577882 0.049751 0.049704
1 0.743348 0.498152 0.086197 0.633777
2 0.615784 0.400591 0.038664 0.027716
1 0.299612 0.716925 0.314024 0.164449
2 0.522034 0.497321 0.033814 0.031596
1 0.634562 0.217018 0.300721 0.068921
2 0.687846 0.452421 0.025083 0.032336
2 0.553631 0.330192 0.114191 0.118625
1 0.440202 0.488914 0.048088 0.627864
1 0.203437 0.478659 0.114191 0.632114
0 0.339523 0.444660 0.188193 0.411123
1 0.314856 0.206024 0.294900 0.079453
1 0.630335 0.739560 0.301414 0.148004
1 0.495219 0.490392 0.034784 0.618625
