7 0.446649 0.353907 0.525646 0.026858
7 0.453950 0.454965 0.571696 0.026587
7 0.461812 0.520754 0.587420 0.032284
7 0.523025 0.282284 0.411082 0.025231
7 0.450768 0.722328 0.585548 0.029571
7 0.526769 0.590477 0.421565 0.019805
9 0.691876 0.518584 0.130288 0.032284
8 0.500749 0.499729 0.940097 0.930548
7 0.456758 0.421188 0.561587 0.026316
3 0.217147 0.568231 0.185698 0.078947
9 0.449832 0.210662 0.561213 0.029571
13 0.450768 0.424579 0.619244 0.660336
3 0.231000 0.298291 0.185698 0.080033
7 0.508985 0.557651 0.409959 0.026858
7 0.460876 0.147992 0.546612 0.034997
7 0.532198 0.315925 0.430925 0.024688
7 0.453388 0.387547 0.559341 0.024688
9 0.408274 0.246744 0.478098 0.027944
3 0.214901 0.141888 0.098091 0.045578
7 0.450019 0.485757 0.566080 0.028486
10 0.694871 0.242539 0.057656 0.040695
7 0.443841 0.688823 0.576189 0.029843
7 0.450955 0.215274 0.551479 0.027944
7 0.447585 0.249864 0.535754 0.032013
7 0.450393 0.623576 0.575066 0.026858
7 0.451329 0.656810 0.581430 0.028757
