7 0.260156 0.488715 0.113368 0.019593
10 0.758160 0.312252 0.019444 0.021329
9 0.207292 0.188988 0.013889 0.034722
7 0.672569 0.458705 0.210417 0.021081
7 0.593750 0.223214 0.055208 0.024802
7 0.683247 0.254588 0.161979 0.023065
7 0.683420 0.341270 0.179340 0.026786
7 0.295312 0.398810 0.179167 0.024802
8 0.285938 0.482515 0.380903 0.786458
7 0.670573 0.194072 0.211285 0.021577
3 0.574392 0.486731 0.036979 0.033482
3 0.578125 0.429439 0.040278 0.031002
7 0.630469 0.399182 0.130382 0.024058
3 0.574306 0.341890 0.040278 0.033482
7 0.667708 0.517981 0.205556 0.020585
7 0.655642 0.632688 0.178646 0.025794
3 0.220573 0.429688 0.035243 0.033482
7 0.307118 0.252232 0.212500 0.020833
7 0.667708 0.284226 0.203125 0.021825
7 0.321528 0.603919 0.169097 0.026290
7 0.324653 0.431672 0.169792 0.024554
3 0.214583 0.372396 0.030208 0.035962
8 0.679514 0.484871 0.376042 0.767361
7 0.248872 0.576513 0.088021 0.021577
7 0.307899 0.459573 0.205035 0.019841
7 0.301042 0.193452 0.200000 0.023313
9 0.240799 0.224578 0.018750 0.032490
2 0.171875 0.424851 0.042014 0.575397
10 0.693750 0.225942 0.139236 0.028770
3 0.218924 0.604787 0.031597 0.033978
10 0.396701 0.398438 0.018403 0.019097
7 0.301649 0.226562 0.202951 0.020585
3 0.579774 0.574033 0.035590 0.026538
10 0.364844 0.485987 0.092188 0.021577
13 0.665278 0.416419 0.243403 0.500992
10 0.734028 0.398438 0.072222 0.024058
3 0.223872 0.296627 0.058854 0.055060
7 0.668924 0.546627 0.203819 0.024802
7 0.656250 0.311880 0.179167 0.023065
7 0.307465 0.547123 0.206250 0.024306
7 0.305903 0.633309 0.203125 0.024554
10 0.758681 0.634177 0.022569 0.021825
7 0.668229 0.604787 0.212500 0.017609
9 0.317708 0.251240 0.017361 0.034722
7 0.304601 0.341518 0.205729 0.019841
7 0.329253 0.312500 0.146354 0.023810
13 0.299392 0.416543 0.250174 0.481895
7 0.667274 0.375124 0.201910 0.018601
10 0.352257 0.573537 0.110764 0.024058
3 0.579688 0.253472 0.042014 0.031250
7 0.687240 0.576637 0.174479 0.020337
7 0.678646 0.488467 0.173958 0.022569
7 0.332465 0.283730 0.154861 0.021329
3 0.219271 0.520709 0.033333 0.038442
7 0.682726 0.429191 0.168229 0.023562
7 0.323090 0.517857 0.171181 0.023810
7 0.325521 0.370784 0.191319 0.024306
