2 0.197616 0.551275 0.022450 0.024945
2 0.197201 0.618256 0.021619 0.024021
2 0.599432 0.238636 0.022866 0.025314
2 0.678492 0.554324 0.027993 0.022542
2 0.195538 0.231707 0.019124 0.025499
2 0.197824 0.391630 0.022589 0.023836
2 0.197062 0.303492 0.021896 0.025684
2 0.198656 0.437177 0.023697 0.022912
2 0.598046 0.354120 0.026192 0.023836
2 0.597630 0.193644 0.020926 0.025868
2 0.596868 0.444660 0.023559 0.022727
2 0.198032 0.504804 0.022173 0.023282
2 0.597076 0.399483 0.025915 0.024390
2 0.595205 0.675351 0.047395 0.053585
2 0.198240 0.686715 0.024529 0.023097
2 0.594720 0.510070 0.022034 0.023097
2 0.195884 0.184220 0.021480 0.026238
2 0.597076 0.307373 0.022034 0.023836
