7 0.279249 0.667488 0.227525 0.028736
7 0.713593 0.405583 0.221213 0.027504
9 0.760468 0.475062 0.121921 0.042488
3 0.617072 0.532738 0.101139 0.101190
7 0.709129 0.482964 0.226447 0.031609
7 0.712900 0.596162 0.219520 0.027709
13 0.277555 0.462746 0.249076 0.510878
7 0.276401 0.366585 0.224908 0.030378
7 0.279095 0.478243 0.224754 0.029967
7 0.295567 0.250616 0.168411 0.028736
7 0.281250 0.629823 0.217365 0.029762
7 0.717595 0.706999 0.230450 0.029351
7 0.270166 0.403530 0.206589 0.028325
13 0.716441 0.481322 0.256773 0.500821
7 0.275477 0.703305 0.224292 0.028941
7 0.699738 0.295669 0.191964 0.029351
3 0.345212 0.622126 0.050647 0.050493
3 0.305342 0.431650 0.051878 0.047209
7 0.706358 0.369356 0.204280 0.027299
7 0.689886 0.633005 0.177494 0.027504
7 0.279711 0.440374 0.224138 0.030993
7 0.276401 0.517036 0.218442 0.030788
7 0.280634 0.292282 0.221367 0.029967
8 0.725908 0.513444 0.473060 0.838054
3 0.329433 0.322865 0.046798 0.048851
7 0.295182 0.557061 0.167642 0.028325
7 0.740379 0.520012 0.155942 0.028941
3 0.182035 0.548748 0.055573 0.055624
7 0.738608 0.557369 0.165025 0.027709
8 0.255388 0.515086 0.467980 0.834770
7 0.280326 0.328715 0.227217 0.030172
3 0.185807 0.240148 0.060653 0.059113
7 0.272629 0.592467 0.204741 0.031404
7 0.708667 0.331794 0.209821 0.028120
7 0.702740 0.669951 0.203202 0.028325
7 0.710899 0.256568 0.222906 0.032430
7 0.710052 0.444889 0.213208 0.029762
