7 0.336284 0.517139 0.157482 0.019910
8 0.731912 0.498358 0.457358 0.881363
7 0.691349 0.437808 0.145628 0.017241
7 0.314116 0.373666 0.183651 0.021141
7 0.678494 0.582718 0.184267 0.012726
7 0.684190 0.416256 0.193812 0.029146
7 0.676493 0.581589 0.182420 0.020731
3 0.261161 0.373461 0.024169 0.023604
7 0.670336 0.392241 0.176262 0.013957
7 0.313501 0.465722 0.178417 0.025041
7 0.335206 0.515702 0.157789 0.018268
7 0.321121 0.540333 0.185961 0.016215
0 0.166564 0.709360 0.102217 0.150246
2 0.165333 0.422619 0.099754 0.414614
3 0.619689 0.230193 0.078048 0.050287
7 0.317811 0.348933 0.187346 0.023399
7 0.678956 0.319273 0.183959 0.020320
7 0.682497 0.415846 0.195659 0.013957
7 0.699200 0.556445 0.153941 0.022989
7 0.333282 0.250411 0.169027 0.027504
7 0.332666 0.247845 0.165640 0.024425
7 0.319581 0.540230 0.183190 0.019704
7 0.333975 0.396552 0.153787 0.016010
7 0.336746 0.590312 0.152863 0.017241
7 0.323507 0.419130 0.195659 0.011905
3 0.261084 0.537664 0.025862 0.023604
7 0.316656 0.274733 0.183498 0.017036
7 0.705203 0.367200 0.140702 0.025041
7 0.314193 0.348727 0.181958 0.019294
7 0.670797 0.529967 0.164871 0.020525
7 0.310422 0.562705 0.170413 0.026478
7 0.671336 0.293206 0.173030 0.018678
7 0.315425 0.225164 0.180419 0.025041
7 0.692503 0.511289 0.149784 0.013957
7 0.686115 0.464183 0.196429 0.009647
7 0.682497 0.268883 0.134390 0.016010
7 0.318889 0.491995 0.186730 0.025041
7 0.684421 0.463670 0.193350 0.023399
2 0.702201 0.367611 0.341287 0.509852
2 0.657866 0.493124 0.249538 0.580665
7 0.332435 0.394191 0.157482 0.021141
7 0.693273 0.509031 0.147629 0.015599
7 0.671182 0.343288 0.167796 0.018268
7 0.331127 0.323071 0.149631 0.017241
7 0.678802 0.221264 0.050339 0.029146
7 0.677648 0.318760 0.185961 0.012726
7 0.672799 0.342980 0.174723 0.013957
7 0.316272 0.225883 0.182728 0.018268
0 0.833436 0.699200 0.099754 0.149220
7 0.676878 0.488300 0.179495 0.017241
7 0.315425 0.371305 0.187500 0.017241
8 0.268858 0.504618 0.459206 0.874179
7 0.308651 0.297106 0.165640 0.018268
7 0.684344 0.267549 0.137777 0.021962
7 0.320505 0.491482 0.190579 0.026478
7 0.337592 0.444273 0.162562 0.017036
7 0.676493 0.486453 0.171952 0.022167
7 0.670643 0.391112 0.172876 0.014573
7 0.695736 0.557574 0.149784 0.018268
7 0.673645 0.533354 0.174569 0.017036
7 0.332050 0.322147 0.153941 0.023604
7 0.308267 0.298337 0.161792 0.014984
7 0.310268 0.563424 0.165794 0.021346
7 0.691272 0.438834 0.148553 0.021757
3 0.624153 0.366995 0.025708 0.027915
7 0.320505 0.420053 0.200431 0.018268
7 0.311499 0.466851 0.171336 0.023604
3 0.625770 0.532328 0.028941 0.025657
7 0.702971 0.365456 0.143319 0.020320
7 0.679803 0.221675 0.049877 0.021346
2 0.295259 0.447557 0.348522 0.673851
7 0.336900 0.589696 0.152863 0.018473
7 0.336669 0.443863 0.163177 0.025246
7 0.668796 0.294027 0.164871 0.017036
7 0.316733 0.274015 0.183959 0.025862
