10 0.595695 0.156564 0.084825 0.009264
7 0.371697 0.679460 0.501279 0.020646
7 0.385976 0.248941 0.547741 0.019322
10 0.568841 0.559952 0.157289 0.014029
7 0.297528 0.560746 0.365729 0.014029
7 0.314365 0.462149 0.395993 0.017999
13 0.380222 0.431975 0.567775 0.633669
7 0.305200 0.583113 0.364024 0.013764
10 0.587809 0.463870 0.129582 0.010852
10 0.603581 0.223266 0.083546 0.013499
10 0.566283 0.530836 0.162404 0.012440
7 0.305200 0.392139 0.368286 0.013499
3 0.709506 0.653520 0.053282 0.026469
7 0.336743 0.274352 0.434783 0.015087
7 0.299872 0.440048 0.360188 0.015617
7 0.778559 0.323452 0.092498 0.015352
10 0.576513 0.485177 0.141944 0.009529
7 0.358696 0.321599 0.363598 0.013764
7 0.763001 0.680916 0.160273 0.019852
10 0.600597 0.271175 0.078431 0.012440
10 0.598039 0.413579 0.104007 0.010852
7 0.328858 0.415961 0.420716 0.014558
7 0.754476 0.705664 0.148338 0.020646
7 0.755115 0.733325 0.148764 0.018793
7 0.390665 0.180254 0.540068 0.017999
7 0.760443 0.349656 0.156863 0.017470
7 0.326300 0.608920 0.401961 0.015617
7 0.311381 0.345686 0.384910 0.013235
10 0.576513 0.583510 0.147059 0.010852
7 0.367008 0.631419 0.485081 0.019852
7 0.298593 0.535336 0.354220 0.017734
7 0.307971 0.509794 0.372123 0.013235
7 0.382353 0.298968 0.513214 0.014558
7 0.291986 0.369772 0.353794 0.013764
7 0.423061 0.657623 0.473572 0.015087
7 0.309250 0.487030 0.380648 0.015881
7 0.333120 0.158285 0.428389 0.014823
7 0.370844 0.136316 0.508099 0.015881
7 0.755754 0.370566 0.152600 0.017470
3 0.142796 0.322525 0.052003 0.027792
7 0.789216 0.655506 0.098465 0.014558
7 0.341645 0.704738 0.435209 0.017205
13 0.769821 0.442165 0.181586 0.649815
10 0.598039 0.320672 0.088662 0.010852
7 0.123828 0.318290 0.004689 0.017205
10 0.609548 0.701562 0.086104 0.010852
10 0.579071 0.343568 0.131714 0.012705
7 0.755115 0.395712 0.144501 0.017470
7 0.370205 0.202488 0.499147 0.017999
7 0.374680 0.730413 0.494459 0.018793
3 0.146633 0.656564 0.054561 0.026734
10 0.573956 0.507941 0.147059 0.011117
10 0.594203 0.607994 0.106564 0.009529
8 0.497016 0.498677 0.927536 0.960826
7 0.335678 0.227369 0.438619 0.013764
10 0.575234 0.439518 0.144501 0.009264
10 0.575234 0.390683 0.144501 0.009529
3 0.704604 0.319084 0.051151 0.025675
10 0.563725 0.367125 0.157289 0.012705
