7 0.670385 0.567443 0.168376 0.036955
7 0.266560 0.504435 0.157012 0.026977
7 0.260255 0.420916 0.149113 0.035107
7 0.286516 0.358463 0.103797 0.037324
7 0.665466 0.656596 0.166297 0.048965
13 0.677384 0.390521 0.259424 0.610310
7 0.311322 0.533814 0.186669 0.036585
13 0.298711 0.389782 0.228797 0.450296
7 0.682858 0.600517 0.187223 0.031781
8 0.738775 0.497506 0.443736 0.884885
7 0.714454 0.176644 0.080238 0.052846
7 0.686322 0.272265 0.194152 0.035661
7 0.286585 0.210089 0.132483 0.036585
7 0.271064 0.273282 0.159922 0.032520
2 0.605945 0.214154 0.155904 0.288618
7 0.695191 0.298688 0.136779 0.038248
7 0.704615 0.479675 0.159507 0.027716
7 0.677384 0.362158 0.164357 0.030303
7 0.286863 0.301090 0.135532 0.029379
7 0.672395 0.334350 0.174335 0.038248
7 0.253395 0.179416 0.138997 0.032520
7 0.266283 0.332594 0.157567 0.026977
7 0.278201 0.243441 0.181402 0.028640
7 0.688262 0.537140 0.132622 0.031781
7 0.676414 0.243995 0.186253 0.029010
7 0.702120 0.390521 0.150637 0.037140
7 0.686807 0.626293 0.125831 0.035661
7 0.291020 0.388211 0.215355 0.031781
7 0.257622 0.567720 0.147450 0.027901
7 0.265382 0.595898 0.094789 0.030303
7 0.673365 0.418976 0.162417 0.033075
7 0.687777 0.508038 0.191242 0.044900
7 0.269886 0.451127 0.107400 0.028640
3 0.631860 0.197062 0.101025 0.061899
8 0.287763 0.501940 0.442766 0.894124
7 0.274598 0.478936 0.181402 0.026977
7 0.688262 0.452605 0.190272 0.034183
