3 0.199773 0.167415 0.080272 0.042789
8 0.488435 0.498953 0.962358 0.975165
3 0.197506 0.344405 0.092063 0.037702
10 0.591837 0.176990 0.098866 0.026631
7 0.467800 0.482944 0.457596 0.021544
7 0.433787 0.548773 0.541043 0.023938
7 0.470748 0.243268 0.465306 0.018552
7 0.463946 0.169360 0.451701 0.017355
13 0.427891 0.393178 0.648980 0.609814
3 0.200907 0.205416 0.085261 0.036804
7 0.465533 0.379862 0.463039 0.022442
7 0.431293 0.279473 0.542404 0.020946
3 0.200227 0.377319 0.092063 0.041891
7 0.470295 0.413076 0.461678 0.021843
7 0.464399 0.583782 0.458050 0.026332
2 0.207937 0.420706 0.355102 0.716936
7 0.428345 0.616697 0.541043 0.028127
3 0.196372 0.578695 0.097959 0.046679
7 0.463719 0.516607 0.446712 0.021245
10 0.586168 0.208408 0.127438 0.030221
7 0.480045 0.309695 0.492971 0.030521
3 0.198186 0.409037 0.087982 0.035308
7 0.459864 0.448085 0.461678 0.020646
10 0.581406 0.384201 0.117914 0.031718
3 0.197052 0.478306 0.092971 0.038600
3 0.197732 0.442699 0.097052 0.040993
10 0.489342 0.620736 0.293878 0.032615
10 0.539002 0.280371 0.183673 0.031119
3 0.199093 0.244016 0.097052 0.045183
10 0.584354 0.449132 0.109297 0.034111
3 0.185261 0.645123 0.096599 0.055057
3 0.197052 0.511670 0.092971 0.038300
10 0.511111 0.551167 0.246712 0.026332
10 0.588889 0.419210 0.116553 0.033513
3 0.198186 0.307750 0.093424 0.042789
10 0.582540 0.349940 0.108390 0.035009
7 0.473696 0.651556 0.506576 0.031418
7 0.462585 0.346349 0.458050 0.021843
7 0.468934 0.206463 0.468027 0.019749
