13 0.667376 0.587199 0.228058 0.126160
2 0.516797 0.465523 0.062219 0.702226
2 0.831677 0.467996 0.098178 0.691713
9 0.704282 0.543445 0.148096 0.036178
2 0.683227 0.731293 0.395079 0.165121
7 0.704755 0.579777 0.142891 0.021645
8 0.698604 0.503092 0.429146 0.837353
8 0.264490 0.506957 0.414952 0.840136
7 0.702626 0.606215 0.140525 0.021336
0 0.664183 0.321429 0.216466 0.414038
3 0.590135 0.574212 0.080199 0.086580
7 0.661699 0.636518 0.214336 0.021954
7 0.704400 0.550711 0.140762 0.024119
