7 0.695736 0.608785 0.200585 0.022167
3 0.233374 0.490764 0.037254 0.041051
7 0.326970 0.272578 0.200739 0.026273
7 0.690425 0.270628 0.192734 0.028941
7 0.332358 0.496100 0.167180 0.024220
3 0.608682 0.303469 0.040333 0.029351
7 0.693042 0.497537 0.191810 0.022989
7 0.310114 0.634339 0.184883 0.022783
7 0.725523 0.580973 0.139778 0.023604
7 0.339132 0.245484 0.168719 0.023399
7 0.322891 0.329741 0.192888 0.024425
3 0.622614 0.565579 0.064193 0.062603
7 0.321890 0.606117 0.187192 0.027094
7 0.314963 0.524220 0.183498 0.025862
7 0.718673 0.551622 0.124538 0.023194
7 0.697506 0.358990 0.201970 0.024220
7 0.693581 0.416564 0.206435 0.024015
7 0.318427 0.413485 0.187962 0.024425
7 0.279865 0.579536 0.125000 0.021141
7 0.302417 0.356424 0.160868 0.020320
10 0.360914 0.467775 0.121767 0.022989
10 0.760699 0.412151 0.089132 0.032020
3 0.231450 0.602011 0.048799 0.035714
7 0.707589 0.441605 0.156250 0.024015
3 0.235760 0.240250 0.036484 0.035920
3 0.238224 0.382081 0.037408 0.030583
8 0.288023 0.491995 0.422722 0.897373
8 0.726601 0.499692 0.452586 0.900041
7 0.687115 0.525452 0.178725 0.022167
7 0.692580 0.328920 0.200123 0.025657
3 0.608297 0.444171 0.037408 0.032020
10 0.387238 0.358477 0.070967 0.026888
7 0.325662 0.387315 0.185191 0.024220
7 0.708205 0.302135 0.162408 0.020936
2 0.555034 0.442837 0.070967 0.428366
7 0.693042 0.246100 0.197660 0.025041
7 0.337361 0.300287 0.171336 0.025452
7 0.696659 0.388649 0.206435 0.024015
10 0.374307 0.577689 0.089132 0.033046
3 0.238147 0.297106 0.033559 0.031814
7 0.321044 0.439347 0.196583 0.023604
7 0.694042 0.468186 0.192580 0.022989
13 0.319196 0.438321 0.220597 0.452586
7 0.274631 0.464901 0.105296 0.021757
10 0.749153 0.268370 0.096829 0.025657
7 0.316810 0.551929 0.196429 0.023399
7 0.697891 0.637007 0.205819 0.023194
13 0.700816 0.437089 0.214748 0.442323
