2 0.332630 0.408560 0.035048 0.032427
2 0.555817 0.580060 0.032939 0.027392
2 0.566364 0.305539 0.030018 0.029809
2 0.345692 0.686908 0.034886 0.034844
2 0.337660 0.572608 0.036995 0.029809
2 0.568392 0.276939 0.036021 0.032226
2 0.565796 0.225378 0.035048 0.033434
2 0.318189 0.243404 0.032127 0.034844
2 0.558819 0.608056 0.026935 0.028600
2 0.323706 0.301208 0.033101 0.023565
2 0.342690 0.628499 0.033101 0.027190
2 0.560847 0.466969 0.032939 0.032427
2 0.559792 0.523565 0.035048 0.036052
2 0.556791 0.655791 0.029044 0.027392
2 0.563362 0.411078 0.027908 0.029809
2 0.338634 0.602417 0.036995 0.027392
2 0.321191 0.275730 0.031965 0.027392
2 0.324680 0.326586 0.035048 0.027190
2 0.564822 0.334038 0.033101 0.032427
2 0.344151 0.655186 0.036021 0.026183
2 0.335713 0.517925 0.036995 0.027190
2 0.563849 0.359517 0.036995 0.028600
2 0.334172 0.491843 0.036184 0.027392
2 0.330196 0.437764 0.036021 0.025982
2 0.327113 0.381873 0.036021 0.035851
2 0.324193 0.352769 0.036021 0.022356
2 0.566364 0.248943 0.033912 0.028600
