7 0.463058 0.213447 0.463918 0.025151
7 0.455756 0.273977 0.449313 0.024145
2 0.823883 0.472166 0.213918 0.887324
13 0.469502 0.238766 0.497423 0.170355
0 0.481744 0.822267 0.204038 0.169014
13 0.506873 0.940644 0.569588 0.036217
7 0.457689 0.180416 0.460052 0.029510
2 0.577320 0.716633 0.707045 0.042254
10 0.670103 0.298625 0.059278 0.033199
7 0.503651 0.936117 0.540808 0.052649
2 0.572380 0.089370 0.734107 0.123742
7 0.474442 0.244131 0.483247 0.026828
2 0.759450 0.809524 0.359966 0.216633
2 0.297251 0.807512 0.144330 0.214621
8 0.498497 0.498156 0.952320 0.963447
7 0.469287 0.303655 0.463488 0.025151
