9 0.426684 0.148991 0.083145 0.048334
7 0.309861 0.503285 0.276829 0.028625
7 0.308572 0.315345 0.278762 0.030033
7 0.314857 0.353121 0.295198 0.027687
7 0.679343 0.632098 0.287464 0.045049
7 0.678537 0.595730 0.283274 0.042703
3 0.195778 0.160957 0.087979 0.095730
7 0.672253 0.707649 0.268772 0.045988
7 0.675636 0.435476 0.269094 0.036603
13 0.696262 0.431018 0.342572 0.686532
7 0.311473 0.274988 0.278118 0.028156
7 0.710280 0.556546 0.226233 0.037541
13 0.308250 0.436884 0.337415 0.662600
7 0.679020 0.477475 0.277796 0.039887
9 0.236384 0.696621 0.126007 0.042703
7 0.700129 0.161427 0.228489 0.040357
7 0.702224 0.199202 0.244280 0.038949
7 0.707058 0.237916 0.250725 0.036603
10 0.379633 0.687471 0.164357 0.030033
7 0.340316 0.429845 0.212697 0.026279
7 0.707541 0.516659 0.217531 0.034725
7 0.692717 0.317222 0.300032 0.045049
7 0.311956 0.580713 0.275218 0.028625
7 0.355140 0.158846 0.220432 0.025809
7 0.686755 0.396762 0.284886 0.038010
9 0.409442 0.386204 0.123429 0.042234
3 0.562037 0.525575 0.068321 0.073205
8 0.733323 0.504693 0.457299 0.955889
7 0.316629 0.658611 0.291009 0.032379
7 0.343377 0.196621 0.200129 0.028156
7 0.346278 0.465744 0.220110 0.025809
7 0.309700 0.234632 0.281018 0.030971
7 0.314534 0.619427 0.282952 0.030971
7 0.235417 0.695448 0.117628 0.029094
7 0.674831 0.671516 0.277796 0.041295
7 0.319529 0.390427 0.298099 0.026279
7 0.706413 0.275458 0.250081 0.045049
3 0.190944 0.442985 0.080889 0.079775
7 0.681276 0.357813 0.282952 0.038949
3 0.557203 0.193336 0.061876 0.193336
9 0.767966 0.471844 0.101192 0.044580
7 0.316951 0.542703 0.291009 0.030502
8 0.263616 0.509151 0.473735 0.961051
