2 0.647321 0.597291 0.018473 0.028736
1 0.660714 0.087233 0.253079 0.033251
2 0.761776 0.446531 0.018935 0.024425
2 0.582897 0.226396 0.019243 0.026273
1 0.065502 0.505439 0.069735 0.898399
2 0.671798 0.337849 0.023091 0.020936
1 0.472368 0.501539 0.034021 0.890599
2 0.624384 0.617816 0.020320 0.020936
2 0.582897 0.301006 0.014624 0.023194
1 0.265779 0.910304 0.447198 0.092775
2 0.707666 0.129105 0.016626 0.023399
2 0.697583 0.409996 0.021090 0.021552
2 0.728910 0.561063 0.020320 0.019089
2 0.752540 0.428777 0.016164 0.017241
2 0.764317 0.186166 0.018473 0.022167
2 0.658636 0.635673 0.018011 0.022167
2 0.730450 0.242098 0.020628 0.021962
1 0.260853 0.096778 0.437346 0.074097
2 0.663716 0.167180 0.018935 0.025657
0 0.272014 0.499282 0.363300 0.715722
2 0.547491 0.591133 0.032174 0.033662
2 0.741764 0.522681 0.020166 0.019499
1 0.835745 0.467262 0.092057 0.797414
2 0.726370 0.315476 0.018011 0.022578
2 0.582204 0.506979 0.017857 0.020115
2 0.549261 0.384544 0.033251 0.042898
1 0.514701 0.471162 0.035560 0.814245
1 0.690579 0.768165 0.382389 0.228859
2 0.567426 0.141010 0.057574 0.065681
2 0.543488 0.281712 0.019858 0.021552
2 0.629156 0.393062 0.020628 0.023399
