3 0.376455 0.292624 0.091850 0.032247
7 0.617400 0.133448 0.584088 0.024700
7 0.430142 0.327444 0.205692 0.018868
7 0.491915 0.437050 0.291721 0.019897
3 0.362549 0.429331 0.075679 0.024357
7 0.633247 0.410806 0.481242 0.020926
7 0.614489 0.244768 0.564036 0.020926
7 0.617076 0.302401 0.545925 0.022298
10 0.861255 0.407204 0.044631 0.018525
13 0.615783 0.276329 0.587322 0.345455
7 0.614166 0.218353 0.581501 0.022298
8 0.500323 0.499828 0.938551 0.979074
0 0.601229 0.608405 0.562096 0.320755
2 0.589263 0.815437 0.711514 0.095369
2 0.911384 0.456947 0.080207 0.782161
2 0.278784 0.457976 0.077620 0.793825
7 0.595408 0.160206 0.537516 0.022642
7 0.611255 0.189365 0.566624 0.023328
10 0.684994 0.377015 0.419146 0.021269
7 0.418176 0.381647 0.192109 0.021612
10 0.754204 0.431218 0.274256 0.016467
10 0.695343 0.323328 0.398448 0.019554
7 0.591850 0.356089 0.517464 0.019897
7 0.604463 0.272556 0.559508 0.020926
2 0.598965 0.094168 0.708926 0.054545
3 0.364489 0.347341 0.086028 0.031904
3 0.363519 0.401887 0.073739 0.028473
