3 0.249540 0.586275 0.043598 0.027451
7 0.646431 0.447672 0.121413 0.019853
2 0.713760 0.162377 0.348418 0.101716
7 0.690029 0.315074 0.185063 0.018873
7 0.660504 0.366054 0.152870 0.021324
3 0.255887 0.364951 0.065121 0.061765
7 0.362307 0.358578 0.143672 0.020588
3 0.248620 0.508701 0.040287 0.032108
2 0.290931 0.156127 0.333517 0.106863
3 0.591060 0.314093 0.041943 0.039951
7 0.356880 0.387377 0.136865 0.021324
7 0.332689 0.487990 0.199227 0.021078
3 0.597958 0.229167 0.050589 0.041176
10 0.381806 0.562868 0.097682 0.035539
7 0.301325 0.568137 0.144224 0.019118
7 0.343635 0.462990 0.178808 0.019118
10 0.353937 0.430515 0.156733 0.028676
10 0.743102 0.286152 0.073767 0.036520
3 0.254231 0.298652 0.046358 0.029657
9 0.412896 0.274142 0.033297 0.026716
3 0.253771 0.325000 0.040287 0.029902
7 0.684511 0.634069 0.201619 0.020098
7 0.696928 0.606495 0.165747 0.019363
2 0.706770 0.727083 0.355040 0.169363
9 0.423749 0.299877 0.023363 0.031127
9 0.378679 0.328064 0.060155 0.030147
7 0.687638 0.394363 0.182855 0.023039
7 0.334069 0.620343 0.206034 0.028922
7 0.330022 0.435294 0.191317 0.017157
3 0.597498 0.388848 0.054820 0.034069
10 0.737123 0.361520 0.078734 0.025000
7 0.346946 0.595588 0.175129 0.025000
7 0.680096 0.420956 0.192421 0.023284
3 0.600074 0.523529 0.044518 0.041176
8 0.725809 0.478186 0.426233 0.838235
10 0.719555 0.445466 0.115710 0.033088
7 0.678532 0.578676 0.181567 0.020098
7 0.680923 0.340931 0.193709 0.019608
7 0.661884 0.290074 0.182119 0.023284
2 0.176049 0.457353 0.107432 0.703922
7 0.700515 0.235907 0.159676 0.020343
7 0.684419 0.552328 0.199227 0.020343
7 0.331862 0.224755 0.198675 0.021078
7 0.682119 0.262623 0.192789 0.020343
3 0.591979 0.468750 0.043782 0.029657
7 0.338392 0.253186 0.204746 0.021569
7 0.342899 0.330882 0.134658 0.014706
13 0.678532 0.427206 0.221302 0.432843
3 0.595015 0.598775 0.042862 0.038725
7 0.332689 0.413848 0.198492 0.018382
7 0.332230 0.542402 0.194628 0.023039
7 0.690029 0.525613 0.174025 0.024265
13 0.334253 0.421569 0.214864 0.424020
3 0.246965 0.455025 0.043598 0.027206
7 0.679176 0.500613 0.187638 0.019853
7 0.346946 0.515564 0.178072 0.021814
7 0.355316 0.306005 0.152134 0.019853
3 0.252943 0.271936 0.050405 0.035539
7 0.675313 0.478676 0.203826 0.021078
7 0.353937 0.281127 0.155997 0.020098
8 0.292770 0.480392 0.419242 0.839706
2 0.833425 0.463480 0.103569 0.703922
2 0.304636 0.722059 0.370125 0.179412
