0 0.588292 0.286852 0.391872 0.297626
7 0.638607 0.649594 0.506047 0.016864
7 0.637397 0.605559 0.501693 0.017489
7 0.641993 0.627889 0.511853 0.017801
7 0.837929 0.202530 0.100629 0.015928
7 0.640300 0.537477 0.507499 0.016864
7 0.844219 0.331355 0.120948 0.016240
7 0.836720 0.312617 0.111756 0.016240
7 0.844219 0.357121 0.119013 0.019051
7 0.835994 0.223923 0.113208 0.016240
13 0.647315 0.411149 0.530237 0.544972
7 0.642477 0.474079 0.505080 0.017489
2 0.270198 0.412555 0.217223 0.547783
7 0.850992 0.403966 0.105467 0.016552
7 0.641026 0.581668 0.512821 0.016552
7 0.641509 0.673485 0.507015 0.015928
8 0.492017 0.496252 0.956942 0.978763
7 0.847847 0.158339 0.124335 0.018738
7 0.842767 0.291693 0.116110 0.015615
7 0.837446 0.247189 0.113208 0.016552
7 0.841316 0.183167 0.120948 0.017801
7 0.637639 0.560119 0.506047 0.015928
7 0.652153 0.450968 0.516691 0.017489
7 0.847121 0.380387 0.120948 0.016864
7 0.839381 0.268738 0.115143 0.015928
7 0.635704 0.514991 0.500242 0.016240
7 0.846154 0.427545 0.119981 0.016864
7 0.636430 0.493910 0.490082 0.017177
3 0.807934 0.155996 0.048379 0.030918
