10 0.435338 0.599400 0.326175 0.027592
7 0.231568 0.601114 0.089477 0.020051
2 0.129921 0.435304 0.140062 0.735904
7 0.396206 0.518595 0.084228 0.018166
7 0.501074 0.544644 0.184204 0.020908
8 0.505965 0.498800 0.910761 0.969152
2 0.457528 0.719280 0.773801 0.218680
3 0.252207 0.526478 0.184681 0.109340
0 0.392985 0.275664 0.392269 0.372408
10 0.518253 0.517052 0.150799 0.028792
2 0.715939 0.448500 0.256979 0.760240
7 0.474708 0.571208 0.237414 0.018509
3 0.379862 0.540788 0.064424 0.034105
7 0.460988 0.491431 0.215700 0.017995
13 0.382963 0.544130 0.427583 0.147044
