2 0.455566 0.113629 0.787652 0.077837
7 0.383770 0.539544 0.526193 0.029384
10 0.577643 0.666771 0.098223 0.048140
3 0.234097 0.248203 0.220299 0.188809
2 0.450655 0.763832 0.785313 0.127227
2 0.749065 0.449203 0.188494 0.756486
7 0.493686 0.317287 0.278297 0.027509
13 0.387278 0.425602 0.522919 0.541107
7 0.409729 0.414661 0.430309 0.025320
7 0.379794 0.623320 0.501403 0.026883
7 0.352900 0.668959 0.444808 0.027509
2 0.098924 0.449828 0.065949 0.755236
10 0.600795 0.354798 0.088400 0.048140
7 0.491581 0.281651 0.295603 0.028759
3 0.162067 0.401532 0.100561 0.048453
7 0.359448 0.499844 0.464453 0.016880
7 0.382601 0.459519 0.507951 0.025008
7 0.499766 0.235855 0.290458 0.025320
3 0.325304 0.534229 0.118335 0.056268
7 0.503508 0.185370 0.296071 0.028759
7 0.381899 0.582057 0.505613 0.024383
7 0.385407 0.370428 0.487371 0.025633
8 0.495557 0.500625 0.967727 0.956236
