13 0.392132 0.438874 0.526650 0.549908
7 0.453363 0.312500 0.381345 0.027015
7 0.450825 0.695055 0.241751 0.025641
7 0.376904 0.591346 0.451777 0.030678
3 0.216371 0.475733 0.135787 0.058608
1 0.352157 0.774954 0.592640 0.215659
7 0.395939 0.371337 0.470812 0.027473
8 0.496193 0.498626 0.932741 0.954212
3 0.197018 0.552427 0.103426 0.034341
7 0.243972 0.618819 0.189721 0.027930
7 0.403553 0.250687 0.480964 0.029762
2 0.100888 0.369734 0.090102 0.594780
10 0.484772 0.624771 0.276650 0.023352
3 0.205266 0.306777 0.102157 0.032967
7 0.446383 0.559524 0.383883 0.029304
7 0.379442 0.528846 0.454315 0.032051
10 0.542513 0.405449 0.189086 0.020604
7 0.445431 0.656136 0.401015 0.032967
7 0.477475 0.469322 0.345812 0.028388
7 0.394353 0.218864 0.465102 0.028388
7 0.297272 0.403388 0.288706 0.026557
7 0.261421 0.280678 0.210660 0.026557
3 0.210025 0.188416 0.088832 0.034341
3 0.200825 0.428114 0.100888 0.029304
2 0.357234 0.119963 0.592640 0.095238
7 0.401015 0.342491 0.483503 0.026557
7 0.437500 0.436584 0.357234 0.027015
3 0.190355 0.646520 0.090102 0.036630
7 0.448604 0.192537 0.366751 0.027930
10 0.506345 0.283883 0.255076 0.020147
7 0.477157 0.500916 0.345178 0.028388
9 0.521574 0.434295 0.200508 0.027930
