3 0.580943 0.286133 0.030738 0.029785
7 0.290642 0.564209 0.195014 0.023438
3 0.582992 0.497314 0.033811 0.032227
7 0.627732 0.257202 0.119877 0.026123
7 0.692111 0.644531 0.174180 0.029297
7 0.259221 0.473145 0.127732 0.021484
7 0.669997 0.434937 0.195867 0.030518
3 0.588029 0.649536 0.030567 0.039307
7 0.297643 0.653076 0.214139 0.025391
7 0.221141 0.385376 0.050546 0.021729
7 0.670680 0.312866 0.199283 0.029541
7 0.309170 0.502441 0.177083 0.023438
3 0.206370 0.413940 0.032275 0.036865
10 0.732497 0.251099 0.079406 0.018799
7 0.293374 0.534912 0.195697 0.024414
7 0.690403 0.402100 0.173497 0.031250
3 0.203637 0.291138 0.031933 0.035400
7 0.679047 0.524048 0.208504 0.030518
8 0.695953 0.484131 0.419228 0.837891
3 0.203210 0.625732 0.029030 0.035156
7 0.674266 0.342163 0.204406 0.029053
7 0.307548 0.290771 0.174180 0.023926
7 0.675376 0.585205 0.196721 0.028320
7 0.669911 0.223755 0.201503 0.031494
3 0.206370 0.502563 0.032275 0.034424
7 0.277152 0.261963 0.162568 0.022461
7 0.307462 0.412842 0.169570 0.023438
7 0.275017 0.595825 0.156933 0.023682
7 0.686475 0.493530 0.167691 0.030029
10 0.713456 0.464722 0.127391 0.010498
10 0.379013 0.261230 0.037056 0.032227
7 0.298583 0.320557 0.205772 0.024414
3 0.583846 0.560059 0.033811 0.032227
10 0.376452 0.593262 0.043204 0.019043
10 0.744279 0.369507 0.057206 0.012451
10 0.756660 0.614502 0.035178 0.029297
7 0.685707 0.282471 0.174693 0.031738
3 0.579833 0.412231 0.042520 0.042725
7 0.299436 0.231689 0.210895 0.023438
10 0.361083 0.473755 0.070867 0.013916
7 0.299693 0.444702 0.210724 0.022705
7 0.309255 0.625366 0.179645 0.023682
7 0.294997 0.353027 0.198258 0.022461
8 0.265881 0.498169 0.427937 0.835693
13 0.682548 0.441528 0.256148 0.479248
10 0.322575 0.383423 0.145150 0.017334
7 0.691428 0.553955 0.177596 0.028320
7 0.655908 0.616089 0.157445 0.025635
13 0.296619 0.442749 0.235314 0.486084
7 0.608607 0.468140 0.072063 0.023193
7 0.641991 0.375122 0.140881 0.027588
