2 0.242896 0.430078 0.039783 0.041406
2 0.607442 0.356836 0.051691 0.051953
2 0.612585 0.483984 0.039783 0.039062
1 0.283627 0.150195 0.328552 0.106641
2 0.605413 0.421289 0.047632 0.040234
2 0.248444 0.531250 0.038430 0.041406
2 0.608119 0.254492 0.040595 0.040234
1 0.161570 0.478320 0.087686 0.763672
1 0.897835 0.462695 0.105277 0.746484
2 0.243708 0.224219 0.041407 0.046094
1 0.774696 0.781250 0.346685 0.132031
1 0.759134 0.141211 0.344249 0.101172
2 0.614614 0.587500 0.037348 0.039062
2 0.248579 0.630078 0.043031 0.036719
1 0.285521 0.792188 0.337212 0.140625
2 0.617456 0.691016 0.044655 0.050781
2 0.246143 0.291797 0.041407 0.041406
2 0.623816 0.536328 0.062246 0.065625
