7 0.642922 0.632548 0.180853 0.019955
7 0.398679 0.430931 0.180741 0.022020
7 0.378923 0.356184 0.142357 0.021504
7 0.646873 0.489076 0.184918 0.019955
8 0.348668 0.516085 0.343983 0.849131
2 0.788158 0.438844 0.077783 0.511612
7 0.415557 0.261741 0.150147 0.019783
3 0.322759 0.215551 0.034545 0.027525
7 0.397437 0.407707 0.184579 0.021331
3 0.323041 0.307758 0.036238 0.030965
2 0.252653 0.463960 0.093023 0.526062
7 0.643825 0.559436 0.178596 0.019955
7 0.645800 0.683812 0.194965 0.019955
7 0.650881 0.536986 0.188417 0.020471
7 0.646873 0.297437 0.186950 0.019611
13 0.396986 0.458627 0.188417 0.518837
7 0.642301 0.253140 0.187288 0.021848
3 0.324114 0.264579 0.039512 0.028557
7 0.644163 0.273955 0.180176 0.019095
10 0.476631 0.283847 0.029126 0.025116
7 0.387108 0.285051 0.154211 0.019611
7 0.395349 0.601755 0.178596 0.027180
7 0.420975 0.550834 0.127794 0.022020
8 0.687401 0.506193 0.335742 0.847239
7 0.415105 0.213057 0.148792 0.021159
7 0.646647 0.228798 0.189207 0.020987
9 0.318187 0.504645 0.022691 0.026320
7 0.648115 0.659642 0.188530 0.018751
7 0.413637 0.378892 0.149921 0.023224
7 0.396365 0.675813 0.185821 0.029417
7 0.645688 0.607088 0.178483 0.019611
7 0.647155 0.320145 0.190901 0.022364
9 0.587830 0.534062 0.024159 0.028385
7 0.642131 0.584208 0.174531 0.020643
7 0.397832 0.625667 0.180853 0.025116
7 0.648566 0.367882 0.193497 0.020815
7 0.648284 0.513160 0.183224 0.019611
7 0.398623 0.527697 0.182886 0.025976
3 0.321348 0.386461 0.037367 0.037674
7 0.397945 0.702563 0.184466 0.027869
13 0.647324 0.446069 0.198239 0.511612
7 0.423515 0.574574 0.125198 0.023740
7 0.396929 0.453036 0.180176 0.022880
9 0.458343 0.523568 0.053737 0.027008
7 0.650316 0.201445 0.194288 0.023052
7 0.400034 0.502924 0.188869 0.022880
9 0.608602 0.654309 0.018740 0.028385
7 0.400147 0.653449 0.185030 0.027352
9 0.459133 0.449424 0.014450 0.025288
7 0.646365 0.416910 0.189998 0.021848
7 0.396083 0.239721 0.181192 0.020815
3 0.332637 0.566489 0.061075 0.057801
7 0.648905 0.467143 0.186950 0.018063
7 0.647381 0.393945 0.192030 0.022020
7 0.411323 0.308791 0.150937 0.021331
9 0.474938 0.377688 0.040415 0.028729
10 0.473075 0.356270 0.046173 0.020987
7 0.397720 0.477292 0.179950 0.023912
7 0.646760 0.442801 0.184014 0.021676
7 0.648623 0.344831 0.189095 0.022192
7 0.401784 0.330036 0.193497 0.021848
