7 0.344058 0.529762 0.296182 0.025041
3 0.613300 0.210181 0.026170 0.028736
7 0.354372 0.340825 0.275862 0.025657
7 0.701663 0.694171 0.305419 0.035714
3 0.223753 0.129618 0.050954 0.059729
3 0.735914 0.156507 0.030018 0.033867
7 0.720058 0.262521 0.239686 0.022989
7 0.685191 0.157225 0.296182 0.028325
7 0.340132 0.394397 0.293257 0.026067
7 0.698507 0.560961 0.299107 0.032020
9 0.685807 0.205665 0.034175 0.042693
7 0.684036 0.128695 0.300031 0.025041
3 0.412331 0.366174 0.021706 0.029967
3 0.562962 0.753900 0.029249 0.027094
3 0.325277 0.799774 0.026786 0.025246
13 0.345905 0.457820 0.310653 0.727627
7 0.340055 0.723317 0.293719 0.022167
7 0.700585 0.667693 0.310961 0.033251
7 0.691272 0.721983 0.276324 0.032635
7 0.341826 0.448173 0.293257 0.025246
7 0.345135 0.175698 0.294335 0.029557
3 0.286638 0.471470 0.028633 0.027915
7 0.703433 0.745895 0.312346 0.031609
7 0.697044 0.616482 0.305111 0.032225
3 0.371459 0.556650 0.025246 0.028736
3 0.588362 0.538690 0.028325 0.029762
7 0.343211 0.585489 0.296644 0.025246
7 0.690117 0.182984 0.296490 0.026478
3 0.560807 0.622434 0.028017 0.028941
7 0.698276 0.534175 0.300185 0.032225
7 0.798337 0.822044 0.017857 0.010263
3 0.724754 0.318863 0.023091 0.036741
7 0.341903 0.610940 0.292488 0.024015
7 0.341287 0.803982 0.295259 0.022578
3 0.559190 0.456076 0.028479 0.032841
7 0.346444 0.202176 0.296336 0.028736
3 0.301955 0.254002 0.032789 0.032635
7 0.697737 0.589183 0.297876 0.032225
3 0.745151 0.557061 0.031558 0.035714
7 0.710745 0.455460 0.276170 0.027915
3 0.324661 0.172516 0.029249 0.029762
7 0.690194 0.800390 0.268935 0.031814
7 0.339901 0.748871 0.297414 0.021141
7 0.343750 0.284996 0.299261 0.027709
8 0.310037 0.492611 0.412562 0.923645
3 0.562038 0.675595 0.027709 0.030583
7 0.371459 0.150041 0.247537 0.026273
8 0.725600 0.491790 0.418565 0.921182
3 0.712823 0.770218 0.027863 0.027299
7 0.341287 0.775349 0.292180 0.021552
7 0.696121 0.426006 0.296182 0.028120
7 0.720982 0.291051 0.240917 0.022989
7 0.693427 0.344725 0.299107 0.025246
7 0.343057 0.475985 0.297568 0.025862
7 0.692041 0.372947 0.301262 0.025862
3 0.255388 0.745177 0.026786 0.030993
3 0.773168 0.369048 0.030634 0.032841
7 0.696813 0.481630 0.300954 0.028941
7 0.372075 0.120998 0.240148 0.026478
3 0.363762 0.419745 0.025246 0.027094
7 0.692272 0.319787 0.301724 0.027094
3 0.446890 0.611043 0.030788 0.029967
7 0.340594 0.313218 0.293565 0.026683
7 0.344366 0.502771 0.295567 0.025246
9 0.826201 0.233990 0.035099 0.037767
9 0.732759 0.234503 0.032635 0.032635
3 0.340363 0.500308 0.028633 0.028120
13 0.698507 0.471880 0.335437 0.729475
7 0.685961 0.238300 0.291256 0.027504
7 0.341518 0.693760 0.301262 0.023810
7 0.340209 0.637623 0.297106 0.023604
7 0.707050 0.772578 0.304495 0.032430
7 0.687500 0.210283 0.298337 0.026888
7 0.342518 0.559011 0.292796 0.024836
7 0.698199 0.399323 0.299107 0.025246
7 0.345751 0.257081 0.294951 0.027709
7 0.699507 0.507492 0.301108 0.030583
3 0.206974 0.334052 0.024477 0.028941
7 0.344135 0.230193 0.293565 0.028120
7 0.698584 0.642857 0.301724 0.035304
7 0.344058 0.419951 0.296182 0.025041
3 0.349908 0.692837 0.034483 0.027709
3 0.566041 0.281404 0.056034 0.062397
7 0.341903 0.665333 0.302340 0.021962
7 0.343750 0.367713 0.297414 0.029351
