2 0.577815 0.561642 0.032745 0.025245
2 0.275570 0.286275 0.026858 0.022059
2 0.279341 0.405147 0.028514 0.024020
1 0.701987 0.166667 0.302060 0.090686
2 0.274834 0.236397 0.028330 0.030147
1 0.308499 0.172672 0.284400 0.087990
1 0.800405 0.426716 0.105592 0.610784
2 0.278606 0.522794 0.029985 0.024020
2 0.632910 0.344730 0.025938 0.027206
2 0.378127 0.451961 0.034400 0.025980
1 0.315305 0.697794 0.298013 0.110294
2 0.396155 0.620588 0.028514 0.027941
2 0.726821 0.389216 0.023179 0.025490
2 0.277870 0.333211 0.028514 0.028186
2 0.716703 0.606127 0.027226 0.023529
1 0.705758 0.686029 0.295254 0.124510
1 0.211921 0.439583 0.091244 0.631618
2 0.641740 0.274142 0.029985 0.027206
2 0.366170 0.570833 0.025570 0.027941
2 0.683315 0.462868 0.031457 0.027206
