7 0.284299 0.484109 0.196092 0.036955
7 0.662209 0.375185 0.187223 0.043422
3 0.237251 0.310883 0.044623 0.047487
7 0.595344 0.507299 0.071231 0.033075
7 0.276885 0.414819 0.183204 0.041020
7 0.283814 0.282797 0.199002 0.035661
7 0.217988 0.513858 0.079268 0.032890
3 0.618140 0.637288 0.035615 0.039542
7 0.599293 0.475517 0.055571 0.033075
7 0.598323 0.667775 0.059451 0.034368
7 0.214454 0.448448 0.066380 0.039542
3 0.235795 0.545270 0.035615 0.041020
7 0.695399 0.206855 0.077328 0.047487
7 0.618140 0.734387 0.029795 0.035661
7 0.217503 0.350055 0.070261 0.038248
7 0.603797 0.410107 0.072339 0.026423
3 0.614191 0.408167 0.037694 0.046194
7 0.662209 0.276792 0.193043 0.039542
7 0.598323 0.698725 0.059451 0.038248
7 0.215978 0.218034 0.057511 0.032890
7 0.596799 0.537602 0.068320 0.035661
7 0.597353 0.604305 0.061391 0.037140
7 0.220482 0.583795 0.058481 0.035661
7 0.214523 0.615576 0.064302 0.033075
8 0.299681 0.537324 0.442766 0.846637
7 0.223392 0.313101 0.076220 0.040835
7 0.596868 0.307834 0.060421 0.030303
8 0.731499 0.535292 0.440826 0.845159
7 0.594374 0.338877 0.067350 0.036955
7 0.219512 0.550166 0.074279 0.037140
7 0.675028 0.636641 0.208980 0.038248
13 0.664149 0.466925 0.228797 0.573171
7 0.214523 0.379804 0.060421 0.031596
7 0.598808 0.569290 0.054601 0.032890
13 0.281389 0.414819 0.233786 0.450480
7 0.217919 0.251016 0.075249 0.033075
7 0.666159 0.442443 0.200942 0.035661
3 0.608717 0.226256 0.107955 0.079268
