7 0.380405 0.566149 0.114191 0.016630
7 0.384839 0.588137 0.122783 0.014412
9 0.430848 0.423780 0.018016 0.023097
7 0.356361 0.398836 0.163110 0.019032
13 0.357955 0.451681 0.185421 0.373060
7 0.358440 0.307927 0.166713 0.017554
7 0.361003 0.520048 0.172672 0.017554
7 0.356430 0.423596 0.164080 0.018293
7 0.356569 0.329638 0.166297 0.018847
7 0.361280 0.374815 0.176275 0.017554
3 0.291990 0.573633 0.062084 0.056726
7 0.355529 0.496397 0.163941 0.017923
7 0.357192 0.353104 0.168930 0.016999
8 0.682303 0.521988 0.369873 0.701774
9 0.422603 0.567905 0.042822 0.026792
9 0.375208 0.375000 0.014551 0.023097
8 0.309867 0.515244 0.359756 0.706393
7 0.358855 0.285107 0.168653 0.017369
7 0.377633 0.473854 0.112251 0.018293
7 0.356984 0.613359 0.169900 0.019032
9 0.398004 0.280303 0.021341 0.027716
2 0.232470 0.449464 0.082456 0.373060
7 0.379781 0.448356 0.117378 0.018293
7 0.359202 0.542036 0.172672 0.017554
9 0.384216 0.398928 0.014551 0.022912
3 0.295385 0.456301 0.055294 0.057834
9 0.415951 0.304324 0.013165 0.025868
9 0.282012 0.352365 0.024945 0.024021
