7 0.675636 0.434134 0.218909 0.017699
10 0.726909 0.384956 0.105818 0.018458
7 0.672273 0.551201 0.203091 0.018710
7 0.736091 0.337927 0.058727 0.018458
7 0.735182 0.217320 0.066727 0.019469
2 0.259636 0.136789 0.317091 0.059671
7 0.681000 0.527813 0.191455 0.016941
2 0.715364 0.140708 0.314727 0.064475
7 0.592091 0.360430 0.052182 0.014412
7 0.737636 0.313527 0.076000 0.019216
3 0.624545 0.276991 0.135273 0.134766
3 0.576636 0.522503 0.028545 0.032111
10 0.759182 0.551580 0.038364 0.019469
8 0.723545 0.501138 0.470000 0.904678
2 0.146364 0.452971 0.079273 0.692035
7 0.687545 0.480152 0.171818 0.020733
2 0.835818 0.456764 0.089091 0.690518
7 0.682909 0.623135 0.189091 0.017952
3 0.579909 0.380910 0.028545 0.021492
0 0.309182 0.407838 0.211455 0.445512
7 0.737091 0.241087 0.073091 0.018458
7 0.734273 0.265740 0.064182 0.019216
7 0.675182 0.598609 0.208182 0.019975
7 0.686273 0.411504 0.181636 0.019469
7 0.740364 0.289254 0.062545 0.019216
7 0.681182 0.574336 0.211455 0.017952
2 0.722455 0.730088 0.315818 0.143869
9 0.721727 0.429330 0.126727 0.019722
10 0.723182 0.596839 0.120545 0.020986
8 0.259091 0.496587 0.465455 0.904678
3 0.711545 0.283818 0.025273 0.023009
7 0.692545 0.458028 0.166545 0.018963
3 0.580545 0.615171 0.032000 0.033881
9 0.755909 0.403287 0.041636 0.027813
7 0.665182 0.504551 0.196182 0.017952
3 0.581000 0.409229 0.026364 0.029077
10 0.699545 0.360430 0.159818 0.018458
2 0.263000 0.730847 0.316909 0.145386
3 0.587636 0.462958 0.046182 0.050569
13 0.677909 0.410872 0.233273 0.491530
7 0.629455 0.387990 0.116364 0.019975
3 0.580545 0.570038 0.029818 0.029077
