7 0.341341 0.454254 0.214330 0.025641
7 0.338208 0.551428 0.205139 0.025350
7 0.339983 0.320367 0.207855 0.027681
7 0.670984 0.349068 0.198872 0.026224
13 0.343221 0.413024 0.239398 0.451923
7 0.334552 0.220571 0.197410 0.025641
7 0.335910 0.252768 0.204303 0.027681
7 0.664508 0.217220 0.198872 0.027681
7 0.667955 0.514423 0.191560 0.025350
13 0.668477 0.412150 0.229789 0.443765
7 0.671820 0.283362 0.208899 0.027681
7 0.355128 0.519814 0.184249 0.024476
7 0.669835 0.250874 0.208272 0.026807
7 0.674953 0.545309 0.200543 0.024767
7 0.670566 0.383013 0.198872 0.025350
7 0.667328 0.416667 0.191978 0.025058
3 0.719866 0.440705 0.044287 0.043998
3 0.738772 0.309732 0.045749 0.041958
7 0.671193 0.315705 0.208064 0.029429
3 0.332567 0.280157 0.043451 0.041084
3 0.248485 0.413170 0.050762 0.041375
7 0.669313 0.448572 0.199708 0.027681
8 0.731982 0.482226 0.462920 0.920746
7 0.674640 0.577652 0.199499 0.022436
3 0.245770 0.512238 0.049927 0.041375
7 0.340923 0.386218 0.197619 0.025932
7 0.342386 0.486597 0.206810 0.026807
7 0.335910 0.354021 0.196783 0.026807
3 0.580322 0.602418 0.053478 0.041084
8 0.270733 0.489802 0.457071 0.918998
7 0.341654 0.582459 0.207019 0.026224
3 0.313558 0.608246 0.049300 0.047494
7 0.671193 0.482517 0.198454 0.025641
7 0.352831 0.421474 0.166701 0.025932
7 0.342699 0.613491 0.217464 0.024767
7 0.677146 0.607226 0.182787 0.023893
7 0.331105 0.285985 0.191769 0.028263
