2 0.663733 0.408352 0.032289 0.021434
2 0.566103 0.297210 0.041020 0.036031
2 0.439856 0.582687 0.029933 0.023097
2 0.706693 0.457871 0.031735 0.020695
2 0.404379 0.691796 0.029933 0.020695
1 0.355183 0.136641 0.300166 0.062639
2 0.639551 0.249261 0.031042 0.021434
2 0.560906 0.588599 0.022312 0.019401
2 0.625485 0.354860 0.030626 0.022358
2 0.686738 0.691704 0.031735 0.021249
2 0.670108 0.318736 0.032289 0.019217
2 0.634770 0.603381 0.027855 0.021988
2 0.568528 0.562361 0.038664 0.033075
2 0.566588 0.731430 0.024806 0.021249
2 0.695953 0.747506 0.031042 0.022727
2 0.623337 0.638858 0.029102 0.020140
2 0.562361 0.394401 0.027716 0.023097
1 0.791366 0.461197 0.063054 0.596452
2 0.315618 0.638119 0.029795 0.021988
0 0.372713 0.383869 0.209950 0.315780
2 0.276815 0.671563 0.029518 0.024205
2 0.583634 0.216925 0.032289 0.021434
1 0.490022 0.438747 0.026330 0.646896
1 0.232262 0.434220 0.061807 0.657797
2 0.299543 0.590724 0.070538 0.075018
2 0.634701 0.180063 0.034091 0.024575
2 0.733370 0.653271 0.028548 0.021988
2 0.394817 0.729120 0.030765 0.022542
1 0.350818 0.821231 0.301414 0.116962
