2 0.152478 0.575123 0.019858 0.024631
2 0.568735 0.318658 0.038023 0.042898
2 0.565117 0.523502 0.019704 0.017857
1 0.732759 0.833333 0.364224 0.135468
2 0.571198 0.578612 0.030634 0.045567
2 0.564809 0.545053 0.019089 0.019910
2 0.158559 0.695608 0.041256 0.046798
2 0.150708 0.442323 0.017857 0.025041
1 0.247229 0.113506 0.358990 0.053366
2 0.725908 0.230501 0.041102 0.043514
1 0.727063 0.110940 0.355911 0.063424
1 0.873999 0.489532 0.082666 0.819376
2 0.151016 0.507492 0.020320 0.024425
2 0.151401 0.288075 0.020166 0.024425
1 0.100831 0.498153 0.071736 0.823892
1 0.693889 0.453407 0.015856 0.625616
2 0.722522 0.499282 0.018011 0.019910
2 0.718057 0.180419 0.021398 0.018883
2 0.312038 0.516626 0.041564 0.046798
2 0.315040 0.671490 0.034945 0.046593
1 0.244304 0.842467 0.359298 0.137315
2 0.715209 0.160509 0.015702 0.018883
2 0.151940 0.376950 0.019089 0.023194
1 0.281712 0.457410 0.021244 0.636905
2 0.718596 0.456178 0.021244 0.021962
2 0.726216 0.274015 0.040486 0.043514
2 0.150015 0.225883 0.018319 0.021962
