8 0.734202 0.486604 0.411308 0.810237
7 0.666644 0.213877 0.112389 0.023097
7 0.572270 0.388673 0.060837 0.021988
7 0.306125 0.416667 0.184035 0.027716
7 0.248891 0.264043 0.052938 0.022912
7 0.265798 0.516168 0.017184 0.023466
3 0.580654 0.200758 0.062084 0.050074
7 0.656666 0.340447 0.212167 0.017923
7 0.576635 0.463507 0.055710 0.021619
7 0.354144 0.567258 0.265937 0.026977
7 0.344651 0.238082 0.174889 0.033444
7 0.315341 0.490669 0.209673 0.028640
7 0.593057 0.438008 0.012334 0.023836
7 0.325734 0.182003 0.131790 0.039911
7 0.594651 0.315780 0.014690 0.024021
7 0.681541 0.514043 0.193459 0.025868
7 0.244873 0.364653 0.058204 0.017554
7 0.264274 0.439302 0.013304 0.017554
7 0.268916 0.318551 0.019817 0.031042
7 0.610865 0.539911 0.132483 0.022912
7 0.681195 0.238729 0.195538 0.024021
7 0.649598 0.487805 0.193875 0.020325
8 0.309867 0.474039 0.417129 0.827605
7 0.578991 0.291020 0.051829 0.027716
7 0.668168 0.264597 0.237112 0.024021
7 0.252841 0.206670 0.058897 0.024575
13 0.680225 0.393200 0.281458 0.442720
7 0.331278 0.467203 0.235172 0.031227
7 0.340909 0.393477 0.161308 0.023466
7 0.251940 0.290096 0.056264 0.028086
7 0.669831 0.362066 0.169484 0.025314
7 0.671632 0.591094 0.172256 0.027716
13 0.350471 0.373891 0.277162 0.431079
7 0.245358 0.339431 0.067766 0.019956
7 0.714454 0.189856 0.205793 0.026792
7 0.580585 0.563378 0.051414 0.017369
7 0.648905 0.414265 0.195815 0.025499
7 0.240715 0.540004 0.057650 0.026423
