10 0.844329 0.163909 0.062942 0.024508
10 0.789128 0.411709 0.178055 0.024508
7 0.587513 0.197319 0.366543 0.032677
10 0.816728 0.196481 0.112757 0.027650
10 0.808819 0.592585 0.123191 0.031001
7 0.601986 0.471198 0.542242 0.039171
7 0.503702 0.231462 0.345675 0.029326
10 0.814036 0.562421 0.128240 0.025974
7 0.622854 0.347193 0.421744 0.039171
7 0.552171 0.594261 0.427129 0.031001
10 0.777516 0.230624 0.196567 0.031001
10 0.753955 0.319543 0.238304 0.029535
13 0.197577 0.651760 0.263884 0.034981
7 0.552171 0.259217 0.395490 0.032468
10 0.807641 0.258483 0.130932 0.031001
3 0.444800 0.591852 0.054864 0.039171
2 0.199260 0.390448 0.266577 0.484290
7 0.172164 0.132488 0.180074 0.029535
7 0.569169 0.622748 0.314372 0.036028
10 0.751262 0.530687 0.243689 0.034143
7 0.518176 0.380708 0.374621 0.040846
10 0.854594 0.348031 0.047122 0.024508
7 0.578425 0.163071 0.474251 0.035819
10 0.797206 0.623586 0.157186 0.031001
3 0.439414 0.380603 0.054864 0.047340
13 0.183103 0.133117 0.230899 0.028278
7 0.601986 0.504608 0.536856 0.034353
10 0.824638 0.441035 0.091552 0.037495
7 0.596600 0.288542 0.369236 0.032468
7 0.548132 0.565773 0.419051 0.029326
10 0.787950 0.381441 0.185796 0.032677
7 0.490576 0.317868 0.303938 0.035819
3 0.434197 0.168726 0.049815 0.050482
8 0.494615 0.505656 0.969034 0.978215
7 0.523225 0.531420 0.227869 0.042313
7 0.597947 0.436845 0.371929 0.035819
7 0.175025 0.652388 0.189162 0.036238
7 0.518176 0.409196 0.369236 0.035819
10 0.823292 0.287704 0.099630 0.034143
