9 0.166795 0.651683 0.015856 0.033251
9 0.315656 0.462541 0.030018 0.040025
3 0.312500 0.140291 0.032020 0.033456
7 0.289409 0.504413 0.304495 0.024015
7 0.725754 0.559626 0.255080 0.013342
7 0.284637 0.627771 0.294335 0.019910
7 0.294566 0.213773 0.305265 0.024015
9 0.697275 0.237787 0.026324 0.031404
9 0.826047 0.232245 0.064963 0.035099
7 0.284714 0.697763 0.306804 0.018678
3 0.355065 0.331897 0.032174 0.033662
8 0.273091 0.504926 0.432574 0.858374
3 0.573276 0.672209 0.041872 0.064039
7 0.731065 0.688629 0.263855 0.013136
7 0.290333 0.272475 0.304495 0.026478
9 0.648399 0.207923 0.020012 0.033251
3 0.567041 0.291872 0.043257 0.061576
9 0.655480 0.175595 0.025862 0.028941
9 0.761700 0.136186 0.016626 0.049877
7 0.721059 0.277196 0.259236 0.023604
7 0.288870 0.597906 0.308959 0.021346
3 0.190348 0.202586 0.032174 0.031609
9 0.391933 0.597701 0.020936 0.034483
7 0.290256 0.540640 0.309883 0.018883
3 0.569581 0.455870 0.041564 0.057882
9 0.774092 0.397373 0.135622 0.040640
7 0.694196 0.246305 0.300031 0.017652
7 0.726293 0.469725 0.261084 0.016626
7 0.289255 0.470751 0.302340 0.021552
13 0.290717 0.420053 0.355757 0.620895
7 0.282097 0.659585 0.295413 0.019910
7 0.701047 0.214080 0.311884 0.018883
9 0.436192 0.499897 0.029095 0.036741
9 0.414101 0.537151 0.020012 0.026683
7 0.287946 0.570505 0.308959 0.019089
9 0.306034 0.495998 0.019089 0.033456
7 0.295490 0.242508 0.303417 0.026478
13 0.705742 0.420053 0.351755 0.604885
7 0.293565 0.438321 0.310961 0.026478
7 0.710437 0.594930 0.318966 0.014984
7 0.696506 0.184832 0.302802 0.023604
7 0.725908 0.530686 0.255696 0.016215
7 0.288870 0.337336 0.299723 0.024015
7 0.732528 0.657738 0.268627 0.012110
7 0.287946 0.400246 0.303417 0.027915
7 0.705126 0.500924 0.310499 0.016215
8 0.716980 0.498974 0.440117 0.854269
9 0.368534 0.395320 0.025862 0.038998
7 0.293026 0.368432 0.309883 0.023810
7 0.727833 0.304700 0.265702 0.022373
9 0.810191 0.197147 0.016626 0.027709
3 0.268781 0.393268 0.031404 0.031609
7 0.696198 0.371408 0.301570 0.018678
9 0.855142 0.646552 0.040025 0.036946
7 0.690579 0.409585 0.287562 0.019089
7 0.292180 0.302853 0.304495 0.025246
7 0.699200 0.152094 0.313732 0.021346
7 0.703818 0.626847 0.305111 0.016831
3 0.208128 0.292385 0.028633 0.032635
3 0.572506 0.545464 0.041872 0.058908
7 0.298799 0.148296 0.310037 0.027709
7 0.700970 0.336617 0.311115 0.019704
7 0.299261 0.178264 0.309113 0.025246
7 0.719289 0.441708 0.251385 0.016831
