7 0.727827 0.331393 0.238636 0.016814
7 0.346106 0.424797 0.221591 0.017738
3 0.678977 0.229398 0.047533 0.052291
7 0.344859 0.611050 0.219928 0.019586
10 0.428423 0.324002 0.075249 0.029749
7 0.719997 0.200018 0.223531 0.020880
7 0.367725 0.268293 0.200804 0.019217
3 0.280765 0.640059 0.059035 0.053215
7 0.351095 0.551737 0.231292 0.014043
3 0.312985 0.322894 0.048365 0.047118
7 0.726441 0.457317 0.234756 0.018847
7 0.724501 0.232631 0.229490 0.018108
3 0.247021 0.483555 0.048365 0.046933
3 0.761017 0.355229 0.041436 0.050074
7 0.723392 0.268570 0.228381 0.011641
13 0.353312 0.410107 0.289218 0.517184
10 0.761641 0.573817 0.158537 0.027901
3 0.337167 0.420085 0.046009 0.047118
3 0.731569 0.293884 0.046840 0.046009
7 0.349848 0.456670 0.232123 0.015336
7 0.719651 0.299150 0.219235 0.019217
7 0.721383 0.519401 0.221868 0.018847
7 0.728520 0.393108 0.230322 0.019401
7 0.377148 0.393570 0.162555 0.015521
3 0.256583 0.372044 0.078298 0.075573
7 0.342364 0.236511 0.222700 0.016630
7 0.382553 0.362990 0.175582 0.017923
7 0.364260 0.204361 0.192212 0.018108
3 0.788318 0.420270 0.048365 0.051183
8 0.759216 0.495750 0.463276 0.863267
3 0.636433 0.623799 0.074418 0.083888
7 0.727688 0.548688 0.231153 0.017923
7 0.722492 0.577975 0.228520 0.019956
8 0.297118 0.503141 0.478381 0.881375
7 0.347215 0.638858 0.228797 0.011271
13 0.723392 0.420824 0.258315 0.509054
3 0.242725 0.189394 0.067489 0.066519
7 0.719166 0.360588 0.218542 0.018662
7 0.754712 0.609571 0.174335 0.021803
3 0.656389 0.482539 0.051414 0.047118
7 0.321785 0.332687 0.169900 0.019032
3 0.241616 0.261548 0.059174 0.048965
7 0.348531 0.301275 0.229213 0.012380
7 0.750139 0.637103 0.157982 0.017369
7 0.722145 0.424335 0.227273 0.020140
7 0.352342 0.521896 0.228797 0.008684
7 0.721660 0.489653 0.224085 0.021434
7 0.348600 0.579545 0.225194 0.014597
7 0.350610 0.488729 0.224501 0.015521
3 0.324487 0.545916 0.037555 0.044900
