10 0.577051 0.653896 0.087245 0.018674
3 0.147700 0.515293 0.056425 0.028654
3 0.149360 0.629105 0.056899 0.030908
7 0.381935 0.203316 0.448080 0.015776
3 0.142722 0.356246 0.050261 0.027366
7 0.369844 0.474726 0.485538 0.015132
7 0.369132 0.494527 0.492651 0.014810
7 0.235183 0.608822 0.225699 0.015454
3 0.146989 0.470863 0.055002 0.031874
7 0.372688 0.672247 0.485538 0.023825
7 0.373163 0.542498 0.489331 0.016742
7 0.376482 0.356568 0.494073 0.017708
7 0.365102 0.246458 0.487435 0.015132
3 0.147700 0.155023 0.056425 0.033162
7 0.359175 0.449775 0.469891 0.011590
3 0.151019 0.669189 0.060218 0.029942
7 0.197724 0.269639 0.140351 0.019639
10 0.417259 0.267547 0.403983 0.019961
7 0.297060 0.402930 0.354196 0.018352
7 0.388573 0.632646 0.447131 0.016742
7 0.394500 0.291854 0.452347 0.015776
3 0.149360 0.203477 0.059744 0.030908
7 0.365339 0.178525 0.484116 0.015132
7 0.352774 0.650837 0.449502 0.012556
7 0.367473 0.224243 0.490280 0.015132
10 0.395211 0.336446 0.454718 0.018674
7 0.359175 0.315357 0.463253 0.015132
3 0.153390 0.563426 0.062115 0.032196
7 0.375771 0.425467 0.498340 0.013200
3 0.148649 0.424501 0.058321 0.027366
8 0.496918 0.500322 0.964438 0.974243
10 0.573969 0.448648 0.087719 0.020927
7 0.362257 0.586285 0.501660 0.019317
2 0.723329 0.415969 0.209104 0.562138
7 0.384780 0.564392 0.443338 0.016742
3 0.146041 0.291050 0.056899 0.034127
10 0.408013 0.401320 0.425320 0.020927
7 0.370792 0.382003 0.506401 0.014488
7 0.369369 0.157920 0.482693 0.017064
13 0.365339 0.415969 0.517307 0.558918
7 0.145567 0.337894 0.045519 0.015132
7 0.380275 0.518352 0.467520 0.015454
10 0.477003 0.609627 0.287340 0.020927
