7 0.706512 0.618534 0.091595 0.024015
8 0.266318 0.493842 0.435037 0.892036
7 0.323738 0.242919 0.174261 0.019910
2 0.344135 0.718801 0.242457 0.157225
7 0.304418 0.622229 0.144243 0.033046
13 0.309575 0.617406 0.162254 0.030788
2 0.531635 0.487069 0.055265 0.760673
9 0.311422 0.619561 0.161638 0.036741
2 0.442734 0.462541 0.045259 0.669745
3 0.673568 0.564655 0.028171 0.029967
0 0.657943 0.293514 0.180727 0.383415
7 0.700200 0.539922 0.081127 0.018678
2 0.298568 0.166975 0.339132 0.095854
1 0.180573 0.715107 0.112377 0.159688
8 0.712746 0.500000 0.448892 0.884647
7 0.321275 0.268883 0.168411 0.020936
7 0.706281 0.511700 0.092057 0.019704
2 0.826201 0.481527 0.148399 0.761905
13 0.658251 0.564655 0.199815 0.140394
7 0.716287 0.566605 0.054187 0.019910
3 0.609298 0.565168 0.105296 0.145936
7 0.704741 0.592159 0.086823 0.020936
2 0.702663 0.750103 0.395474 0.224754
2 0.175954 0.382697 0.093904 0.517447
13 0.323815 0.258518 0.192580 0.057677
