7 0.637469 0.618945 0.111453 0.015394
7 0.237993 0.474959 0.084975 0.011084
0 0.682805 0.346778 0.226755 0.325328
13 0.300339 0.410920 0.266010 0.463465
7 0.713901 0.559011 0.103602 0.015805
7 0.750308 0.587849 0.119150 0.018062
7 0.319119 0.411946 0.193042 0.022167
2 0.711361 0.754516 0.438732 0.178571
7 0.325046 0.240558 0.198738 0.024220
7 0.312500 0.592057 0.179803 0.013752
3 0.206820 0.265189 0.036792 0.030788
7 0.713131 0.645115 0.203664 0.019294
7 0.230680 0.213157 0.065733 0.011289
10 0.403787 0.560653 0.021552 0.015394
9 0.376385 0.558908 0.031712 0.030788
2 0.533020 0.471264 0.083282 0.757389
7 0.301031 0.564450 0.181804 0.023399
2 0.860376 0.462644 0.141010 0.754105
7 0.277094 0.299672 0.162562 0.011494
3 0.205742 0.409380 0.034637 0.027299
3 0.206820 0.498871 0.031558 0.031404
3 0.206512 0.559319 0.032789 0.032841
3 0.673491 0.583436 0.029557 0.027299
7 0.728602 0.527812 0.135468 0.017447
7 0.283636 0.534483 0.179341 0.010673
7 0.254310 0.358374 0.116071 0.011084
10 0.781558 0.553264 0.028633 0.014984
3 0.203741 0.590415 0.032789 0.026067
2 0.702586 0.140497 0.423337 0.108169
13 0.693273 0.586617 0.249538 0.158456
7 0.323892 0.387110 0.198276 0.010673
3 0.592903 0.644602 0.035252 0.035920
3 0.204895 0.326457 0.040640 0.035099
10 0.387931 0.294232 0.051108 0.017857
10 0.366456 0.354885 0.096213 0.013547
10 0.747768 0.611864 0.100216 0.012315
10 0.350139 0.469417 0.128849 0.013547
9 0.346829 0.529044 0.050493 0.028941
10 0.395012 0.531404 0.034791 0.017652
8 0.272321 0.495484 0.430111 0.850985
7 0.318042 0.503797 0.188116 0.023194
8 0.711515 0.489224 0.451355 0.862685
3 0.206358 0.379926 0.031558 0.025862
7 0.323430 0.329023 0.194889 0.013136
7 0.300800 0.444376 0.217980 0.021757
7 0.320890 0.268883 0.190117 0.022167
3 0.205973 0.235324 0.038485 0.030993
3 0.617303 0.554906 0.082820 0.087233
10 0.344443 0.208333 0.146090 0.017652
