7 0.694858 0.490356 0.350098 0.035114
3 0.548328 0.285856 0.062658 0.027695
7 0.725204 0.637117 0.252318 0.035856
3 0.552262 0.342854 0.064906 0.027448
2 0.439309 0.409372 0.161000 0.491345
7 0.696965 0.311573 0.361056 0.029179
7 0.654678 0.604228 0.264681 0.027448
10 0.757797 0.517062 0.210733 0.018299
10 0.822843 0.602745 0.069963 0.020524
3 0.545799 0.201039 0.067716 0.032146
7 0.690081 0.370054 0.348974 0.035856
7 0.721411 0.194733 0.279011 0.040307
7 0.694577 0.575420 0.345603 0.030168
8 0.620258 0.506677 0.730823 0.908506
7 0.586682 0.521390 0.121382 0.022997
7 0.691767 0.228981 0.354032 0.025223
7 0.568137 0.402695 0.096656 0.022008
7 0.695139 0.460188 0.342793 0.034619
7 0.690503 0.257047 0.347008 0.024975
3 0.559005 0.546612 0.067716 0.027448
7 0.729840 0.282888 0.294184 0.030663
13 0.701742 0.412710 0.379601 0.482690
7 0.722534 0.340010 0.270582 0.032641
3 0.561534 0.633655 0.072773 0.027448
7 0.737145 0.428783 0.289688 0.032641
7 0.732509 0.547725 0.271987 0.034619
10 0.740798 0.398121 0.239112 0.013848
3 0.557460 0.429031 0.075302 0.029674
