3 0.242839 0.574834 0.115213 0.083729
7 0.436824 0.665678 0.449714 0.029649
7 0.440165 0.393382 0.450668 0.019213
7 0.566518 0.361599 0.194780 0.022533
7 0.483132 0.595825 0.355824 0.028463
7 0.574316 0.189160 0.209102 0.022533
7 0.562062 0.259369 0.203692 0.023008
7 0.475652 0.562974 0.352960 0.015892
9 0.574952 0.182756 0.219287 0.051945
9 0.628899 0.531072 0.108848 0.045541
7 0.436346 0.426826 0.443030 0.016366
7 0.433164 0.494189 0.467218 0.022533
7 0.438574 0.631048 0.450668 0.027277
7 0.562222 0.224976 0.195735 0.022533
7 0.573202 0.292457 0.203692 0.027514
3 0.488542 0.323767 0.061108 0.046490
13 0.439370 0.431333 0.517187 0.556689
3 0.435391 0.423743 0.073202 0.041509
8 0.493316 0.505574 0.890516 0.932875
7 0.445735 0.526447 0.466264 0.023956
2 0.117441 0.414374 0.141948 0.594402
3 0.444144 0.522296 0.052514 0.037002
3 0.230586 0.488378 0.081158 0.038425
2 0.318428 0.100925 0.282304 0.104127
7 0.436824 0.461456 0.446531 0.024431
7 0.593412 0.327562 0.153087 0.024194
4 0.319860 0.265180 0.285169 0.222011
