7 0.707432 0.250207 0.382403 0.031069
7 0.697608 0.524959 0.376424 0.028376
7 0.697893 0.386599 0.366743 0.031690
7 0.700883 0.627278 0.382973 0.029619
7 0.695046 0.594967 0.370159 0.033347
7 0.707432 0.353045 0.386959 0.031276
13 0.705154 0.397266 0.399487 0.491301
8 0.552961 0.492129 0.817198 0.925849
7 0.704015 0.181131 0.361333 0.032933
7 0.697323 0.490369 0.374715 0.030033
7 0.700740 0.283969 0.364465 0.029412
7 0.699317 0.421396 0.363895 0.028790
7 0.695330 0.454950 0.359339 0.029205
7 0.708855 0.216135 0.377278 0.034590
7 0.704015 0.317833 0.377847 0.030862
7 0.695046 0.558513 0.379271 0.027962
