3 0.217621 0.297972 0.063807 0.048276
7 0.294950 0.490467 0.221001 0.029209
8 0.379041 0.501014 0.670611 0.924544
7 0.245405 0.577890 0.053454 0.028398
7 0.287555 0.298986 0.290302 0.028803
7 0.240017 0.352941 0.060849 0.031643
3 0.208536 0.167039 0.182548 0.072414
1 0.329812 0.740061 0.242130 0.209939
7 0.271709 0.411258 0.253539 0.033469
7 0.220790 0.606897 0.113247 0.027992
7 0.206106 0.467748 0.122333 0.034483
7 0.264314 0.521298 0.239594 0.032454
7 0.339637 0.172718 0.099514 0.059432
3 0.216987 0.494625 0.065075 0.037525
7 0.203993 0.272718 0.114726 0.033063
7 0.204627 0.241886 0.131629 0.026166
7 0.240651 0.438337 0.059582 0.030832
7 0.209487 0.384178 0.121910 0.034888
2 0.578597 0.390568 0.179801 0.468763
7 0.319037 0.211663 0.237059 0.031846
7 0.203571 0.327079 0.115572 0.027383
7 0.215931 0.549189 0.120431 0.024949
13 0.280161 0.373732 0.321572 0.487424
