7 0.295620 0.190811 0.175855 0.035714
2 0.544872 0.661918 0.182479 0.378812
7 0.298932 0.277087 0.278205 0.037319
7 0.172436 0.462982 0.091880 0.028291
13 0.279701 0.415831 0.356838 0.466493
7 0.189530 0.569623 0.054274 0.030096
7 0.243269 0.544543 0.226282 0.030899
7 0.232799 0.597713 0.212607 0.034510
7 0.243483 0.408307 0.165598 0.035714
7 0.171474 0.303371 0.096368 0.030899
1 0.548825 0.417035 0.174573 0.126605
7 0.189103 0.624599 0.057692 0.034109
7 0.187927 0.488062 0.054487 0.028692
7 0.267735 0.223315 0.102991 0.034912
8 0.373184 0.500602 0.672863 0.945425
2 0.545513 0.265048 0.176496 0.175762
2 0.200107 0.755417 0.155342 0.200642
7 0.172222 0.516453 0.088889 0.030498
7 0.171368 0.380217 0.094017 0.030498
7 0.233440 0.248495 0.213034 0.037119
7 0.173077 0.352327 0.094872 0.030498
7 0.172756 0.435594 0.097650 0.034510
2 0.380449 0.130417 0.511325 0.104334
7 0.189103 0.328551 0.055983 0.024679
1 0.365064 0.757022 0.160043 0.197432
3 0.169338 0.209370 0.107906 0.053571
