7 0.252590 0.289876 0.313288 0.029131
2 0.318131 0.829752 0.470495 0.194842
7 0.251239 0.215855 0.309234 0.032474
7 0.251464 0.438634 0.313739 0.029608
7 0.248649 0.179441 0.310811 0.032713
7 0.248761 0.404728 0.309234 0.028176
7 0.245608 0.327841 0.304730 0.031041
8 0.319032 0.502149 0.579505 0.929322
2 0.321509 0.100764 0.457883 0.119389
7 0.251239 0.473973 0.315991 0.028653
2 0.482770 0.483286 0.147973 0.887775
7 0.250901 0.252985 0.309910 0.032235
7 0.129392 0.512058 0.074550 0.026504
7 0.250788 0.366762 0.308333 0.031041
13 0.252140 0.348734 0.319144 0.369389
