7 0.350292 0.259390 0.401168 0.031187
7 0.376564 0.553655 0.428691 0.027498
7 0.368641 0.623072 0.414512 0.030852
7 0.386155 0.454058 0.448707 0.025486
7 0.368432 0.292589 0.424103 0.029175
7 0.373436 0.422032 0.429942 0.029846
3 0.541493 0.512072 0.064637 0.040241
7 0.368432 0.189638 0.424103 0.032529
3 0.271893 0.651576 0.067556 0.041583
7 0.376147 0.519953 0.432027 0.026492
7 0.369683 0.484742 0.424103 0.029175
7 0.376355 0.355131 0.361551 0.030852
7 0.388449 0.659960 0.452460 0.030852
7 0.367181 0.323776 0.424103 0.029175
3 0.184946 0.348089 0.067973 0.038900
7 0.373019 0.386653 0.431610 0.026828
7 0.370726 0.223005 0.440367 0.034205
7 0.377815 0.587860 0.432861 0.028169
13 0.379900 0.423709 0.477064 0.523474
3 0.438907 0.213783 0.066305 0.039906
3 0.519808 0.444668 0.059633 0.037559
8 0.456422 0.505869 0.836113 0.911804
