7 0.721778 0.527112 0.400000 0.018265
7 0.747704 0.435217 0.367704 0.017123
7 0.719852 0.411244 0.387259 0.019977
8 0.666815 0.491438 0.623704 0.909817
3 0.531556 0.197489 0.033185 0.035959
7 0.733926 0.316353 0.410074 0.019121
3 0.798222 0.383134 0.032000 0.029395
7 0.723704 0.481592 0.413926 0.020833
3 0.761481 0.219892 0.036741 0.027112
7 0.729481 0.505280 0.410074 0.017979
7 0.728444 0.271689 0.403852 0.019406
3 0.536148 0.442494 0.074370 0.040811
7 0.717926 0.550799 0.392889 0.017694
9 0.894815 0.406678 0.041481 0.023973
13 0.724444 0.379852 0.439704 0.515411
7 0.725037 0.362728 0.395259 0.020548
3 0.844148 0.147831 0.030222 0.035388
9 0.921630 0.381279 0.034667 0.029110
7 0.726963 0.293807 0.396148 0.017409
7 0.730519 0.248145 0.403259 0.016838
7 0.724593 0.177226 0.392593 0.015411
3 0.852000 0.383134 0.027556 0.032249
7 0.733185 0.201199 0.398519 0.018265
7 0.739259 0.457905 0.391704 0.018550
7 0.727556 0.339469 0.400296 0.017979
7 0.730074 0.386986 0.408889 0.019977
3 0.811704 0.312928 0.029333 0.036815
3 0.762667 0.265126 0.031407 0.030822
3 0.717037 0.355023 0.022519 0.029110
7 0.733481 0.226027 0.414519 0.013699
7 0.622222 0.598744 0.199704 0.018265
7 0.728593 0.155965 0.397630 0.017979
7 0.721185 0.574772 0.402963 0.018836
