5 0.714286 0.275294 0.060665 0.036235
7 0.759459 0.356941 0.271037 0.021176
3 0.549413 0.275059 0.279517 0.189176
2 0.610078 0.096353 0.715264 0.118353
9 0.652479 0.170588 0.477821 0.021176
7 0.703686 0.513294 0.417156 0.020941
2 0.923190 0.437059 0.081866 0.802588
7 0.653294 0.617059 0.480757 0.020941
8 0.557893 0.490588 0.835943 0.916235
5 0.710535 0.667765 0.056425 0.024471
7 0.661122 0.670471 0.490541 0.020000
2 0.613177 0.756118 0.718200 0.157882
9 0.546641 0.433765 0.045010 0.026588
7 0.668461 0.460353 0.502609 0.020000
7 0.658023 0.541059 0.488911 0.020471
7 0.631442 0.490235 0.253098 0.018588
7 0.655414 0.643882 0.477821 0.019529
7 0.794031 0.279765 0.199282 0.020235
7 0.788813 0.304118 0.223418 0.020000
7 0.778213 0.330824 0.230920 0.024000
5 0.789791 0.329412 0.054468 0.032941
7 0.658023 0.564588 0.478474 0.021882
7 0.649054 0.172941 0.463796 0.017412
7 0.661774 0.592588 0.485975 0.020000
7 0.652805 0.382235 0.469993 0.020471
2 0.338715 0.438706 0.169276 0.794118
5 0.444227 0.591059 0.054142 0.031059
7 0.662264 0.408588 0.483692 0.020471
9 0.879811 0.383765 0.036856 0.025882
7 0.787019 0.226706 0.216569 0.019059
7 0.780822 0.198824 0.201566 0.018353
13 0.667156 0.416235 0.507175 0.537412
7 0.784736 0.252118 0.210698 0.019059
5 0.467058 0.500824 0.102414 0.063294
7 0.652316 0.434706 0.473581 0.020471
