7 0.784441 0.240591 0.119356 0.021261
7 0.665804 0.611804 0.368133 0.024682
13 0.663934 0.417766 0.401208 0.467009
7 0.658901 0.527126 0.346851 0.020039
7 0.661634 0.438783 0.352315 0.021750
2 0.574777 0.741447 0.511073 0.162757
7 0.656457 0.582722 0.345988 0.022727
7 0.798965 0.211388 0.073627 0.022972
7 0.777394 0.352761 0.112741 0.021261
7 0.662065 0.409946 0.365833 0.020772
7 0.660627 0.641373 0.354904 0.023705
2 0.388410 0.461877 0.159045 0.737048
3 0.748634 0.201857 0.032787 0.030303
7 0.657176 0.554619 0.347426 0.020772
7 0.784297 0.324902 0.119643 0.021261
8 0.604544 0.498534 0.751798 0.898827
7 0.775956 0.297776 0.102962 0.021261
0 0.599223 0.290811 0.248202 0.203324
7 0.781565 0.378543 0.104400 0.021017
2 0.567443 0.136241 0.517112 0.093109
7 0.655738 0.497312 0.347426 0.022972
7 0.776819 0.269306 0.108714 0.021994
7 0.657176 0.468109 0.347426 0.022727
