2 0.629184 0.603517 0.046653 0.032947
2 0.627301 0.386020 0.043724 0.032502
2 0.629184 0.640361 0.047490 0.038068
2 0.628556 0.147039 0.045397 0.037622
2 0.627092 0.456923 0.044142 0.032280
2 0.628138 0.421527 0.045397 0.038513
2 0.628347 0.321683 0.041632 0.028050
1 0.516632 0.392698 0.158368 0.538736
2 0.627092 0.565116 0.044142 0.040294
2 0.627510 0.527716 0.043305 0.034506
2 0.627092 0.288847 0.044979 0.034951
2 0.628347 0.491095 0.045816 0.036064
2 0.627092 0.353851 0.041632 0.031834
2 0.626255 0.253896 0.041632 0.031389
2 0.627510 0.218166 0.044979 0.036509
2 0.627301 0.182435 0.043724 0.036732
