7 0.521182 0.252700 0.430323 0.024600
3 0.342391 0.546000 0.078317 0.028000
7 0.513935 0.478300 0.414716 0.025000
2 0.214604 0.451500 0.163322 0.535400
7 0.513378 0.283900 0.414716 0.024600
7 0.501951 0.381400 0.390747 0.021200
7 0.572603 0.578100 0.312430 0.024600
3 0.357163 0.592900 0.104515 0.062600
10 0.720596 0.378100 0.034838 0.023800
7 0.524666 0.514200 0.437291 0.021600
10 0.718645 0.219000 0.043757 0.029600
7 0.492057 0.347700 0.368729 0.022200
10 0.648969 0.542900 0.143534 0.021800
7 0.512124 0.415300 0.412207 0.024600
7 0.569119 0.609300 0.306577 0.024600
10 0.709727 0.346000 0.034838 0.028000
7 0.516722 0.447100 0.416945 0.023400
7 0.520903 0.675000 0.440357 0.028400
13 0.527313 0.581900 0.453177 0.764600
7 0.493032 0.223800 0.377369 0.021600
7 0.513657 0.950700 0.096990 0.024600
7 0.514214 0.316500 0.410814 0.024600
7 0.481187 0.544200 0.176979 0.020800
7 0.511427 0.641500 0.416388 0.026200
8 0.448997 0.514800 0.803790 0.922000
