7 0.221107 0.406694 0.123600 0.041785
13 0.293894 0.371501 0.351574 0.516227
7 0.337207 0.294118 0.251004 0.027586
7 0.333087 0.237525 0.235580 0.028398
1 0.361293 0.734381 0.257342 0.209533
7 0.216142 0.321704 0.115360 0.034077
3 0.227023 0.610446 0.068667 0.055781
7 0.221847 0.435193 0.115360 0.022110
7 0.314177 0.461055 0.190999 0.033671
3 0.227868 0.213286 0.068667 0.037525
7 0.315550 0.543813 0.193746 0.030832
7 0.368899 0.178803 0.110289 0.024949
7 0.224593 0.573631 0.116628 0.030426
7 0.221107 0.517140 0.121065 0.024949
7 0.317980 0.605375 0.239172 0.052535
3 0.225227 0.409331 0.060849 0.045436
7 0.297063 0.264402 0.275512 0.033874
8 0.370906 0.505680 0.667864 0.920487
7 0.293894 0.347870 0.269174 0.027586
7 0.310902 0.207302 0.296429 0.040568
7 0.247623 0.378702 0.066343 0.027586
2 0.589584 0.390872 0.167124 0.479919
3 0.218994 0.162677 0.189520 0.092089
7 0.219417 0.490264 0.113459 0.028803
