7 0.475636 0.470130 0.415254 0.031169
9 0.606462 0.260390 0.221398 0.044156
5 0.148835 0.274351 0.056144 0.037013
7 0.484110 0.501948 0.444915 0.029870
3 0.189619 0.505519 0.137712 0.092857
7 0.418432 0.602597 0.572034 0.035065
7 0.450212 0.336364 0.533898 0.035065
7 0.426377 0.372727 0.594280 0.035065
5 0.150424 0.406818 0.044492 0.035714
7 0.419492 0.408117 0.586864 0.031818
9 0.497881 0.297727 0.235169 0.030519
5 0.611229 0.433766 0.065678 0.036364
7 0.418432 0.273701 0.580508 0.033117
13 0.431674 0.437662 0.653602 0.603896
7 0.402013 0.241558 0.562500 0.037662
2 0.082097 0.440909 0.060381 0.564935
7 0.418962 0.704221 0.573093 0.030519
8 0.456568 0.501948 0.800847 0.820779
7 0.404661 0.207143 0.569915 0.036364
5 0.156250 0.339935 0.056144 0.037013
9 0.140890 0.440584 0.055085 0.035714
5 0.604343 0.625000 0.051907 0.034416
9 0.234110 0.304870 0.250000 0.037013
7 0.424788 0.439610 0.608051 0.035065
9 0.353284 0.404545 0.164195 0.033766
5 0.415254 0.531818 0.065678 0.042857
7 0.488877 0.534740 0.445975 0.026623
5 0.478284 0.402273 0.064619 0.033117
7 0.409958 0.570130 0.557203 0.033766
5 0.356992 0.236364 0.065678 0.032468
5 0.707097 0.431169 0.060381 0.041558
7 0.406780 0.308442 0.561441 0.037662
7 0.385593 0.173377 0.548729 0.037662
7 0.425318 0.671753 0.598517 0.030519
7 0.423199 0.637013 0.587924 0.032468
5 0.274894 0.601299 0.056144 0.041558
