13 0.273605 0.441088 0.382857 0.627300
7 0.272517 0.294150 0.366531 0.026916
7 0.263401 0.701593 0.360816 0.028289
7 0.262177 0.668086 0.358367 0.026092
3 0.249660 0.557264 0.066667 0.037352
3 0.427211 0.150233 0.062041 0.047240
3 0.375238 0.386844 0.060408 0.045867
7 0.269388 0.327932 0.366259 0.025817
7 0.278231 0.158610 0.377959 0.024993
7 0.274286 0.395770 0.378776 0.028564
7 0.269796 0.260917 0.362177 0.026916
9 0.414966 0.458803 0.067483 0.040923
3 0.392245 0.322439 0.059592 0.040099
8 0.321497 0.510849 0.602177 0.936007
7 0.291565 0.529113 0.319184 0.028289
7 0.297687 0.494782 0.292789 0.024444
7 0.269796 0.598737 0.368707 0.028564
2 0.052653 0.508514 0.054694 0.378193
3 0.327483 0.695276 0.058503 0.042571
7 0.273741 0.194452 0.374422 0.026916
7 0.271701 0.461824 0.356735 0.029388
7 0.271973 0.564405 0.379592 0.029113
7 0.270612 0.635265 0.375238 0.028014
7 0.266939 0.360478 0.358639 0.026092
3 0.415102 0.221780 0.055782 0.043669
3 0.102993 0.500549 0.098231 0.070585
7 0.274830 0.227547 0.374422 0.024444
7 0.262721 0.734276 0.361088 0.027190
7 0.269116 0.428179 0.367347 0.028564
3 0.279320 0.624554 0.056327 0.040099
