10 0.458501 0.197892 0.562695 0.036520
2 0.389335 0.798990 0.709058 0.178147
9 0.512048 0.667607 0.063811 0.038895
3 0.275100 0.229662 0.059349 0.043646
10 0.641008 0.672506 0.201249 0.031473
3 0.361000 0.449525 0.062472 0.047506
7 0.420348 0.487381 0.627398 0.025238
8 0.494422 0.497328 0.924587 0.928147
3 0.108434 0.681859 0.137439 0.085214
9 0.707943 0.293201 0.097724 0.037708
7 0.468541 0.297209 0.572959 0.027910
7 0.416778 0.608521 0.619366 0.025238
7 0.461401 0.328088 0.570281 0.028504
3 0.126952 0.301514 0.126283 0.094121
7 0.425703 0.360154 0.629183 0.026128
7 0.318385 0.200416 0.421687 0.028504
7 0.403391 0.421467 0.684516 0.026425
3 0.436412 0.232779 0.074074 0.048694
7 0.416109 0.235303 0.641232 0.025831
3 0.219768 0.451900 0.062026 0.042755
7 0.448014 0.706205 0.569389 0.025238
7 0.416109 0.642518 0.634984 0.024347
7 0.405846 0.264549 0.603748 0.027910
7 0.368809 0.675624 0.412762 0.011580
7 0.432619 0.546467 0.645694 0.023456
3 0.193664 0.354365 0.062472 0.034739
3 0.122713 0.227138 0.073182 0.048694
7 0.424810 0.518112 0.622936 0.024941
7 0.431727 0.456502 0.635877 0.025831
7 0.422133 0.577197 0.628291 0.024941
7 0.442883 0.133907 0.617135 0.024941
9 0.402945 0.355107 0.032129 0.033848
7 0.421241 0.167162 0.607764 0.026128
3 0.119813 0.120101 0.074520 0.060867
7 0.426372 0.390291 0.630522 0.024644
13 0.416778 0.405730 0.713967 0.641627
