9 0.258436 0.382321 0.042798 0.035249
8 0.340604 0.491866 0.623045 0.910521
7 0.269410 0.421638 0.298491 0.032538
7 0.319342 0.482918 0.208505 0.028200
7 0.264335 0.199159 0.298217 0.030098
13 0.268724 0.420689 0.317421 0.475325
7 0.273937 0.578633 0.292181 0.036334
7 0.261866 0.293520 0.286694 0.032809
7 0.271468 0.359951 0.302606 0.028471
7 0.278326 0.545418 0.296022 0.033351
9 0.334431 0.219360 0.029081 0.035249
7 0.272565 0.230884 0.305898 0.030098
9 0.358985 0.441025 0.111111 0.035521
7 0.278601 0.515320 0.291632 0.031725
2 0.490947 0.413910 0.136351 0.482918
7 0.271331 0.644794 0.285322 0.031996
7 0.258711 0.261931 0.288066 0.033623
3 0.169547 0.468818 0.091084 0.059111
7 0.271879 0.611714 0.284225 0.032538
7 0.317833 0.451600 0.186283 0.030098
7 0.259122 0.326193 0.281207 0.032538
7 0.266667 0.390862 0.286968 0.031725
