0 0.859785 0.871968 0.263723 0.218329
0 0.608592 0.247080 0.326969 0.309075
0 0.585322 0.871069 0.278043 0.212938
0 0.374702 0.799641 0.133652 0.221024
0 0.510740 0.681491 0.133652 0.153639
0 0.857995 0.500898 0.260143 0.194969
0 0.309069 0.558850 0.262530 0.251572
0 0.106802 0.509883 0.137232 0.148248
0 0.883055 0.246181 0.214797 0.307278
0 0.847852 0.677448 0.282816 0.145553
0 0.103222 0.661276 0.134845 0.156334
0 0.584129 0.502695 0.278043 0.198562
0 0.171838 0.858940 0.269690 0.231806
0 0.238067 0.261006 0.402148 0.342318
0 0.645585 0.680593 0.131265 0.148248