0 0.934706 0.918750 0.149412 0.135714
0 0.392353 0.516964 0.344706 0.230357
0 0.715294 0.870982 0.268235 0.227679
0 0.722353 0.497768 0.265882 0.265179
0 0.504706 0.869196 0.164706 0.213393
0 0.141176 0.891518 0.181176 0.175893
0 0.860000 0.695089 0.272941 0.127679
0 0.123529 0.716964 0.174118 0.167857
0 0.649412 0.180804 0.131765 0.200893
0 0.320588 0.807143 0.194118 0.342857
0 0.125294 0.514286 0.170588 0.233929
0 0.927059 0.570982 0.134118 0.124107
0 0.861765 0.222768 0.283529 0.284821
0 0.654118 0.693750 0.129412 0.121429
0 0.480588 0.675893 0.189412 0.169643
0 0.449412 0.251339 0.249412 0.300893
0 0.174118 0.251786 0.261176 0.296429