0 0.184758 0.494714 0.251732 0.282819
0 0.468822 0.228634 0.242494 0.238767
0 0.329677 0.526432 0.541570 0.881938
0 0.202079 0.230396 0.284065 0.242291
0 0.859122 0.564758 0.256351 0.250220
0 0.181871 0.491189 0.257506 0.288106
0 0.200346 0.227313 0.292148 0.253744
0 0.480947 0.896476 0.241339 0.150661
0 0.929561 0.791189 0.138568 0.193833
0 0.178984 0.730396 0.247113 0.185022
0 0.443995 0.727753 0.296767 0.185022
0 0.176674 0.728634 0.230947 0.183260
0 0.471132 0.224229 0.249423 0.256388
0 0.450346 0.493833 0.279446 0.284581
0 0.791570 0.262555 0.396074 0.359471
0 0.732102 0.852423 0.260970 0.238767
0 0.216513 0.893833 0.292148 0.145374
0 0.666282 0.643612 0.127021 0.175330