0 0.171114 0.859796 0.235499 0.209842
0 0.349768 0.853296 0.121810 0.215413
0 0.698376 0.684308 0.324826 0.168988
0 0.114849 0.692665 0.116009 0.120706
0 0.349768 0.657382 0.112529 0.128134
0 0.470998 0.424791 0.134571 0.149489
0 0.696636 0.500000 0.337587 0.207057
0 0.288863 0.498607 0.236659 0.187558
0 0.109049 0.474002 0.118329 0.136490
0 0.698376 0.231198 0.589327 0.328691
0 0.223898 0.233983 0.357309 0.337976
0 0.896172 0.875580 0.186775 0.185701
0 0.700696 0.869081 0.199536 0.193129
0 0.511601 0.873723 0.185615 0.172702
0 0.916473 0.715877 0.143852 0.144847
0 0.484339 0.714949 0.140371 0.142990
0 0.483179 0.570102 0.145012 0.144847
0 0.921114 0.569174 0.143852 0.142990
0 0.914733 0.422934 0.138051 0.147632