0 0.199244 0.918152 0.253780 0.047002
0 0.824514 0.735818 0.253780 0.084279
0 0.204644 0.521880 0.249460 0.199352
0 0.199784 0.847245 0.252700 0.081848
0 0.200324 0.760535 0.249460 0.078606
0 0.827214 0.651540 0.250540 0.079417
0 0.828294 0.572934 0.254860 0.081037
0 0.637689 0.594003 0.122030 0.119935
0 0.389849 0.595219 0.125270 0.119125
0 0.829374 0.487034 0.250540 0.089141
0 0.639309 0.470421 0.125270 0.127229
0 0.390389 0.471232 0.128510 0.125608
0 0.829914 0.403160 0.251620 0.083468
0 0.827754 0.315640 0.251620 0.091572
0 0.827754 0.104538 0.249460 0.085900
0 0.197624 0.239060 0.267819 0.356564