0 0.912260 0.793119 0.141827 0.215371
0 0.621394 0.582663 0.137019 0.298481
0 0.621394 0.651921 0.139423 0.165326
0 0.757212 0.248436 0.408654 0.350313
0 0.337740 0.177837 0.420673 0.310992
0 0.336538 0.177391 0.423077 0.313673
0 0.763822 0.228776 0.419471 0.407507
0 0.913462 0.794013 0.146635 0.215371
0 0.621995 0.650134 0.140625 0.165326
0 0.834736 0.557194 0.272837 0.247542
0 0.834736 0.554960 0.270433 0.246649
0 0.696514 0.849419 0.272837 0.227882
0 0.622596 0.500000 0.139423 0.134942
0 0.337740 0.179625 0.420673 0.307417
0 0.909255 0.794459 0.140625 0.214477
0 0.694111 0.848079 0.270433 0.223414
0 0.621394 0.500447 0.139423 0.135836
0 0.764423 0.227882 0.420673 0.407507