0 0.904628 0.890826 0.127540 0.165138
0 0.727427 0.542661 0.249436 0.114679
0 0.902370 0.143578 0.123025 0.177064
0 0.906885 0.753670 0.125282 0.116514
0 0.430587 0.877064 0.838600 0.183486
0 0.905192 0.625229 0.124153 0.144037
0 0.431716 0.692661 0.831828 0.190826
0 0.904628 0.484404 0.127540 0.137615
0 0.136569 0.535780 0.241535 0.119266
0 0.788375 0.448165 0.118510 0.088991
0 0.901806 0.322018 0.126411 0.187156
0 0.787810 0.334404 0.115124 0.140367
0 0.665914 0.375229 0.144470 0.233028
0 0.435102 0.432569 0.355530 0.336697
0 0.137133 0.369266 0.249436 0.210092
0 0.433973 0.162844 0.829571 0.206422