0 0.930445 0.635683 0.107184 0.127753
0 0.847777 0.892952 0.094641 0.124229
0 0.746864 0.893392 0.100342 0.125110
0 0.943558 0.890308 0.085519 0.125991
0 0.542189 0.890308 0.096921 0.125991
0 0.441847 0.891189 0.096921 0.125991
0 0.337514 0.892070 0.095781 0.122467
0 0.241163 0.891189 0.092360 0.124229
0 0.134550 0.890749 0.107184 0.125110
0 0.594071 0.762996 0.120867 0.128634
0 0.476625 0.762115 0.123147 0.128634
0 0.133409 0.764758 0.118586 0.123348
0 0.248005 0.637004 0.108324 0.126872
0 0.531927 0.297797 0.452680 0.424670
0 0.712657 0.763436 0.114025 0.129515
0 0.934436 0.763436 0.108324 0.127753
0 0.825542 0.763877 0.109464 0.130396
0 0.646522 0.890308 0.102623 0.122467
0 0.358039 0.762555 0.114025 0.125991
0 0.249145 0.763877 0.106043 0.126872
0 0.359749 0.636123 0.112885 0.126872
0 0.133409 0.636564 0.118586 0.129515
0 0.823261 0.637004 0.111745 0.126872
0 0.710376 0.635683 0.118586 0.125991
0 0.593501 0.635242 0.117446 0.126872
0 0.474344 0.636564 0.114025 0.125991