0 0.908784 0.901467 0.126126 0.165903
0 0.317568 0.532539 0.114865 0.141155
0 0.920045 0.639780 0.137387 0.155820
0 0.912725 0.492209 0.122748 0.135655
0 0.790541 0.529331 0.114865 0.158570
0 0.202703 0.527498 0.114865 0.099908
0 0.912162 0.355637 0.123874 0.137489
0 0.787725 0.359303 0.122748 0.177819
0 0.322072 0.364803 0.112613 0.190651
0 0.909910 0.177360 0.119369 0.213566
0 0.907658 0.765811 0.121622 0.109074
0 0.434685 0.890009 0.828829 0.190651
0 0.434685 0.702108 0.819820 0.190651
0 0.079392 0.543538 0.113739 0.128323
0 0.555743 0.439963 0.347973 0.331806
0 0.137387 0.373969 0.240991 0.207149
0 0.434685 0.171861 0.833333 0.204400