0 0.795276 0.738073 0.116985 0.120183
0 0.914511 0.903670 0.119235 0.150459
0 0.441507 0.890367 0.826772 0.184404
0 0.908886 0.754587 0.119235 0.155046
0 0.850394 0.576147 0.231721 0.201835
0 0.558493 0.633028 0.352081 0.319266
0 0.090551 0.733945 0.113611 0.119266
0 0.205849 0.709174 0.116985 0.176147
0 0.557930 0.376147 0.821147 0.190826
0 0.324522 0.707798 0.115861 0.175229
0 0.087177 0.614679 0.118110 0.121101
0 0.265467 0.546789 0.233971 0.143119
0 0.087739 0.483486 0.114736 0.139450
0 0.087739 0.344037 0.114736 0.141284
0 0.085489 0.171560 0.114736 0.205505
0 0.554556 0.175688 0.823397 0.208257