0 0.718605 0.860960 0.230233 0.205616
0 0.898256 0.846014 0.122093 0.239130
0 0.716279 0.442935 0.244186 0.135870
0 0.653488 0.556612 0.118605 0.089674
0 0.775581 0.201993 0.358140 0.338768
0 0.897674 0.437047 0.113953 0.125906
0 0.654651 0.667572 0.116279 0.132246
0 0.836628 0.617301 0.238372 0.212862
0 0.715116 0.441576 0.239535 0.136775
0 0.903488 0.843297 0.127907 0.235507
0 0.718605 0.859601 0.241860 0.199275
0 0.655233 0.555707 0.117442 0.089674
0 0.898256 0.441123 0.122093 0.130435
0 0.773837 0.202446 0.359302 0.332428