0 0.442905 0.117301 0.344789 0.176630
0 0.526608 0.160779 0.057650 0.082428
0 0.360310 0.161232 0.057650 0.081522
0 0.213969 0.850543 0.115299 0.201087
0 0.583703 0.162591 0.058758 0.084239
0 0.470621 0.160326 0.056541 0.079710
0 0.415188 0.161232 0.056541 0.081522
0 0.303215 0.159873 0.058758 0.082428
0 0.583703 0.081975 0.060976 0.076993
0 0.527162 0.083786 0.056541 0.075181
0 0.470621 0.083333 0.056541 0.076087
0 0.414634 0.083786 0.053215 0.078804
0 0.361419 0.084239 0.055432 0.076087
0 0.304324 0.083786 0.056541 0.075181