0 0.436674 0.721473 0.109031 0.115004
0 0.321586 0.575022 0.114537 0.165319
0 0.551762 0.885894 0.110132 0.149146
0 0.835352 0.409254 0.223568 0.144654
0 0.550661 0.500000 0.345815 0.322552
0 0.320485 0.436658 0.114537 0.107817
0 0.488987 0.203055 0.224670 0.260557
0 0.781938 0.810872 0.345815 0.295597
0 0.551211 0.735400 0.113436 0.148248
0 0.437775 0.869272 0.113436 0.180593
0 0.837004 0.570530 0.215859 0.174304
0 0.206498 0.813567 0.344714 0.302785
0 0.151432 0.520216 0.221366 0.273136
0 0.776982 0.204852 0.344714 0.265948
0 0.202643 0.225966 0.345815 0.311770