0 0.855835 0.216252 0.274600 0.254885
0 0.885011 0.850355 0.218535 0.228242
0 0.871854 0.651865 0.240275 0.159858
0 0.149886 0.645648 0.130435 0.158082
0 0.909611 0.461812 0.160183 0.216696
0 0.652746 0.461368 0.344394 0.205151
0 0.631007 0.840142 0.305492 0.209591
0 0.411327 0.821048 0.129291 0.192718
0 0.215103 0.841918 0.260870 0.236234
0 0.610984 0.654973 0.270023 0.157194
0 0.343249 0.583481 0.260870 0.278863
0 0.279748 0.258437 0.399314 0.348135
0 0.277460 0.265098 0.392449 0.359680
0 0.598970 0.217140 0.248284 0.269094