0 0.193133 0.931174 0.251073 0.048583
0 0.193133 0.861538 0.248927 0.085830
0 0.194742 0.776113 0.250000 0.081781
0 0.819206 0.745344 0.252146 0.081781
0 0.819206 0.664777 0.247854 0.077733
0 0.631438 0.485425 0.127682 0.127126
0 0.196888 0.532794 0.243562 0.195951
0 0.631438 0.607692 0.127682 0.120648
0 0.382511 0.607287 0.127682 0.124696
0 0.823498 0.587045 0.254292 0.082591
0 0.823498 0.500405 0.256438 0.087449
0 0.825107 0.416194 0.255365 0.080972
0 0.385730 0.484615 0.123391 0.125506
0 0.820815 0.326721 0.246781 0.094737
0 0.825107 0.118623 0.259657 0.086640
0 0.200107 0.253846 0.250000 0.358704