0 0.521462 0.757562 0.177494 0.186068
0 0.932715 0.469294 0.104408 0.225481
0 0.096868 0.484876 0.114849 0.236480
0 0.690255 0.183318 0.132251 0.229148
0 0.585267 0.875344 0.131090 0.119157
0 0.700696 0.885426 0.109049 0.166819
0 0.683295 0.735564 0.155452 0.134739
0 0.381671 0.756645 0.208817 0.175069
0 0.564965 0.328139 0.139211 0.124656
0 0.562065 0.324015 0.145012 0.129239
0 0.462877 0.309808 0.118329 0.163153
0 0.550464 0.164070 0.172854 0.188818
0 0.378770 0.152154 0.212297 0.181485
0 0.159513 0.084326 0.228538 0.058662