0 0.5497138769670958 0.299057412167952 0.18955650929899856 0.10711225364181662
0 0.8794706723891274 0.8804627249357326 0.16380543633762518 0.05998286203941731
0 0.6595135908440629 0.6848757497857755 0.19027181688125894 0.1443873179091688
0 0.1552217453505007 0.19151670951156813 0.2947067238912732 0.11825192802056556
0 0.8168812589413448 0.5623393316195373 0.2532188841201717 0.13410454155955442
0 0.33297567954220314 0.30484147386461014 0.23247496423462088 0.12467866323907455
0 0.9066523605150214 0.7984147386461011 0.11516452074391989 0.0946872322193659
0 0.7893419170243204 0.3176949443016281 0.259656652360515 0.1520994001713796
0 0.5797567954220315 0.5447729220222793 0.19814020028612303 0.11182519280205655
0 0.8526466380543634 0.6842330762639246 0.20457796852646637 0.1405312767780634
0 0.18025751072961374 0.8517566409597258 0.11444921316165951 0.06598114824335904
0 0.13054363376251787 0.5728363324764353 0.19241773962804007 0.12425021422450729
0 0.586552217453505 0.17930591259640102 0.32045779685264664 0.13067694944301628
0 0.8215307582260372 0.4458011996572408 0.2553648068669528 0.11096829477292203
0 0.7646638054363376 0.8783204798628963 0.1072961373390558 0.04627249357326478
0 0.8315450643776824 0.16709511568123395 0.21387696709585122 0.10111396743787489
0 0.7031473533619457 0.8142673521850899 0.11874105865522175 0.10411311053984576
0 0.1276824034334764 0.43958868894601544 0.23247496423462088 0.1405312767780634
0 0.39413447782546496 0.1694515852613539 0.2246065808297568 0.09897172236503857
0 0.478898426323319 0.6548843187660668 0.19957081545064378 0.13496143958868895
0 0.2800429184549356 0.6210368466152528 0.21244635193133046 0.0844044558697515
0 0.05507868383404864 0.8397600685518424 0.0844062947067239 0.1533847472150814
0 0.3501430615164521 0.537917737789203 0.2696709585121602 0.10239931448157669
0 0.1148068669527897 0.31362467866323906 0.2167381974248927 0.12082262210796915
0 0.3469241773962804 0.41281062553556125 0.19456366237482117 0.09811482433590403
0 0.15164520743919885 0.7255784061696658 0.25894134477825465 0.1675235646958012
0 0.34120171673819744 0.7159383033419023 0.12303290414878398 0.07969151670951156
0 0.5765379113018598 0.42095115681233936 0.21888412017167383 0.14095972579263066
0 0.459585121602289 0.8232647814910026 0.42131616595135907 0.1469580119965724