0 0.713 0.36594019260010135 0.0988 0.11758743030917385
0 0.8466 0.07856056766345666 0.1556 0.07501267105930055
0 0.7658 0.6806893056259503 0.158 0.16218955904713633
0 0.551 0.558793715154587 0.0892 0.08362899138367967
0 0.8906 0.15382665990876837 0.0652 0.07450582868727826
0 0.5018 0.7110998479472884 0.0908 0.04257475924987329
0 0.5628 0.6550937658388242 0.0736 0.0937658388241257
0 0.8406 0.2242777496198682 0.1412 0.08160162189559048
0 0.8884 0.6282311201216422 0.084 0.07146477445514444
0 0.4478 0.08160162189559048 0.0644 0.07399898631525595
0 0.6556 0.19133299543841864 0.0912 0.13127217435377597
0 0.5224 0.41510390268626457 0.2536 0.13279270146984287
0 0.5266 0.07627977698935631 0.078 0.06943740496705525
0 0.6392 0.5983274201723264 0.1008 0.1373542828180436
0 0.4668 0.3109477952356817 0.1576 0.0927521540800811
0 0.7072 0.8454130765331982 0.068 0.10136847440446022
0 0.7418 0.21692853522554487 0.0796 0.12062848454130766
0 0.7772 0.13710086163203244 0.0896 0.05828687278256462
0 0.5202 0.7972630511910795 0.1084 0.094272681196148
0 0.849 0.8628991383679676 0.066 0.07856056766345666
0 0.8874 0.5544855549923974 0.0796 0.07602635580334516
0 0.606 0.3127217435377598 0.1296 0.10846426761277243
0 0.6528 0.8558033451596554 0.0656 0.08261530663963507
0 0.5224 0.8712620375063356 0.2344 0.07501267105930055
0 0.7582 0.4784591991890522 0.1124 0.09731373542828181
0 0.89 0.7161682716675114 0.0896 0.15813482007095794
0 0.8834 0.34997465788139887 0.0828 0.16776482513938165
0 0.781 0.831728332488596 0.09 0.15103902686264573
0 0.6778 0.4837810440952864 0.0748 0.055245818550430814
0 0.803 0.5570197668525089 0.07 0.07906741003547897
0 0.7156 0.5560060821084643 0.0704 0.08920425747592499
0 0.6192 0.09959452610238216 0.0904 0.07653319817536747
0 0.4526 0.1926001013684744 0.1052 0.12366953877344146
0 0.6296 0.7557019766852509 0.0856 0.12671059300557527
0 0.7114 0.10643689812468322 0.1124 0.10136847440446022
0 0.8154 0.3677141409021794 0.0988 0.1353269133299544
0 0.8998 0.8466801824632539 0.0684 0.07856056766345666
0 0.8714 0.46958945767866195 0.1196 0.08667004561581348
0 0.438 0.6801824632539281 0.0752 0.32437911809427267
0 0.6698 0.9024328433857071 0.13 0.020780537252914344
0 0.7704 0.26609224531170805 0.1136 0.08008109477952356
0 0.5514 0.1920932589964521 0.1212 0.16827166751140396
0 0.49 0.6066903193106944 0.076 0.17536746071971618