0 0.143901 0.547400 0.203939 0.036400
0 0.452986 0.434800 0.223634 0.041600
0 0.141677 0.432400 0.203304 0.036800
0 0.452986 0.434800 0.223634 0.041600
0 0.141677 0.432400 0.203304 0.036800
0 0.449809 0.471000 0.216010 0.034800
0 0.143266 0.471200 0.205210 0.033600
0 0.449809 0.471000 0.216010 0.034800
0 0.143266 0.395600 0.203939 0.038400
0 0.143266 0.471200 0.205210 0.033600
0 0.454257 0.396600 0.217281 0.038800
0 0.454257 0.396600 0.217281 0.038800
0 0.143266 0.395600 0.203939 0.038400
0 0.143901 0.547400 0.203939 0.036400