0 0.450416 0.818000 0.235445 0.036800
0 0.448177 0.736600 0.241203 0.051600
0 0.157390 0.423000 0.239283 0.042000
0 0.449456 0.778800 0.242482 0.043200
0 0.159629 0.775600 0.241203 0.036800
0 0.160269 0.737400 0.238644 0.041200
0 0.158989 0.601800 0.243762 0.048400
0 0.450096 0.278600 0.238644 0.047600
0 0.159629 0.775600 0.241203 0.036800
0 0.160269 0.822600 0.250160 0.042800
0 0.157390 0.378200 0.238004 0.038800
0 0.156750 0.557800 0.241843 0.041200
0 0.157390 0.423000 0.239283 0.042000
0 0.156750 0.557800 0.241843 0.041200
0 0.450416 0.818000 0.235445 0.036800
0 0.158989 0.336000 0.236084 0.040800
0 0.450096 0.278600 0.238644 0.047600
0 0.445298 0.334800 0.245681 0.036800
0 0.160269 0.737400 0.238644 0.041200
0 0.160909 0.512000 0.238644 0.044800
0 0.160909 0.279600 0.233525 0.050400
0 0.160269 0.822600 0.250160 0.042800
0 0.161228 0.692200 0.241843 0.043600
0 0.161228 0.692200 0.241843 0.043600
0 0.157390 0.378200 0.238004 0.038800
0 0.446897 0.467800 0.247601 0.045200
0 0.445617 0.555600 0.243762 0.040000
0 0.442418 0.373800 0.243762 0.042800
0 0.160269 0.645000 0.246321 0.040400
0 0.158989 0.336000 0.236084 0.040800
0 0.159629 0.466600 0.241203 0.042800
0 0.442418 0.373800 0.243762 0.042800
0 0.446897 0.512200 0.250160 0.048400
0 0.446897 0.647000 0.246321 0.039600
0 0.448177 0.736600 0.241203 0.051600
0 0.160909 0.512000 0.238644 0.044800
0 0.446897 0.647000 0.246321 0.039600
0 0.446577 0.687200 0.246961 0.044800
0 0.160589 0.627200 0.240563 0.048000
0 0.444338 0.420600 0.248880 0.041200
0 0.159629 0.466600 0.241203 0.042800
0 0.158989 0.601800 0.243762 0.048400
0 0.160909 0.279600 0.233525 0.050400
0 0.445617 0.598200 0.237364 0.043600
0 0.160269 0.645000 0.246321 0.040400
0 0.445617 0.555600 0.243762 0.040000
0 0.160589 0.627200 0.240563 0.048000
0 0.449456 0.778800 0.242482 0.043200
0 0.445617 0.598200 0.237364 0.043600
0 0.444338 0.420600 0.248880 0.041200
0 0.445298 0.334800 0.245681 0.036800
0 0.446577 0.687200 0.246961 0.044800
0 0.446897 0.467800 0.247601 0.045200
0 0.446897 0.512200 0.250160 0.048400