0 0.352588 0.666200 0.183712 0.114800
0 0.155303 0.309600 0.190657 0.115200
0 0.351326 0.783400 0.181187 0.115600
0 0.544508 0.664800 0.182449 0.114400
0 0.352904 0.547600 0.180556 0.115200
0 0.547033 0.784000 0.186237 0.117600
0 0.352904 0.547600 0.180556 0.115200
0 0.543876 0.547800 0.183712 0.114000
0 0.156566 0.783000 0.191919 0.117200
0 0.159407 0.429600 0.182449 0.116000
0 0.155303 0.309600 0.190657 0.115200
0 0.351326 0.783400 0.181187 0.115600
0 0.158775 0.546200 0.186237 0.113200
0 0.156566 0.783000 0.191919 0.117200
0 0.352904 0.431600 0.174242 0.111200
0 0.352904 0.431600 0.174242 0.111200
0 0.544508 0.664800 0.182449 0.114400
0 0.159407 0.429600 0.182449 0.116000
0 0.352588 0.666200 0.183712 0.114800
0 0.158775 0.546200 0.186237 0.113200
0 0.158460 0.664600 0.189394 0.114000
0 0.547033 0.784000 0.186237 0.117600
0 0.158460 0.664600 0.189394 0.114000
0 0.543876 0.547800 0.183712 0.114000