0 0.449037 0.781400 0.178372 0.118800
0 0.826290 0.664000 0.187073 0.112800
0 0.629584 0.665200 0.174021 0.113600
0 0.634866 0.552600 0.177129 0.114800
0 0.449037 0.781400 0.178372 0.118800
0 0.825357 0.780400 0.192666 0.121600
0 0.632691 0.437000 0.174021 0.111600
0 0.634245 0.321200 0.172157 0.115200
0 0.825357 0.780400 0.192666 0.121600
0 0.443754 0.328400 0.186451 0.115200
0 0.629584 0.665200 0.174021 0.113600
0 0.447172 0.438400 0.177129 0.109600
0 0.444375 0.665400 0.174021 0.114000
0 0.816967 0.320600 0.182101 0.114800
0 0.822561 0.206800 0.187073 0.118400
0 0.447483 0.551600 0.181479 0.113600
0 0.816967 0.320600 0.182101 0.114800
0 0.444375 0.665400 0.174021 0.114000
0 0.447172 0.438400 0.177129 0.109600
0 0.443754 0.328400 0.186451 0.115200
0 0.825357 0.552800 0.176507 0.115200
0 0.826290 0.664000 0.187073 0.112800
0 0.447483 0.551600 0.181479 0.113600
0 0.634245 0.321200 0.172157 0.115200
0 0.634866 0.552600 0.177129 0.114800
0 0.822561 0.206800 0.187073 0.118400
0 0.819453 0.434200 0.183344 0.110800
0 0.825357 0.552800 0.176507 0.115200
0 0.819453 0.434200 0.183344 0.110800
0 0.632691 0.437000 0.174021 0.111600