8 0.276582 0.503799 0.376196 0.749265
7 0.633278 0.434436 0.201435 0.019363
13 0.633278 0.437132 0.208057 0.412990
9 0.634014 0.243260 0.204010 0.023775
7 0.680280 0.318260 0.098602 0.017402
7 0.630151 0.599510 0.187822 0.019118
7 0.633738 0.575735 0.195364 0.019608
7 0.680280 0.292770 0.098602 0.017892
7 0.634934 0.479412 0.195916 0.018627
3 0.580942 0.316299 0.093451 0.122794
9 0.631623 0.242402 0.199963 0.022059
7 0.635210 0.458578 0.199411 0.019608
7 0.632910 0.244608 0.197020 0.019118
8 0.662436 0.507843 0.391832 0.750000
7 0.679360 0.342402 0.097130 0.019118
3 0.639257 0.457721 0.035688 0.024265
7 0.630979 0.620221 0.190581 0.019363
3 0.614422 0.597549 0.033481 0.025000
2 0.659400 0.711397 0.330942 0.146324
7 0.679820 0.270343 0.097682 0.019608
2 0.514257 0.473162 0.036608 0.622794
7 0.630979 0.526348 0.191685 0.020833
7 0.628955 0.550980 0.189478 0.022549
2 0.780077 0.474632 0.089588 0.625735
7 0.628679 0.389583 0.189294 0.018873
7 0.634474 0.502574 0.196100 0.018873
2 0.661884 0.197181 0.331862 0.073284
7 0.678992 0.364951 0.097130 0.019608
7 0.633370 0.414461 0.197204 0.018137
