7 0.634593 0.305308 0.456063 0.026322
7 0.650557 0.567000 0.471588 0.025886
7 0.632689 0.337611 0.446397 0.026974
7 0.648213 0.437024 0.464558 0.024799
7 0.642941 0.601153 0.466901 0.026322
7 0.643820 0.633348 0.465729 0.026757
7 0.640451 0.504894 0.467194 0.025234
7 0.630199 0.538395 0.440832 0.023929
7 0.641476 0.370677 0.466901 0.026539
7 0.652753 0.666522 0.480668 0.027409
7 0.639865 0.467588 0.454306 0.025016
7 0.627563 0.174135 0.444933 0.025886
7 0.642355 0.403633 0.465144 0.024146
7 0.633714 0.207200 0.454892 0.024581
13 0.646456 0.421688 0.516696 0.543615
7 0.626098 0.241897 0.450205 0.023929
7 0.643966 0.274418 0.474224 0.023711
8 0.589924 0.501523 0.811951 0.878181
