7 0.570062 0.316283 0.109173 0.028895
13 0.391953 0.405310 0.494654 0.460758
7 0.386044 0.470324 0.465954 0.028504
7 0.573438 0.395353 0.120428 0.029285
8 0.498030 0.500781 0.961171 0.977353
2 0.763928 0.403553 0.259426 0.461148
0 0.329488 0.312768 0.359595 0.268645
7 0.569218 0.200703 0.120990 0.030457
7 0.571750 0.355916 0.102420 0.029285
7 0.391671 0.508395 0.487338 0.030457
7 0.390546 0.546466 0.477209 0.030066
7 0.568936 0.239360 0.121553 0.028114
7 0.572594 0.431472 0.117614 0.026552
7 0.571187 0.277821 0.114800 0.029285
7 0.388295 0.583561 0.471581 0.029285
3 0.548959 0.194065 0.089477 0.037485
7 0.394485 0.622023 0.483962 0.032800
