13 0.543488 0.450014 0.864353 0.864323
7 0.544389 0.757072 0.830104 0.020049
7 0.647364 0.286872 0.622352 0.017852
7 0.653447 0.411700 0.583146 0.020324
7 0.629788 0.100247 0.654799 0.018676
10 0.795629 0.068800 0.275349 0.045867
10 0.543488 0.527740 0.812078 0.029937
7 0.643082 0.256523 0.632717 0.018127
7 0.581568 0.063444 0.396124 0.021423
7 0.541235 0.659984 0.827400 0.019775
7 0.571654 0.377232 0.300586 0.017852
10 0.204371 0.175501 0.141055 0.024169
9 0.572105 0.061247 0.118522 0.026916
7 0.540559 0.823263 0.825146 0.020599
7 0.541685 0.224664 0.573231 0.020324
7 0.517801 0.789893 0.776927 0.019775
3 0.211131 0.110684 0.167192 0.109860
10 0.928346 0.507828 0.055881 0.018127
7 0.526363 0.032271 0.310050 0.017303
3 0.246958 0.421999 0.226228 0.121670
10 0.842947 0.382038 0.173502 0.034057
9 0.254845 0.694589 0.249211 0.038451
7 0.644209 0.444795 0.606129 0.018402
9 0.614466 0.380115 0.228481 0.033507
7 0.627760 0.131145 0.660658 0.020049
9 0.531996 0.030211 0.321316 0.021972
7 0.547769 0.628811 0.832357 0.018951
9 0.491663 0.558088 0.731861 0.033507
10 0.913475 0.347157 0.078414 0.028014
10 0.898603 0.789206 0.134295 0.029937
9 0.392294 0.822164 0.515998 0.033233
10 0.419108 0.070722 0.176656 0.038176
7 0.634520 0.478028 0.630915 0.019500
7 0.641505 0.317358 0.609734 0.017852
7 0.505408 0.508239 0.774673 0.014556
7 0.545065 0.559462 0.826048 0.018676
10 0.438486 0.379154 0.124380 0.035979
8 0.499324 0.503845 0.972510 0.980225
9 0.541460 0.221642 0.572781 0.030761
7 0.612663 0.349217 0.605228 0.018402
7 0.542587 0.857319 0.821992 0.020599
10 0.756422 0.193491 0.379901 0.035979
9 0.677783 0.630047 0.050473 0.025817
9 0.349932 0.792639 0.033799 0.025817
10 0.194682 0.218484 0.114466 0.026092
7 0.429698 0.194177 0.600721 0.015380
7 0.549572 0.692392 0.842271 0.023620
7 0.603425 0.163417 0.691302 0.012085
7 0.544164 0.724526 0.831456 0.021423
9 0.515998 0.667536 0.036052 0.031035
9 0.453583 0.759681 0.038306 0.029662
7 0.543037 0.595990 0.830104 0.017578
3 0.232312 0.297308 0.203245 0.115628
10 0.897251 0.228371 0.104552 0.017852
