7 0.340423 0.238254 0.161052 0.022540
3 0.239612 0.330952 0.037128 0.032698
3 0.242316 0.230794 0.042537 0.041905
7 0.326039 0.579524 0.180477 0.029524
7 0.652201 0.312540 0.194492 0.021270
7 0.641874 0.418254 0.107942 0.020635
7 0.671011 0.524286 0.143595 0.023175
3 0.569830 0.440000 0.041554 0.036190
10 0.743914 0.306825 0.023359 0.029524
7 0.311901 0.304762 0.178756 0.016508
7 0.684780 0.489524 0.152938 0.022222
10 0.746250 0.552540 0.021146 0.025079
9 0.711950 0.443651 0.080403 0.040952
13 0.656381 0.416667 0.213179 0.470159
7 0.654414 0.205397 0.195968 0.020317
10 0.719572 0.412698 0.070568 0.027937
8 0.261249 0.491270 0.437915 0.910794
7 0.654291 0.383651 0.199164 0.021905
7 0.334891 0.342063 0.178018 0.023810
7 0.314605 0.202381 0.172363 0.023810
3 0.571060 0.338571 0.042537 0.038413
3 0.236907 0.573492 0.047947 0.039683
3 0.567126 0.579365 0.052373 0.041905
3 0.236538 0.473810 0.037866 0.045397
7 0.666093 0.453651 0.164249 0.020317
7 0.323826 0.272698 0.198180 0.019048
2 0.157364 0.392698 0.127367 0.475556
13 0.328129 0.402540 0.217605 0.455873
7 0.670888 0.346508 0.163019 0.021905
7 0.325793 0.482381 0.188837 0.026349
3 0.569216 0.405556 0.044259 0.030159
10 0.411237 0.195079 0.040570 0.026984
3 0.570199 0.234286 0.042292 0.051429
7 0.328252 0.548730 0.212933 0.025714
7 0.656627 0.556032 0.207278 0.021905
7 0.658716 0.243651 0.208016 0.020635
2 0.515491 0.411905 0.063192 0.467619
7 0.320015 0.446825 0.201869 0.025079
7 0.318539 0.375079 0.193017 0.023175
7 0.328252 0.411587 0.215884 0.026349
8 0.714163 0.506984 0.449717 0.921270
7 0.674699 0.586825 0.167691 0.023175
7 0.319523 0.616667 0.197935 0.023175
7 0.656135 0.624603 0.208262 0.020000
7 0.320998 0.515079 0.196951 0.016825
3 0.578805 0.497143 0.064913 0.078095
10 0.412466 0.298413 0.019425 0.034286
7 0.657733 0.278254 0.208999 0.021270
2 0.819400 0.414921 0.131055 0.478095
