7 0.342211 0.486145 0.223830 0.023194
10 0.405865 0.368740 0.033097 0.029762
3 0.612223 0.427032 0.042488 0.036330
3 0.610453 0.462028 0.040794 0.033662
7 0.724446 0.366790 0.176724 0.024220
3 0.613147 0.513342 0.042488 0.042282
3 0.244689 0.396346 0.038023 0.029967
10 0.383005 0.426519 0.093596 0.025862
10 0.798030 0.493021 0.028633 0.030788
7 0.337669 0.368637 0.211977 0.023399
7 0.704895 0.605296 0.223830 0.025041
7 0.705588 0.310242 0.218442 0.025246
3 0.245690 0.279351 0.034791 0.031609
7 0.334975 0.514368 0.216441 0.023399
7 0.334975 0.572455 0.214901 0.022989
7 0.694889 0.489840 0.201663 0.021552
3 0.241918 0.631568 0.038023 0.029146
3 0.613147 0.366071 0.040640 0.030172
3 0.685576 0.629721 0.051570 0.038588
3 0.609067 0.569992 0.046952 0.039819
7 0.722675 0.339388 0.189501 0.027299
7 0.349831 0.462541 0.185191 0.020320
10 0.404942 0.597906 0.030018 0.029146
7 0.351986 0.543514 0.187962 0.022578
3 0.613147 0.396860 0.042488 0.036330
7 0.722522 0.518986 0.179957 0.022783
3 0.243996 0.339080 0.032635 0.029967
10 0.418488 0.310550 0.018011 0.040230
3 0.614070 0.275657 0.046182 0.037356
8 0.737300 0.497024 0.454587 0.870484
10 0.731142 0.371716 0.127001 0.033662
7 0.338285 0.660406 0.218750 0.025657
7 0.723676 0.432266 0.177032 0.024220
7 0.337054 0.308395 0.210129 0.023194
3 0.741687 0.659893 0.049877 0.041051
7 0.722906 0.663998 0.186268 0.027504
10 0.406327 0.513444 0.031558 0.027709
7 0.719212 0.575431 0.177648 0.025246
7 0.335360 0.601190 0.217826 0.026273
3 0.243381 0.458333 0.032635 0.027094
7 0.334744 0.424569 0.213208 0.024836
7 0.348907 0.338978 0.169797 0.022373
7 0.672106 0.546490 0.158251 0.021962
3 0.611838 0.334667 0.039871 0.032635
3 0.614455 0.658764 0.038023 0.033867
10 0.781327 0.542077 0.062038 0.024631
7 0.351062 0.278222 0.183036 0.023194
13 0.704895 0.465517 0.249076 0.454023
7 0.353987 0.629721 0.186115 0.023399
10 0.731835 0.402196 0.120998 0.033456
7 0.719443 0.402196 0.179957 0.026478
10 0.732451 0.431137 0.126539 0.026888
3 0.244304 0.542282 0.038793 0.031609
7 0.350985 0.394602 0.183498 0.023604
13 0.343750 0.472496 0.247845 0.443350
7 0.693735 0.632184 0.194735 0.024631
7 0.720135 0.464183 0.178879 0.024425
7 0.723060 0.281917 0.187192 0.024015
8 0.296875 0.497947 0.426878 0.881363
