3 0.554532 0.649113 0.021203 0.018847
7 0.665119 0.204730 0.158398 0.018108
0 0.362666 0.365669 0.221175 0.392461
7 0.641006 0.512380 0.193598 0.017369
7 0.641075 0.347099 0.195122 0.017184
7 0.402993 0.600887 0.118625 0.018477
2 0.338623 0.731892 0.316103 0.073910
9 0.413803 0.578252 0.085366 0.028640
3 0.562500 0.189856 0.037140 0.042313
10 0.457733 0.578899 0.007761 0.010347
7 0.640175 0.582779 0.193043 0.017738
3 0.304601 0.611511 0.075942 0.084812
2 0.526261 0.469050 0.021203 0.732631
2 0.196300 0.629712 0.057234 0.135625
7 0.641006 0.465170 0.193875 0.017923
7 0.648975 0.394032 0.129157 0.010902
7 0.650291 0.322709 0.169762 0.017923
7 0.651469 0.652901 0.162694 0.009793
7 0.631098 0.300074 0.169623 0.017738
7 0.643501 0.276608 0.197478 0.017738
8 0.303007 0.492055 0.393708 0.880636
9 0.684243 0.389874 0.063331 0.031781
7 0.400776 0.651053 0.114468 0.017184
13 0.361696 0.633315 0.232816 0.138027
7 0.642600 0.677106 0.197062 0.017184
2 0.674958 0.130728 0.316103 0.064117
2 0.789496 0.473208 0.083149 0.739098
2 0.207178 0.322432 0.083149 0.478936
9 0.423919 0.672118 0.074557 0.033444
3 0.601372 0.557280 0.022866 0.018847
3 0.398212 0.623245 0.015937 0.018847
7 0.641145 0.369826 0.192212 0.017923
2 0.333634 0.126201 0.336059 0.082040
3 0.551067 0.320584 0.021203 0.021064
7 0.641214 0.489098 0.198171 0.009978
9 0.717433 0.366408 0.023836 0.024390
3 0.609340 0.506652 0.017738 0.016630
3 0.619041 0.248707 0.019401 0.023651
7 0.402439 0.627402 0.117517 0.017554
3 0.611073 0.461844 0.017600 0.021249
3 0.572201 0.600887 0.017738 0.021064
7 0.640036 0.536216 0.190549 0.017369
7 0.663040 0.417129 0.158952 0.018293
10 0.728312 0.298503 0.023143 0.010532
10 0.726926 0.392184 0.022312 0.012010
7 0.643501 0.630358 0.196369 0.017923
2 0.674958 0.763950 0.316103 0.152809
3 0.560698 0.401792 0.033537 0.047118
3 0.668168 0.672857 0.019263 0.019032
13 0.640798 0.425166 0.210643 0.534738
7 0.664011 0.182095 0.159229 0.018293
8 0.703714 0.495381 0.390798 0.873984
3 0.309867 0.670362 0.019401 0.018847
7 0.638789 0.559590 0.189163 0.017923
2 0.483232 0.324649 0.029933 0.478936
7 0.641630 0.252587 0.192905 0.017369
7 0.641214 0.605783 0.193459 0.019032
7 0.399390 0.577051 0.110588 0.014412
7 0.641560 0.228474 0.191935 0.017184
7 0.361558 0.669808 0.190133 0.016999
7 0.640590 0.440318 0.190826 0.017738
