7 0.383453 0.360772 0.210366 0.023097
7 0.716879 0.239653 0.149945 0.021434
7 0.379227 0.242794 0.205516 0.022542
7 0.689717 0.269586 0.204823 0.021803
7 0.688678 0.501571 0.211336 0.023097
7 0.687223 0.615022 0.210089 0.025314
7 0.684521 0.385070 0.200527 0.029933
7 0.677314 0.560698 0.190272 0.020510
13 0.692212 0.413710 0.222007 0.458980
7 0.379227 0.213507 0.209673 0.026423
7 0.377772 0.559405 0.195676 0.020510
7 0.685491 0.354490 0.204130 0.023836
13 0.384839 0.415373 0.233647 0.453437
7 0.687015 0.587214 0.212167 0.024760
3 0.611073 0.221083 0.057788 0.060421
7 0.409645 0.386826 0.164080 0.020880
7 0.380543 0.532705 0.202882 0.023651
7 0.686114 0.444383 0.206208 0.021434
7 0.372713 0.591463 0.184174 0.021434
7 0.691450 0.299797 0.208010 0.021988
7 0.409437 0.415281 0.162833 0.021988
7 0.691311 0.532428 0.216602 0.020880
3 0.300236 0.397542 0.062777 0.064856
7 0.381652 0.333426 0.202882 0.021988
7 0.388650 0.474871 0.217433 0.021434
7 0.715216 0.208056 0.152439 0.021434
7 0.693043 0.415373 0.221729 0.025499
7 0.380197 0.503418 0.203298 0.020510
7 0.685629 0.325942 0.207733 0.025499
9 0.453853 0.622044 0.069290 0.031596
9 0.423226 0.385347 0.034645 0.026053
7 0.382068 0.445214 0.209257 0.025314
7 0.382622 0.301829 0.212306 0.024205
7 0.687223 0.472746 0.204823 0.021988
7 0.378187 0.272542 0.204268 0.022542
8 0.716602 0.482446 0.381098 0.759424
7 0.381652 0.619642 0.205931 0.024205
8 0.337514 0.477919 0.370150 0.761826
