3 0.267780 0.468186 0.030018 0.030378
10 0.400092 0.357143 0.073892 0.020525
3 0.269627 0.496408 0.026324 0.024425
10 0.665794 0.407328 0.092057 0.017447
3 0.264547 0.197250 0.032174 0.024220
3 0.548876 0.575944 0.027863 0.031199
10 0.392780 0.385878 0.081127 0.023399
10 0.400092 0.251334 0.060653 0.019499
7 0.646706 0.358477 0.162562 0.018678
10 0.681881 0.435447 0.064193 0.019499
7 0.649169 0.517652 0.165025 0.018062
7 0.650477 0.437911 0.167026 0.019499
3 0.548107 0.280070 0.030634 0.022373
3 0.267472 0.383415 0.030634 0.028325
10 0.413254 0.302956 0.038639 0.017652
3 0.548876 0.333641 0.027863 0.024425
10 0.671644 0.462336 0.081897 0.018678
10 0.391318 0.274733 0.076663 0.017447
3 0.268550 0.523707 0.028479 0.028120
3 0.547722 0.436576 0.027094 0.023399
10 0.674261 0.355090 0.072352 0.018473
3 0.548107 0.413588 0.027863 0.024220
7 0.646013 0.305419 0.161792 0.017241
3 0.549261 0.360016 0.031404 0.030378
10 0.403710 0.223112 0.063578 0.023399
7 0.646321 0.251950 0.160560 0.019910
7 0.643704 0.225369 0.156250 0.020525
3 0.265625 0.307882 0.030018 0.023399
3 0.547799 0.200123 0.035868 0.028325
3 0.548107 0.303469 0.027863 0.026478
10 0.680034 0.197763 0.057728 0.025246
10 0.401940 0.544232 0.070197 0.022373
13 0.357605 0.387315 0.221983 0.432677
3 0.547722 0.253284 0.031404 0.029146
3 0.547337 0.226498 0.032174 0.026478
2 0.203356 0.387213 0.090209 0.430419
7 0.367842 0.410817 0.163331 0.024836
7 0.366995 0.224548 0.166564 0.021346
7 0.368688 0.467570 0.164717 0.017652
3 0.270397 0.440887 0.026324 0.020525
3 0.269627 0.548645 0.027863 0.023399
7 0.367688 0.277812 0.166102 0.021141
10 0.680419 0.489224 0.076047 0.019499
3 0.547029 0.490045 0.030018 0.027299
10 0.681111 0.382389 0.067272 0.020525
3 0.268165 0.575431 0.023399 0.030172
3 0.268165 0.225062 0.027709 0.029351
7 0.645474 0.198994 0.157943 0.020731
7 0.368073 0.521346 0.160099 0.018883
10 0.395705 0.326868 0.073738 0.018678
10 0.398707 0.491995 0.072352 0.015599
3 0.270012 0.332718 0.028633 0.026273
7 0.367996 0.385468 0.163023 0.017241
2 0.787100 0.385468 0.092057 0.436371
7 0.365994 0.492919 0.156866 0.024836
7 0.367996 0.198378 0.170413 0.019499
10 0.404557 0.517960 0.060653 0.022373
10 0.669104 0.327791 0.079587 0.020525
7 0.648399 0.385571 0.166564 0.021962
10 0.402248 0.436063 0.066502 0.022373
7 0.366995 0.329228 0.163177 0.016831
7 0.649708 0.543719 0.164563 0.021757
7 0.367765 0.437705 0.160406 0.016626
8 0.303264 0.478654 0.389163 0.809113
7 0.368688 0.357143 0.163793 0.014778
10 0.390625 0.410201 0.081127 0.021552
10 0.397552 0.573892 0.078972 0.023399
3 0.547029 0.385776 0.025708 0.027299
7 0.370536 0.548645 0.166872 0.020115
10 0.680419 0.516420 0.068658 0.017652
7 0.370690 0.574302 0.162869 0.021346
10 0.396475 0.197250 0.070967 0.022578
10 0.671259 0.568144 0.086977 0.023399
8 0.688039 0.476293 0.378541 0.799466
10 0.661022 0.251847 0.095751 0.022578
7 0.366841 0.304187 0.161330 0.025452
7 0.365994 0.251232 0.165179 0.021346
3 0.265933 0.255234 0.032174 0.029351
3 0.267087 0.279146 0.031404 0.028325
7 0.650785 0.465928 0.169489 0.023810
7 0.650554 0.491277 0.166564 0.019499
7 0.646706 0.275657 0.165948 0.022989
10 0.680034 0.540333 0.069427 0.020320
3 0.547799 0.463362 0.024169 0.024425
10 0.676724 0.303058 0.076047 0.019499
13 0.631850 0.388444 0.216595 0.432882
10 0.663254 0.222085 0.092826 0.025452
10 0.675339 0.275246 0.068658 0.020525
3 0.267472 0.355193 0.026324 0.022373
10 0.394320 0.464286 0.081127 0.022578
3 0.549261 0.517857 0.027094 0.028325
7 0.651324 0.572763 0.163485 0.019089
3 0.548107 0.545669 0.026324 0.029351
3 0.267857 0.414101 0.025554 0.025246
7 0.649784 0.411638 0.169335 0.020320
7 0.648168 0.330460 0.165179 0.019704
