7 0.587719 0.240896 0.494477 0.028011
7 0.596166 0.581933 0.499675 0.021008
9 0.705978 0.699813 0.299545 0.050420
7 0.594217 0.654062 0.523067 0.028945
7 0.593892 0.196312 0.506823 0.028478
7 0.584146 0.282680 0.505523 0.028478
7 0.659194 0.407096 0.377518 0.039216
7 0.602014 0.697946 0.503574 0.040149
8 0.496751 0.489262 0.954516 0.957983
2 0.304743 0.537815 0.214425 0.810458
7 0.594867 0.498366 0.493177 0.024743
7 0.653021 0.453081 0.382066 0.027544
7 0.590643 0.617880 0.491228 0.027544
13 0.599090 0.427871 0.540611 0.590570
7 0.591943 0.369514 0.499025 0.022876
3 0.384665 0.428571 0.198830 0.105509
9 0.813515 0.280579 0.063678 0.051354
7 0.589669 0.323529 0.494477 0.027077
7 0.597141 0.539916 0.500325 0.029412
9 0.511046 0.238562 0.053931 0.041083
7 0.594217 0.157096 0.500975 0.023810
9 0.774529 0.367647 0.133853 0.036881
