9 0.741477 0.318089 0.029795 0.032336
7 0.418307 0.288803 0.249030 0.028825
7 0.705238 0.600887 0.305710 0.021803
13 0.711405 0.452605 0.331347 0.720436
7 0.386641 0.393477 0.301552 0.029379
7 0.390729 0.107816 0.317489 0.037879
7 0.655349 0.137565 0.208426 0.021988
7 0.336544 0.571785 0.200249 0.024575
7 0.706555 0.238174 0.293653 0.021064
7 0.388720 0.752679 0.307927 0.022727
7 0.391630 0.160200 0.314024 0.036955
7 0.385255 0.729213 0.299612 0.025684
7 0.389482 0.522265 0.305571 0.026423
7 0.365923 0.233463 0.259008 0.022727
5 0.564440 0.367424 0.041020 0.072986
9 0.337583 0.515613 0.034645 0.034183
7 0.705030 0.576774 0.306680 0.021249
9 0.503742 0.210551 0.030488 0.038248
9 0.472422 0.416667 0.164634 0.042868
7 0.406458 0.598577 0.271619 0.025314
7 0.703298 0.188840 0.300998 0.021803
9 0.523767 0.239283 0.060837 0.041390
9 0.704130 0.730599 0.026885 0.037324
7 0.705100 0.653271 0.305710 0.021988
9 0.820468 0.781874 0.083010 0.031966
7 0.383315 0.782428 0.289080 0.025314
7 0.717433 0.339339 0.271341 0.018662
8 0.720136 0.477550 0.337722 0.775129
7 0.705654 0.418514 0.303492 0.020695
5 0.250901 0.610772 0.047533 0.055987
7 0.705516 0.627217 0.309867 0.021988
9 0.521896 0.577698 0.058481 0.034183
7 0.703575 0.292406 0.303215 0.020140
9 0.626871 0.756375 0.033398 0.033444
7 0.607262 0.783352 0.112805 0.024575
9 0.245080 0.206948 0.035892 0.035846
7 0.386502 0.337953 0.296286 0.027347
7 0.707525 0.705562 0.308065 0.022358
7 0.719166 0.366038 0.273975 0.020695
9 0.807303 0.290004 0.033675 0.029010
7 0.399945 0.211475 0.271896 0.030488
9 0.738428 0.599686 0.127633 0.039727
7 0.390105 0.546563 0.304878 0.026608
9 0.834049 0.315410 0.054462 0.037694
7 0.388997 0.441981 0.303215 0.027347
7 0.419138 0.313378 0.251802 0.027716
7 0.703714 0.266999 0.305710 0.021803
7 0.386225 0.471175 0.299889 0.026608
7 0.388720 0.704268 0.303769 0.025684
7 0.704130 0.471452 0.308481 0.020140
7 0.385809 0.366778 0.297672 0.026608
7 0.698725 0.162140 0.295732 0.022358
7 0.386849 0.190687 0.301414 0.031042
7 0.702744 0.498707 0.304047 0.021064
7 0.388027 0.650868 0.301829 0.025314
7 0.389412 0.418884 0.308758 0.028455
9 0.707317 0.136733 0.314024 0.036955
7 0.680710 0.108463 0.259146 0.021064
7 0.406181 0.623429 0.278825 0.026238
7 0.706070 0.525407 0.310421 0.020880
8 0.372298 0.478197 0.350471 0.793422
7 0.705238 0.679508 0.307095 0.022358
7 0.390036 0.134424 0.314717 0.037509
7 0.721037 0.396249 0.271896 0.019032
7 0.416713 0.260717 0.244457 0.027716
7 0.709881 0.757206 0.319429 0.026238
5 0.259562 0.287047 0.068459 0.072986
7 0.702675 0.213507 0.300859 0.022358
7 0.387888 0.677568 0.303215 0.025868
7 0.702882 0.550628 0.305710 0.020695
7 0.390036 0.497506 0.305017 0.026423
7 0.706624 0.730968 0.308758 0.022912
7 0.702328 0.315225 0.301829 0.021434
7 0.704753 0.444660 0.304462 0.021249
13 0.389620 0.444660 0.319429 0.728936
