13 0.639240 0.451868 0.239070 0.475575
7 0.292180 0.294438 0.158867 0.025657
7 0.644243 0.320915 0.204433 0.025657
7 0.290871 0.375924 0.149477 0.026888
3 0.208205 0.615558 0.101139 0.077176
7 0.242303 0.572250 0.136392 0.013957
10 0.718365 0.656301 0.058651 0.032225
10 0.350754 0.261905 0.052802 0.028736
7 0.597291 0.575021 0.120998 0.023604
3 0.195736 0.488814 0.058651 0.040435
7 0.665179 0.266626 0.166872 0.020525
3 0.555958 0.594725 0.055265 0.040435
7 0.310807 0.598830 0.150246 0.022783
7 0.269474 0.546080 0.202124 0.028120
7 0.276632 0.403222 0.219828 0.026888
7 0.645166 0.547516 0.207512 0.028120
7 0.588670 0.428161 0.106219 0.021757
8 0.249692 0.523502 0.413485 0.794130
3 0.193119 0.377566 0.065733 0.043719
3 0.562423 0.254926 0.054341 0.047209
10 0.694119 0.573481 0.101909 0.029967
7 0.254772 0.461412 0.177340 0.025452
7 0.644243 0.292693 0.205049 0.025862
8 0.663870 0.522681 0.414871 0.792488
3 0.563732 0.343699 0.053571 0.037972
7 0.272091 0.322044 0.213516 0.024631
9 0.269781 0.568555 0.085437 0.029146
10 0.346059 0.564245 0.070813 0.027504
7 0.275477 0.517036 0.211977 0.029146
13 0.271167 0.455255 0.239070 0.435140
7 0.305111 0.626745 0.134236 0.025657
10 0.686345 0.432266 0.131312 0.035714
7 0.613300 0.655480 0.148091 0.025657
7 0.647167 0.517960 0.207204 0.026478
7 0.248922 0.267755 0.165333 0.024836
3 0.191810 0.292385 0.054495 0.034688
7 0.639317 0.377155 0.192734 0.025246
7 0.639240 0.489327 0.203972 0.026273
7 0.636161 0.461617 0.210745 0.027504
7 0.645782 0.405686 0.212438 0.023604
10 0.354218 0.342467 0.044027 0.026478
7 0.655634 0.604475 0.143473 0.023399
7 0.268858 0.655378 0.192888 0.025041
10 0.363300 0.455357 0.043103 0.028941
7 0.274938 0.432574 0.217057 0.026067
3 0.558113 0.451355 0.073430 0.055419
7 0.669258 0.349651 0.165486 0.025657
7 0.634698 0.629516 0.191502 0.026273
7 0.248307 0.350575 0.168103 0.026273
7 0.298030 0.490045 0.162869 0.028120
