7 0.331538 0.453195 0.214141 0.042492
7 0.320651 0.387061 0.187879 0.034185
7 0.328058 0.579712 0.195960 0.030990
7 0.325814 0.547923 0.193715 0.032588
3 0.617733 0.590575 0.058810 0.071246
7 0.333221 0.358626 0.148822 0.036102
5 0.266218 0.205431 0.037710 0.038978
7 0.337823 0.262460 0.160269 0.029073
3 0.769697 0.569808 0.041302 0.038658
9 0.711223 0.539457 0.239506 0.031629
7 0.712682 0.575879 0.233446 0.035463
2 0.171156 0.425559 0.117845 0.561022
7 0.344781 0.610543 0.158025 0.030671
8 0.292593 0.500479 0.461728 0.935783
7 0.734905 0.613738 0.182267 0.037061
7 0.309091 0.295208 0.178676 0.032588
0 0.706173 0.273163 0.222671 0.480511
7 0.328620 0.326038 0.201571 0.029073
7 0.338384 0.516134 0.154658 0.030990
7 0.331538 0.415655 0.159371 0.035783
8 0.749607 0.492492 0.467565 0.965176
2 0.555892 0.473962 0.076094 0.897444
2 0.898878 0.470927 0.164983 0.906709
7 0.312009 0.202236 0.195735 0.032588
7 0.328620 0.485783 0.201571 0.025879
7 0.711560 0.647764 0.239731 0.034185
7 0.328058 0.643930 0.198204 0.042492
13 0.715937 0.592173 0.243996 0.145367
7 0.325253 0.231629 0.197082 0.029393
5 0.269136 0.423003 0.041302 0.044089
5 0.274860 0.645527 0.032099 0.042492
2 0.751178 0.794409 0.468911 0.250160
7 0.329742 0.168051 0.155780 0.032588
