10 0.642523 0.491174 0.055715 0.024047
8 0.485802 0.502430 0.971603 0.970581
9 0.366104 0.417370 0.024083 0.023280
7 0.454349 0.494756 0.365924 0.017907
7 0.436017 0.639806 0.458663 0.014326
7 0.429907 0.351241 0.501078 0.019954
7 0.278936 0.659248 0.214953 0.021489
7 0.429188 0.444231 0.498203 0.019698
3 0.193746 0.585700 0.055356 0.031466
7 0.427570 0.206063 0.492811 0.019186
3 0.184939 0.678179 0.065780 0.034792
3 0.185838 0.633794 0.048886 0.027373
9 0.307333 0.346380 0.023724 0.020977
2 0.111790 0.480814 0.112150 0.324124
7 0.421999 0.326938 0.489576 0.015861
7 0.451474 0.592863 0.457225 0.016628
7 0.430985 0.375927 0.510424 0.022256
10 0.566499 0.561397 0.205607 0.022768
10 0.568835 0.513942 0.203091 0.024047
7 0.422717 0.684830 0.476636 0.019954
7 0.433142 0.422103 0.506111 0.018931
7 0.341481 0.565362 0.323508 0.018419
7 0.428469 0.253773 0.497484 0.017907
7 0.414630 0.517140 0.287203 0.011000
7 0.299245 0.613712 0.250539 0.021489
7 0.426851 0.302635 0.496405 0.017396
9 0.396657 0.466743 0.205248 0.031977
10 0.508807 0.657969 0.311646 0.026094
3 0.190331 0.538629 0.050683 0.027884
7 0.424515 0.230877 0.491014 0.018675
13 0.425773 0.431312 0.526600 0.537222
7 0.430086 0.182400 0.501438 0.017907
7 0.424694 0.468790 0.481308 0.018675
7 0.436197 0.541059 0.446801 0.018931
7 0.425413 0.400230 0.498562 0.022256
3 0.214953 0.499744 0.095615 0.060118
7 0.425054 0.278972 0.488497 0.016117
10 0.526600 0.611793 0.289001 0.024815
