7 0.300800 0.485735 0.243227 0.031814
7 0.304803 0.566913 0.245690 0.033251
7 0.701278 0.499384 0.247691 0.038177
7 0.699661 0.693350 0.248768 0.037767
13 0.311730 0.468186 0.272783 0.495895
7 0.696198 0.657533 0.245536 0.036741
5 0.361761 0.681753 0.066195 0.053161
5 0.245305 0.602114 0.063578 0.051929
7 0.699507 0.618227 0.243227 0.037356
7 0.702278 0.262007 0.235530 0.038383
5 0.640933 0.571018 0.053417 0.055419
8 0.282097 0.509442 0.425339 0.770525
7 0.313885 0.244663 0.254618 0.038588
7 0.311961 0.328202 0.255696 0.033251
7 0.304572 0.367098 0.239686 0.030993
5 0.726986 0.457512 0.054341 0.058703
5 0.758698 0.342159 0.050031 0.049672
7 0.701509 0.416461 0.243842 0.039409
7 0.304803 0.683703 0.251847 0.031199
7 0.702201 0.536433 0.246767 0.038383
7 0.697429 0.457615 0.240610 0.038793
7 0.701663 0.379721 0.244150 0.034893
7 0.302340 0.447660 0.241071 0.027915
5 0.291872 0.285817 0.051724 0.056445
7 0.328587 0.524836 0.218442 0.036125
7 0.703048 0.300903 0.238916 0.038177
13 0.704972 0.481117 0.264317 0.501642
5 0.735068 0.655788 0.055111 0.046388
7 0.313270 0.285304 0.258929 0.034072
7 0.328741 0.407020 0.213516 0.030788
7 0.310884 0.643576 0.260622 0.030583
7 0.698045 0.340722 0.235991 0.036946
5 0.200739 0.523604 0.045874 0.052956
7 0.700354 0.574918 0.246151 0.038177
8 0.725292 0.519704 0.440733 0.770525
7 0.303110 0.606424 0.244458 0.035099
5 0.197737 0.401580 0.050031 0.055213
