3 0.571121 0.544951 0.116379 0.096059
7 0.341441 0.445197 0.163177 0.038177
7 0.323738 0.517857 0.180727 0.034483
7 0.681958 0.228448 0.147167 0.028736
7 0.350600 0.555932 0.160560 0.036741
10 0.418719 0.525554 0.032635 0.027299
3 0.253849 0.441708 0.051416 0.053366
7 0.333128 0.373153 0.184113 0.036125
7 0.668565 0.307061 0.203202 0.029146
7 0.653556 0.636700 0.170413 0.026683
7 0.334667 0.336207 0.208436 0.032020
7 0.666718 0.342570 0.200123 0.027094
7 0.343981 0.218083 0.201509 0.036330
7 0.342288 0.256158 0.202124 0.036535
7 0.686961 0.564142 0.123307 0.027709
7 0.692503 0.528222 0.129772 0.029762
7 0.338978 0.482143 0.205973 0.035304
7 0.669566 0.455562 0.199969 0.028941
7 0.667026 0.599651 0.204433 0.027299
8 0.270551 0.496100 0.457974 0.946634
7 0.337438 0.409893 0.201663 0.039409
3 0.259544 0.329331 0.051416 0.049466
10 0.751693 0.638547 0.029557 0.025452
3 0.252386 0.546901 0.052802 0.056034
13 0.338901 0.435858 0.219982 0.527709
7 0.663793 0.267139 0.184113 0.030172
7 0.674030 0.672414 0.162408 0.029146
7 0.690040 0.378489 0.170413 0.027915
7 0.676262 0.490661 0.217365 0.029762
8 0.723368 0.499897 0.447660 0.922619
7 0.331512 0.591236 0.192888 0.034688
7 0.664409 0.416975 0.190271 0.028120
7 0.326740 0.627258 0.185499 0.034483
3 0.583282 0.378900 0.052032 0.045567
7 0.333282 0.667180 0.201047 0.033046
3 0.742688 0.490250 0.031866 0.043309
13 0.648707 0.452689 0.268165 0.510878
3 0.584360 0.226601 0.055727 0.049672
7 0.345828 0.293206 0.212900 0.035920
3 0.586130 0.672516 0.057728 0.040846
