8 0.728756 0.509750 0.437500 0.844622
7 0.330280 0.597804 0.234452 0.021552
7 0.320813 0.436371 0.215825 0.018883
13 0.326970 0.423440 0.258929 0.439655
7 0.290486 0.302648 0.156096 0.019499
7 0.322814 0.489943 0.224446 0.020115
7 0.325816 0.622640 0.222445 0.019089
10 0.398245 0.325534 0.081897 0.029967
7 0.326663 0.410612 0.224446 0.019910
8 0.278710 0.506876 0.440117 0.838875
9 0.428110 0.591338 0.041564 0.029557
9 0.279942 0.324610 0.146706 0.029351
7 0.358374 0.384134 0.164409 0.019910
7 0.323892 0.276580 0.221059 0.021962
9 0.382774 0.619561 0.020166 0.026888
7 0.296644 0.329433 0.160714 0.020936
3 0.241148 0.365866 0.057728 0.069171
7 0.321967 0.462644 0.215979 0.020936
7 0.324353 0.250103 0.223830 0.022373
7 0.327355 0.570197 0.224292 0.021346
7 0.323199 0.516728 0.218750 0.021141
10 0.401709 0.297311 0.085437 0.030993
7 0.323815 0.542488 0.224908 0.021346
7 0.347522 0.356219 0.163947 0.020731
