3 0.209898 0.259134 0.043257 0.039204
7 0.300954 0.377360 0.222906 0.030172
3 0.203587 0.401067 0.048491 0.029967
7 0.291718 0.516831 0.217057 0.027504
8 0.288562 0.501129 0.421644 0.836412
3 0.199353 0.646552 0.044951 0.027094
7 0.322814 0.353654 0.186884 0.016010
7 0.316733 0.406917 0.177186 0.024015
3 0.202509 0.483888 0.046644 0.034688
10 0.353371 0.541359 0.108836 0.023194
7 0.307959 0.321531 0.230450 0.024836
7 0.305265 0.297209 0.221675 0.027094
3 0.200200 0.563732 0.046952 0.031404
7 0.316041 0.573584 0.182882 0.021141
7 0.213516 0.621100 0.061576 0.021757
3 0.201970 0.344314 0.050185 0.032225
13 0.302340 0.469930 0.259236 0.493227
7 0.297953 0.600472 0.227371 0.029762
10 0.326586 0.629002 0.162408 0.027709
7 0.324815 0.267447 0.183805 0.026273
7 0.310345 0.656507 0.173645 0.027299
8 0.730911 0.505747 0.439039 0.827176
7 0.254618 0.457307 0.131466 0.024631
7 0.298107 0.434524 0.219366 0.027504
7 0.317272 0.489737 0.181650 0.024220
10 0.366302 0.458436 0.089748 0.023194
7 0.293488 0.682471 0.222752 0.029557
7 0.240764 0.542180 0.112685 0.017036
