3 0.570782 0.332397 0.037398 0.039795
7 0.660861 0.429565 0.199112 0.022705
7 0.672217 0.401245 0.165130 0.023193
7 0.250854 0.239136 0.075137 0.017334
7 0.332992 0.583252 0.159836 0.021484
8 0.703979 0.506592 0.415471 0.839355
3 0.228996 0.593140 0.055669 0.068604
10 0.718408 0.581299 0.090505 0.027344
7 0.309085 0.332886 0.190232 0.023193
7 0.575649 0.520386 0.029372 0.022217
10 0.366547 0.672241 0.094092 0.030029
7 0.655738 0.273071 0.179986 0.023193
9 0.308060 0.519165 0.014686 0.027100
3 0.572490 0.679688 0.039105 0.059570
3 0.568989 0.550171 0.042691 0.042236
3 0.570782 0.244507 0.040813 0.048584
7 0.307719 0.487793 0.192281 0.020020
3 0.222421 0.519165 0.049693 0.037354
13 0.663508 0.476685 0.233436 0.508057
7 0.676400 0.671265 0.172814 0.023193
3 0.221995 0.270630 0.039959 0.043701
7 0.672558 0.336060 0.162056 0.024170
7 0.679389 0.465210 0.176742 0.023193
3 0.570355 0.397705 0.036544 0.043457
7 0.670936 0.243896 0.171107 0.023926
7 0.325222 0.643677 0.165813 0.018311
7 0.313525 0.301758 0.202186 0.027344
3 0.221055 0.423218 0.045253 0.042236
7 0.662739 0.490234 0.203893 0.022949
10 0.743596 0.643677 0.046960 0.039795
7 0.325137 0.272705 0.170765 0.024902
10 0.351349 0.240845 0.135075 0.028564
7 0.674436 0.551392 0.171277 0.023682
7 0.288337 0.396973 0.142930 0.023926
7 0.315915 0.457153 0.199112 0.023193
10 0.363986 0.613770 0.097507 0.027344
7 0.682462 0.612915 0.176059 0.022705
7 0.286202 0.613159 0.056694 0.020752
9 0.341274 0.552368 0.013149 0.026611
8 0.276042 0.504150 0.426742 0.841797
7 0.328125 0.429321 0.173327 0.023193
7 0.616376 0.581543 0.112534 0.027344
2 0.149676 0.505981 0.118340 0.621338
7 0.327698 0.520996 0.177596 0.023438
7 0.662824 0.365234 0.198258 0.026367
3 0.223702 0.642334 0.033128 0.040039
10 0.389600 0.395752 0.054816 0.022461
7 0.643186 0.641724 0.156933 0.023193
7 0.313354 0.553589 0.208675 0.018799
3 0.573429 0.611206 0.040984 0.039795
7 0.266393 0.672119 0.112705 0.023438
10 0.681438 0.522217 0.173327 0.031250
7 0.672217 0.398804 0.165130 0.023193
7 0.315574 0.365723 0.202186 0.022949
7 0.652835 0.305298 0.184768 0.020752
13 0.314805 0.455566 0.225581 0.482910
3 0.566855 0.456909 0.036714 0.037354
