7 0.470274 0.238389 0.175305 0.023221
10 0.833841 0.407362 0.138720 0.020257
7 0.687500 0.505188 0.434451 0.025198
10 0.703887 0.344615 0.398628 0.028162
3 0.432165 0.431818 0.092988 0.030632
7 0.641768 0.313241 0.512195 0.028656
3 0.429497 0.270257 0.090701 0.038538
7 0.464177 0.344862 0.153963 0.025692
10 0.847942 0.473073 0.116616 0.020257
7 0.589177 0.473814 0.419207 0.026680
3 0.430259 0.595356 0.089177 0.029644
3 0.429116 0.367342 0.094512 0.035079
3 0.424924 0.170702 0.086128 0.036067
7 0.678354 0.175642 0.445122 0.029150
7 0.636433 0.210968 0.509146 0.030632
7 0.694741 0.375247 0.415396 0.024209
7 0.583460 0.408597 0.394055 0.025692
7 0.670732 0.440711 0.483232 0.023715
7 0.685976 0.276433 0.420732 0.026186
7 0.654726 0.632658 0.539634 0.024209
10 0.704649 0.240860 0.386433 0.027174
7 0.580030 0.573370 0.382622 0.024209
3 0.431402 0.497530 0.094512 0.032609
10 0.836128 0.572134 0.143293 0.021739
8 0.537729 0.497530 0.923018 0.940711
7 0.642912 0.541008 0.519055 0.026680
13 0.652058 0.402915 0.546494 0.502470
7 0.651677 0.602273 0.509146 0.023715
