7 0.730599 0.316426 0.124723 0.020510
3 0.604767 0.297672 0.121120 0.130081
7 0.339800 0.499446 0.203991 0.020325
9 0.681056 0.196877 0.267323 0.033444
7 0.731499 0.242886 0.125693 0.021988
8 0.726372 0.496951 0.418930 0.867517
7 0.680848 0.547672 0.251386 0.026238
7 0.677799 0.432927 0.244180 0.024390
7 0.363359 0.221360 0.249169 0.026238
7 0.361973 0.361419 0.251940 0.025868
7 0.359964 0.431171 0.242932 0.025314
13 0.676414 0.429601 0.279933 0.505174
7 0.362805 0.478197 0.251386 0.023651
7 0.680987 0.594512 0.248614 0.023836
7 0.361835 0.311160 0.243348 0.026608
7 0.684174 0.662879 0.254435 0.024205
7 0.367447 0.196508 0.254019 0.026792
7 0.732123 0.266075 0.129157 0.020695
7 0.676483 0.523744 0.244041 0.024205
7 0.361350 0.455654 0.249030 0.022912
7 0.683550 0.616038 0.254296 0.024390
7 0.679185 0.363729 0.246951 0.024945
7 0.678977 0.570122 0.249030 0.025314
7 0.362736 0.410754 0.251524 0.027347
8 0.307165 0.501755 0.421425 0.861604
9 0.678354 0.222653 0.260809 0.019956
13 0.362597 0.348854 0.274806 0.354028
7 0.359895 0.263211 0.243348 0.025314
7 0.680710 0.639967 0.244457 0.023836
7 0.363428 0.383592 0.244041 0.025129
2 0.858647 0.420085 0.095067 0.503511
7 0.674889 0.221914 0.251940 0.025868
7 0.735449 0.292313 0.134701 0.020325
7 0.678076 0.502679 0.248060 0.024575
7 0.361350 0.241316 0.242101 0.025499
7 0.675443 0.456486 0.243625 0.024575
7 0.361073 0.335735 0.247644 0.024390
7 0.675928 0.480137 0.243487 0.023836
7 0.678076 0.411308 0.247783 0.024390
7 0.722422 0.339985 0.159922 0.023651
7 0.679047 0.198540 0.250554 0.024945
7 0.363151 0.288710 0.252356 0.025684
7 0.678215 0.386918 0.246674 0.023282
