7 0.513709 0.635591 0.619954 0.033514
7 0.593679 0.487137 0.454684 0.026434
7 0.517327 0.565376 0.638614 0.028086
7 0.522277 0.448430 0.649276 0.026906
7 0.526847 0.410786 0.649276 0.027614
3 0.657273 0.555464 0.093679 0.039415
7 0.509901 0.144324 0.598629 0.030446
7 0.508759 0.602077 0.613861 0.030682
3 0.283511 0.496578 0.150419 0.070333
9 0.434692 0.247345 0.155750 0.038707
7 0.519421 0.372787 0.628332 0.028086
3 0.320069 0.672410 0.093298 0.037291
7 0.499238 0.680670 0.592536 0.018409
7 0.596915 0.525962 0.452018 0.028558
7 0.514851 0.258910 0.625286 0.030210
13 0.540937 0.407128 0.740670 0.630635
9 0.712300 0.478169 0.232673 0.038707
7 0.512376 0.182440 0.610434 0.029738
7 0.516184 0.332547 0.615004 0.026434
9 0.419078 0.439462 0.453542 0.043899
7 0.504760 0.221501 0.595963 0.029030
7 0.509330 0.295610 0.611196 0.028558
8 0.502285 0.494218 0.949733 0.988435
