2 0.238013 0.452790 0.079961 0.459165
7 0.381998 0.370381 0.182788 0.016445
3 0.577328 0.405211 0.027162 0.030673
7 0.665604 0.349409 0.191796 0.016999
8 0.347284 0.495381 0.346175 0.707317
7 0.396965 0.393385 0.171147 0.015521
7 0.397173 0.348762 0.185976 0.016075
7 0.663733 0.520233 0.197201 0.018293
3 0.575596 0.448910 0.032289 0.027162
7 0.674612 0.412509 0.171009 0.018662
3 0.300097 0.430802 0.027300 0.027162
3 0.577744 0.321323 0.029656 0.021434
13 0.391976 0.456763 0.219374 0.469327
7 0.345413 0.263304 0.109618 0.015152
3 0.300998 0.342849 0.035754 0.028271
7 0.401330 0.436253 0.171563 0.016260
2 0.810698 0.451127 0.075665 0.458056
7 0.677384 0.562639 0.168514 0.018477
10 0.731638 0.541297 0.067212 0.019401
7 0.404518 0.480876 0.170455 0.015336
10 0.469304 0.321877 0.052799 0.018108
7 0.660892 0.626386 0.196785 0.018477
3 0.298850 0.474409 0.031458 0.026053
3 0.577744 0.261826 0.026330 0.027347
7 0.664496 0.584904 0.202882 0.017923
10 0.461682 0.456208 0.059451 0.016999
10 0.460851 0.580931 0.057788 0.019217
7 0.393293 0.521619 0.207871 0.017369
10 0.445468 0.258407 0.093542 0.018293
7 0.389274 0.413618 0.199834 0.016075
13 0.663595 0.458518 0.216879 0.461382
3 0.574764 0.492517 0.030626 0.028271
7 0.399945 0.284738 0.173503 0.015521
10 0.451497 0.646157 0.085089 0.022542
7 0.674058 0.328344 0.169900 0.018108
7 0.391630 0.306356 0.202882 0.016999
7 0.638858 0.540743 0.148282 0.016814
7 0.663248 0.668607 0.200942 0.019401
7 0.360033 0.587306 0.137472 0.017184
7 0.370704 0.327236 0.158537 0.017369
7 0.352411 0.651977 0.125554 0.018293
7 0.670108 0.287694 0.199418 0.018477
7 0.666089 0.435514 0.196646 0.018108
7 0.668653 0.371212 0.195122 0.017738
3 0.299266 0.277162 0.028963 0.030673
3 0.300928 0.538987 0.028963 0.030673
3 0.574349 0.553215 0.031458 0.031781
7 0.387749 0.566796 0.192627 0.017554
7 0.675166 0.647727 0.169900 0.016814
3 0.298434 0.604860 0.030626 0.026053
7 0.400083 0.608463 0.176829 0.015521
7 0.668514 0.308204 0.199557 0.016999
3 0.570538 0.598577 0.037417 0.022727
7 0.664288 0.477550 0.197755 0.017923
7 0.675443 0.456393 0.164911 0.017738
10 0.748614 0.247044 0.039911 0.020325
7 0.656666 0.246027 0.172810 0.018662
3 0.301344 0.387103 0.031458 0.030673
7 0.653686 0.391075 0.171840 0.017184
7 0.402993 0.543884 0.173226 0.017184
7 0.678908 0.267369 0.171840 0.018477
7 0.676344 0.498984 0.167544 0.017554
7 0.400568 0.673041 0.185560 0.019032
3 0.297603 0.667683 0.030626 0.020510
7 0.674335 0.606338 0.168792 0.018293
7 0.385809 0.631190 0.190133 0.016260
7 0.391353 0.500739 0.205100 0.015891
7 0.388720 0.243348 0.202051 0.015891
3 0.572201 0.639412 0.027162 0.027162
7 0.360380 0.458149 0.135394 0.016445
8 0.704823 0.502125 0.351996 0.705285
10 0.749515 0.387657 0.034784 0.027347
