13 0.708128 0.424364 0.278325 0.536330
7 0.331127 0.631671 0.192118 0.034688
7 0.312577 0.572660 0.227371 0.037356
8 0.731296 0.484606 0.463824 0.850985
7 0.315502 0.664409 0.227371 0.034893
7 0.729603 0.280172 0.185807 0.026273
7 0.346983 0.478654 0.168411 0.032020
7 0.340825 0.447968 0.165948 0.032225
7 0.702740 0.615456 0.203818 0.035509
7 0.708821 0.341441 0.232913 0.030583
7 0.302263 0.328305 0.222445 0.036330
2 0.144243 0.482245 0.087746 0.228859
3 0.223214 0.468288 0.072352 0.064245
10 0.753002 0.646757 0.152555 0.014778
7 0.271475 0.388649 0.157174 0.033046
3 0.204818 0.305521 0.051570 0.034688
9 0.400246 0.415538 0.036022 0.032635
7 0.302956 0.246408 0.226601 0.036330
7 0.325508 0.301211 0.187346 0.031814
7 0.275708 0.513957 0.155788 0.025452
7 0.302802 0.355809 0.225369 0.037151
7 0.739763 0.581383 0.178417 0.028941
7 0.318042 0.601293 0.235530 0.038793
7 0.697968 0.227217 0.219212 0.027504
13 0.310884 0.443863 0.269550 0.526888
3 0.212284 0.547619 0.048337 0.038588
7 0.701817 0.431445 0.218904 0.029967
7 0.316733 0.213978 0.180265 0.031814
3 0.612223 0.200944 0.048645 0.033662
10 0.390317 0.508108 0.065117 0.018678
7 0.698430 0.522989 0.205049 0.028736
7 0.643473 0.557163 0.090517 0.021141
7 0.328433 0.417488 0.186115 0.030378
10 0.741225 0.369458 0.156712 0.011084
7 0.328279 0.542590 0.181804 0.028941
3 0.212208 0.637110 0.044489 0.036946
7 0.696659 0.254002 0.215979 0.028941
3 0.613916 0.404146 0.049877 0.035304
10 0.760622 0.547927 0.137315 0.012931
3 0.615610 0.585386 0.054803 0.032020
7 0.307189 0.272989 0.229526 0.029967
7 0.724985 0.192939 0.176262 0.033662
3 0.615610 0.462644 0.048953 0.034072
3 0.203741 0.221162 0.045720 0.033867
7 0.701663 0.314347 0.217365 0.027709
7 0.733297 0.460591 0.182112 0.029146
7 0.625616 0.376232 0.066810 0.018473
7 0.729680 0.401375 0.179803 0.025246
8 0.291333 0.512418 0.461977 0.842570
7 0.634852 0.650041 0.068966 0.023810
7 0.707897 0.491482 0.227371 0.031814
10 0.386161 0.383313 0.070659 0.020320
3 0.609683 0.289101 0.050954 0.038383
3 0.210514 0.419643 0.047568 0.034688
