3 0.175800 0.538896 0.022475 0.035920
3 0.690040 0.295361 0.021090 0.032020
7 0.681650 0.620177 0.268781 0.011289
8 0.264163 0.495895 0.432574 0.856322
3 0.175800 0.606630 0.031404 0.035920
7 0.678110 0.443555 0.260160 0.010263
7 0.312654 0.406301 0.300185 0.021552
7 0.610837 0.655275 0.174569 0.012521
7 0.324507 0.372126 0.271552 0.018062
7 0.324507 0.654659 0.261392 0.017036
13 0.667565 0.463978 0.320351 0.521141
3 0.533636 0.264368 0.025400 0.029967
7 0.677340 0.264470 0.259852 0.026067
3 0.175877 0.642652 0.028479 0.032020
3 0.529865 0.540846 0.027094 0.039819
7 0.670643 0.335078 0.295720 0.011289
7 0.322352 0.232759 0.270628 0.018062
3 0.532097 0.299261 0.031558 0.027915
3 0.532097 0.439039 0.028479 0.032020
8 0.705742 0.494869 0.441656 0.854269
13 0.300031 0.454947 0.336823 0.558908
7 0.322814 0.549056 0.261392 0.016831
7 0.320659 0.266933 0.263855 0.017036
7 0.676108 0.550493 0.264163 0.012315
7 0.677186 0.231527 0.265394 0.025862
7 0.336746 0.445094 0.247075 0.018268
3 0.175877 0.362172 0.028479 0.042077
7 0.676955 0.688321 0.256312 0.013342
7 0.676262 0.300800 0.253387 0.012110
7 0.677725 0.478551 0.259390 0.011289
10 0.781327 0.402094 0.068812 0.029967
7 0.315271 0.480501 0.204126 0.019294
7 0.325354 0.514265 0.269858 0.021552
7 0.312654 0.338362 0.295259 0.018268
7 0.658790 0.513752 0.268935 0.012315
3 0.528633 0.614327 0.034483 0.041461
3 0.743150 0.473933 0.025400 0.037767
10 0.758929 0.648604 0.110837 0.032020
7 0.662331 0.584975 0.279095 0.012315
7 0.324507 0.619869 0.261392 0.016831
3 0.531404 0.477935 0.024015 0.033867
7 0.310037 0.302443 0.288177 0.013752
7 0.691502 0.372845 0.236761 0.011289
3 0.175108 0.221367 0.026940 0.035920
10 0.428802 0.580768 0.058344 0.031814
3 0.531404 0.230398 0.024015 0.033867
3 0.527632 0.684524 0.038947 0.048440
3 0.177340 0.500924 0.025554 0.031814
3 0.541872 0.383108 0.053879 0.063834
7 0.278479 0.583333 0.226909 0.018062
7 0.658405 0.407841 0.170567 0.012315
7 0.314347 0.686782 0.296798 0.022578
3 0.185576 0.452997 0.050954 0.067734
3 0.176570 0.259339 0.027094 0.035920
10 0.439347 0.471880 0.043411 0.029967
