13 0.675031 0.459052 0.212746 0.375411
8 0.726601 0.523194 0.455973 0.832512
7 0.670567 0.443247 0.199200 0.026888
7 0.673260 0.408354 0.193504 0.028941
7 0.669258 0.551519 0.200277 0.033251
7 0.312885 0.522886 0.206743 0.026478
7 0.306342 0.416564 0.191502 0.027299
7 0.317965 0.452381 0.209206 0.029146
2 0.536176 0.451560 0.044027 0.419540
7 0.673568 0.372845 0.193196 0.030993
8 0.267395 0.518062 0.462438 0.825534
9 0.340902 0.447352 0.027555 0.042488
9 0.349138 0.406712 0.024938 0.042488
2 0.722752 0.224446 0.391318 0.096675
9 0.409406 0.479680 0.023553 0.033251
7 0.340517 0.561166 0.120690 0.027094
7 0.669643 0.585386 0.200431 0.027504
2 0.450123 0.487685 0.055419 0.675698
7 0.346136 0.595854 0.135314 0.026273
2 0.282328 0.749487 0.375616 0.152094
7 0.677648 0.336310 0.200123 0.028120
3 0.718288 0.297209 0.049569 0.047619
2 0.716210 0.736453 0.404095 0.167488
7 0.669258 0.478961 0.195043 0.028530
9 0.587900 0.578407 0.034175 0.041051
9 0.387238 0.518473 0.056804 0.040640
7 0.311192 0.307163 0.197814 0.028120
7 0.672414 0.299056 0.189347 0.031199
7 0.317272 0.343493 0.209975 0.028120
3 0.698661 0.544951 0.046644 0.043514
2 0.854141 0.546695 0.128541 0.547414
7 0.314578 0.487685 0.199046 0.027504
3 0.696583 0.369356 0.049569 0.049877
13 0.315733 0.465517 0.214286 0.368637
7 0.317272 0.380439 0.213054 0.028120
7 0.674261 0.516112 0.213978 0.029351
3 0.728525 0.438629 0.056804 0.050082
7 0.316272 0.630644 0.209206 0.027299
7 0.667334 0.621716 0.201355 0.030378
2 0.146937 0.492200 0.110068 0.683908
3 0.241533 0.569889 0.075431 0.083128
2 0.286176 0.211515 0.386084 0.122537
