7 0.559248 0.662901 0.278370 0.020953
7 0.568025 0.686730 0.293417 0.019310
2 0.099687 0.490345 0.110345 0.882087
7 0.488401 0.712202 0.432602 0.020953
7 0.565517 0.638661 0.283386 0.020953
0 0.430721 0.329499 0.568025 0.543961
8 0.489655 0.503287 0.979310 0.961380
1 0.824138 0.487675 0.225078 0.870173
7 0.556740 0.614215 0.268339 0.019721
13 0.436050 0.663928 0.562382 0.134758
3 0.288715 0.648110 0.267712 0.096549
1 0.490909 0.799918 0.875235 0.248973
3 0.213793 0.709532 0.080251 0.026294
