7 0.351511 0.341371 0.314717 0.038248
7 0.353451 0.244826 0.314163 0.043237
7 0.368348 0.766814 0.268016 0.032890
7 0.668792 0.398374 0.310698 0.032520
5 0.530003 0.354490 0.032012 0.059682
9 0.818667 0.555155 0.046147 0.043792
7 0.693182 0.622783 0.274390 0.026792
5 0.536308 0.639782 0.042960 0.063008
7 0.349432 0.570307 0.311946 0.037509
7 0.683689 0.328252 0.281181 0.028640
7 0.372298 0.730876 0.265382 0.031596
9 0.499654 0.150499 0.032012 0.038618
7 0.692350 0.657151 0.276608 0.024575
5 0.226996 0.382299 0.059035 0.065410
8 0.685698 0.484294 0.353381 0.780857
7 0.671425 0.720806 0.316519 0.029564
7 0.346383 0.794346 0.313331 0.038433
7 0.669692 0.428123 0.311946 0.030673
9 0.523420 0.495565 0.027439 0.033629
7 0.667683 0.170270 0.306541 0.036401
7 0.354282 0.145048 0.311669 0.041390
7 0.353936 0.212860 0.310144 0.043237
7 0.350679 0.602642 0.310560 0.038618
7 0.683758 0.361327 0.285477 0.027531
7 0.668861 0.495196 0.311669 0.027347
7 0.668584 0.234756 0.309728 0.033444
8 0.340978 0.475148 0.336059 0.792498
5 0.216671 0.740669 0.047256 0.058574
9 0.475402 0.344605 0.068598 0.047672
7 0.674127 0.591648 0.319706 0.025499
7 0.673226 0.560976 0.318736 0.025499
7 0.669970 0.459996 0.311114 0.029379
7 0.355599 0.180617 0.306541 0.042683
7 0.381305 0.376940 0.253187 0.036955
9 0.208010 0.592849 0.043237 0.045639
9 0.799335 0.589893 0.067073 0.043792
7 0.350887 0.504435 0.313747 0.041759
9 0.800097 0.291944 0.053631 0.041759
7 0.380474 0.407613 0.252079 0.038803
7 0.671355 0.267184 0.313331 0.032151
7 0.354975 0.309405 0.311391 0.042683
7 0.671078 0.754527 0.314163 0.029749
9 0.775152 0.257299 0.024529 0.039727
7 0.666644 0.820676 0.307511 0.031596
5 0.386987 0.143477 0.027578 0.037879
7 0.349709 0.472007 0.313609 0.042313
7 0.671910 0.299520 0.317489 0.031781
7 0.670039 0.688285 0.315965 0.026238
7 0.669207 0.526885 0.311253 0.024945
7 0.353312 0.276053 0.310006 0.043607
9 0.595274 0.552199 0.031181 0.045639
7 0.350887 0.635163 0.312916 0.038987
7 0.671771 0.785292 0.316380 0.032890
9 0.618764 0.296471 0.037971 0.046748
13 0.671563 0.476811 0.320122 0.736327
9 0.500346 0.637565 0.018708 0.035661
9 0.594512 0.225979 0.044623 0.040650
7 0.352065 0.437823 0.313609 0.041574
7 0.669415 0.200388 0.310560 0.031596
9 0.480183 0.701589 0.066242 0.036585
7 0.347215 0.536031 0.308065 0.038803
13 0.348947 0.456208 0.320122 0.741316
7 0.353659 0.109941 0.316519 0.040650
7 0.350402 0.700018 0.312777 0.036770
7 0.349570 0.666205 0.311114 0.036770
7 0.672256 0.135717 0.313470 0.039727
9 0.210297 0.690225 0.046147 0.045639
