7 0.328789 0.632494 0.469848 0.019443
13 0.336917 0.512226 0.564237 0.404036
3 0.429470 0.409412 0.068170 0.033731
7 0.320399 0.345485 0.463555 0.019885
7 0.325118 0.456400 0.468799 0.016645
7 0.327871 0.565768 0.485842 0.020916
7 0.343996 0.610326 0.505506 0.021358
7 0.361694 0.387170 0.431306 0.019591
3 0.379261 0.455222 0.061615 0.030785
3 0.106450 0.392105 0.077609 0.032405
7 0.329051 0.365002 0.478238 0.020916
3 0.278186 0.589336 0.062926 0.031522
7 0.338096 0.411474 0.509963 0.019001
7 0.323938 0.586905 0.462244 0.021358
7 0.336917 0.542201 0.492396 0.021211
3 0.215391 0.674915 0.086786 0.028576
7 0.343471 0.323759 0.498165 0.018854
3 0.504195 0.542716 0.065548 0.033142
7 0.328920 0.694359 0.481647 0.021505
3 0.316990 0.634777 0.068170 0.035204
7 0.339407 0.477905 0.488464 0.017823
7 0.318563 0.433127 0.460933 0.019296
7 0.333508 0.521284 0.487677 0.020622
3 0.547063 0.496539 0.118773 0.032405
7 0.332984 0.499705 0.489775 0.021063
7 0.326953 0.672706 0.470372 0.020622
8 0.337834 0.557004 0.669900 0.592871
7 0.337441 0.652747 0.496592 0.020180
3 0.230073 0.346737 0.073676 0.030049
