7 0.348060 0.581691 0.243842 0.013136
7 0.353679 0.790333 0.153479 0.014163
9 0.554187 0.278530 0.041564 0.029557
7 0.654403 0.488095 0.233374 0.012315
7 0.659560 0.515907 0.248922 0.012931
7 0.348599 0.380131 0.235683 0.015189
7 0.680573 0.542385 0.170259 0.011700
8 0.287639 0.494356 0.415794 0.842570
7 0.346521 0.611145 0.239532 0.010878
13 0.335822 0.505337 0.299415 0.674056
7 0.355296 0.322968 0.253387 0.015805
7 0.661561 0.312500 0.170720 0.010878
10 0.720828 0.591954 0.104834 0.022167
3 0.565271 0.379002 0.053264 0.053161
7 0.685576 0.398502 0.178417 0.010878
7 0.370921 0.408662 0.205203 0.012315
7 0.678341 0.342980 0.195967 0.010673
3 0.248538 0.397886 0.031558 0.028941
7 0.348753 0.437500 0.243381 0.012931
7 0.674800 0.572147 0.161176 0.012110
9 0.678033 0.501847 0.042950 0.044335
7 0.349292 0.526478 0.242303 0.010263
7 0.679880 0.370279 0.170720 0.010263
10 0.409791 0.459975 0.108067 0.024220
10 0.443119 0.260468 0.031558 0.033251
7 0.367303 0.295361 0.201047 0.014368
7 0.370767 0.237172 0.195967 0.011700
7 0.343596 0.552853 0.231835 0.011700
9 0.332589 0.486145 0.041410 0.038793
3 0.552879 0.303571 0.038331 0.022167
3 0.552879 0.247126 0.034945 0.033251
3 0.565348 0.550903 0.059883 0.059934
3 0.250231 0.487685 0.031558 0.035304
7 0.656173 0.227627 0.242457 0.010263
13 0.658482 0.432266 0.276016 0.532020
7 0.369304 0.353038 0.205357 0.012315
7 0.601370 0.602730 0.127925 0.013752
7 0.321506 0.264881 0.182728 0.012931
7 0.650631 0.282943 0.227063 0.010878
3 0.245998 0.344622 0.029865 0.028736
7 0.289332 0.465312 0.126693 0.011494
7 0.648553 0.427545 0.225677 0.010673
8 0.709975 0.489943 0.415640 0.846880
3 0.558651 0.335796 0.033251 0.028736
7 0.652863 0.457307 0.234914 0.012726
3 0.249307 0.226088 0.039871 0.030993
7 0.372152 0.497332 0.205819 0.010263
3 0.246844 0.285920 0.031558 0.026683
7 0.670490 0.255952 0.184883 0.010673
