7 0.631444 0.536770 0.176136 0.026608
7 0.326843 0.540928 0.268708 0.026792
7 0.673226 0.701404 0.255543 0.026608
7 0.333495 0.208241 0.195538 0.026238
7 0.638165 0.305710 0.191242 0.026423
7 0.670385 0.602550 0.153686 0.026238
7 0.668237 0.338599 0.254989 0.027901
7 0.339800 0.441704 0.199834 0.025684
7 0.670039 0.404010 0.260532 0.026423
7 0.317489 0.574187 0.157151 0.026792
7 0.268154 0.508222 0.060144 0.026053
7 0.324072 0.474501 0.259285 0.026238
7 0.325734 0.275407 0.176968 0.025314
7 0.691450 0.667683 0.193320 0.026423
7 0.321924 0.241593 0.253603 0.026053
7 0.616339 0.272820 0.064717 0.025684
7 0.292960 0.342572 0.118071 0.024760
9 0.645441 0.166759 0.181125 0.033444
7 0.320884 0.640429 0.246813 0.026238
7 0.315410 0.175813 0.066796 0.024945
9 0.318043 0.172302 0.080100 0.033444
7 0.667752 0.635070 0.253742 0.026608
7 0.672949 0.470159 0.258869 0.027531
7 0.319221 0.707132 0.248476 0.026977
7 0.302522 0.608001 0.209812 0.024945
8 0.709326 0.484848 0.402578 0.882483
7 0.304047 0.375370 0.212860 0.024945
13 0.328298 0.441149 0.279933 0.601441
7 0.656181 0.438285 0.133869 0.025129
7 0.675305 0.569290 0.261364 0.026238
7 0.646480 0.172949 0.170732 0.027347
7 0.663733 0.238636 0.247090 0.030857
7 0.643016 0.503234 0.100610 0.026053
7 0.681402 0.205654 0.191796 0.026977
7 0.325111 0.308758 0.268293 0.026238
7 0.625554 0.371674 0.077605 0.025684
7 0.321438 0.408444 0.250139 0.026053
13 0.670455 0.444660 0.279933 0.585181
8 0.290258 0.490669 0.411170 0.889320
7 0.323794 0.673965 0.159507 0.026423
