7 0.338131 0.556958 0.219366 0.026067
7 0.660714 0.479988 0.228448 0.028941
7 0.682035 0.510160 0.191349 0.037151
5 0.559883 0.310447 0.047414 0.042488
7 0.343673 0.387007 0.234144 0.026478
5 0.561268 0.412254 0.051416 0.041667
7 0.375693 0.649631 0.173183 0.032020
7 0.661022 0.645320 0.224138 0.034072
3 0.247768 0.487787 0.049415 0.038793
7 0.367996 0.246100 0.201817 0.027915
3 0.243534 0.246305 0.044951 0.036946
5 0.566425 0.616379 0.038639 0.043924
7 0.689270 0.406917 0.203356 0.033456
7 0.347599 0.211412 0.246305 0.028325
8 0.272167 0.502155 0.437192 0.926314
7 0.652786 0.237890 0.221521 0.034893
7 0.366918 0.486761 0.186115 0.026888
7 0.345212 0.418924 0.234760 0.030788
7 0.347752 0.525554 0.241687 0.027299
7 0.345135 0.181342 0.237377 0.027299
10 0.703587 0.165435 0.123922 0.030378
7 0.661715 0.340722 0.237839 0.032430
7 0.364147 0.349856 0.190425 0.029762
7 0.679726 0.302340 0.190733 0.032430
7 0.678879 0.203099 0.181958 0.034688
10 0.406019 0.452484 0.092826 0.027299
7 0.684113 0.609298 0.188424 0.033456
13 0.667796 0.415846 0.285099 0.559934
10 0.731758 0.371100 0.084206 0.035714
8 0.721444 0.486043 0.430265 0.940066
5 0.565810 0.513136 0.038023 0.031199
7 0.337746 0.314963 0.221059 0.025657
7 0.673337 0.542590 0.251232 0.037151
3 0.251924 0.640497 0.069735 0.078202
3 0.244689 0.350780 0.044181 0.039409
7 0.662946 0.442631 0.236299 0.036741
5 0.561499 0.208436 0.051878 0.039204
10 0.729526 0.576457 0.077894 0.030583
7 0.350523 0.585899 0.240148 0.029351
7 0.615610 0.372947 0.145628 0.032020
7 0.651786 0.270525 0.218904 0.032020
7 0.293026 0.452586 0.130080 0.027915
7 0.378156 0.619766 0.181188 0.029351
13 0.342134 0.423851 0.269550 0.552956
7 0.618534 0.577586 0.141626 0.030378
7 0.590209 0.172209 0.100677 0.027094
7 0.346675 0.280480 0.238916 0.026478
