8 0.290717 0.486966 0.423491 0.894704
7 0.355450 0.227833 0.226293 0.027504
2 0.823199 0.410406 0.094982 0.472291
7 0.661022 0.635057 0.232451 0.038177
7 0.657866 0.570915 0.224600 0.026478
7 0.673030 0.445608 0.175185 0.023810
7 0.354295 0.419130 0.232297 0.030378
3 0.665409 0.321018 0.038639 0.032020
7 0.656173 0.294027 0.224908 0.026067
7 0.658405 0.416461 0.228756 0.025862
7 0.372383 0.450226 0.188732 0.029762
7 0.652478 0.229782 0.220905 0.026067
7 0.377848 0.637828 0.165486 0.026478
7 0.662716 0.508621 0.231219 0.026683
7 0.344828 0.543514 0.215825 0.027915
7 0.660791 0.601704 0.229834 0.028941
13 0.354141 0.416975 0.237531 0.501437
3 0.631850 0.634750 0.039871 0.034278
7 0.349523 0.482553 0.222137 0.030378
7 0.345520 0.388034 0.215979 0.026888
3 0.411099 0.512828 0.039563 0.036330
7 0.654942 0.355296 0.219982 0.027504
7 0.656019 0.263342 0.226447 0.026683
3 0.699892 0.539204 0.041718 0.036125
3 0.258005 0.350780 0.037562 0.032020
7 0.352140 0.295361 0.226755 0.032430
3 0.399708 0.605809 0.035560 0.034278
7 0.378233 0.607040 0.161638 0.028941
7 0.656712 0.387418 0.227525 0.026067
3 0.563732 0.445710 0.038485 0.035099
7 0.349446 0.575842 0.225369 0.029762
8 0.725216 0.501437 0.433498 0.892036
7 0.368227 0.358169 0.181034 0.027504
3 0.422414 0.262623 0.037562 0.034278
3 0.716826 0.227935 0.038023 0.034688
7 0.655403 0.322968 0.226755 0.025246
7 0.657558 0.478756 0.232913 0.030993
7 0.347599 0.195197 0.212438 0.030378
7 0.659714 0.541564 0.230450 0.033046
13 0.657097 0.418411 0.245844 0.488300
7 0.655172 0.198378 0.225677 0.025246
7 0.352448 0.260571 0.225216 0.028941
2 0.180804 0.410406 0.101139 0.488300
3 0.256850 0.446326 0.040179 0.037562
3 0.262007 0.616790 0.064039 0.064860
7 0.349446 0.513649 0.224446 0.028941
7 0.354680 0.326765 0.231219 0.033251
