7 0.563446 0.631006 0.530850 0.027616
7 0.614862 0.151100 0.361273 0.030085
7 0.561894 0.595420 0.514552 0.027840
7 0.576640 0.407836 0.526969 0.028514
7 0.564028 0.555905 0.515716 0.029187
7 0.572759 0.669847 0.533178 0.028514
8 0.493985 0.500674 0.929763 0.971262
7 0.580520 0.222946 0.549476 0.030534
7 0.554909 0.334194 0.484284 0.030310
7 0.643578 0.184104 0.414823 0.033229
13 0.561312 0.427144 0.596430 0.604176
7 0.585371 0.371352 0.539775 0.029187
7 0.569073 0.707117 0.528910 0.029861
7 0.573923 0.298159 0.522313 0.031881
5 0.361079 0.170858 0.195964 0.081275
7 0.583236 0.445891 0.544820 0.028738
7 0.583042 0.482039 0.540551 0.029636
7 0.564028 0.519982 0.508731 0.029636
7 0.584012 0.260440 0.547148 0.030983
