7 0.645714 0.406057 0.440000 0.014146
7 0.668286 0.531737 0.471429 0.018861
7 0.674286 0.555676 0.485714 0.012332
7 0.659143 0.281284 0.472571 0.012695
10 0.801429 0.153972 0.157143 0.021400
7 0.739714 0.481502 0.353714 0.013420
7 0.706857 0.254806 0.408000 0.015597
10 0.753143 0.579616 0.310857 0.023214
9 0.818857 0.432354 0.182857 0.029742
3 0.473714 0.531012 0.069714 0.028292
3 0.462857 0.430540 0.081143 0.027566
7 0.664000 0.308669 0.481143 0.013058
3 0.492286 0.468081 0.148000 0.046065
3 0.458857 0.609902 0.081143 0.040987
8 0.506571 0.494015 0.910286 0.949583
2 0.268571 0.376315 0.254857 0.489300
7 0.656286 0.329706 0.482857 0.020312
7 0.669429 0.383206 0.489714 0.013420
7 0.651429 0.206565 0.459429 0.012695
13 0.666286 0.383569 0.508571 0.501632
7 0.668571 0.508705 0.473143 0.012695
3 0.456857 0.255713 0.087429 0.036997
10 0.843714 0.333515 0.102286 0.025027
7 0.676571 0.356547 0.461714 0.012332
7 0.506857 0.583787 0.174857 0.022125
7 0.695143 0.605912 0.428000 0.011970
7 0.689714 0.180812 0.400000 0.013420
3 0.468286 0.356547 0.080571 0.023214
3 0.460857 0.180631 0.079429 0.028292
7 0.744857 0.460464 0.344571 0.021400
7 0.690857 0.431810 0.441143 0.013420
7 0.659714 0.229597 0.477143 0.014509
7 0.574857 0.154334 0.304000 0.016322
