7 0.301878 0.746875 0.349061 0.041776
10 0.398893 0.433717 0.130958 0.029934
5 0.813794 0.132237 0.032017 0.040132
7 0.292248 0.156250 0.358690 0.045395
5 0.745908 0.201645 0.025758 0.031579
5 0.263481 0.711513 0.029129 0.043421
7 0.303683 0.816776 0.351228 0.042105
7 0.732667 0.273684 0.357005 0.046711
7 0.292610 0.295724 0.354598 0.045395
7 0.740130 0.582237 0.351709 0.048026
7 0.298026 0.191941 0.366394 0.043092
7 0.725445 0.170559 0.351228 0.048355
5 0.130236 0.651316 0.030814 0.034868
7 0.299350 0.225164 0.366635 0.045066
7 0.294054 0.262336 0.355079 0.042434
7 0.309581 0.780921 0.363024 0.041447
5 0.555128 0.112171 0.031777 0.036842
5 0.384930 0.115625 0.025036 0.043750
7 0.299470 0.332072 0.355802 0.045724
7 0.318368 0.537171 0.319933 0.034868
7 0.743621 0.514803 0.362061 0.043421
7 0.291526 0.120724 0.358209 0.043421
7 0.728093 0.202138 0.353635 0.047697
2 0.079080 0.520724 0.054646 0.292105
3 0.125301 0.514803 0.071979 0.106579
7 0.323303 0.503125 0.327395 0.040461
5 0.724121 0.549671 0.027443 0.039474
7 0.737843 0.344737 0.359172 0.046711
5 0.415864 0.569901 0.030573 0.037171
7 0.722075 0.134868 0.344487 0.048684
8 0.753491 0.515461 0.487723 0.958553
7 0.307415 0.711678 0.367838 0.041118
7 0.745185 0.755592 0.352191 0.044737
5 0.802961 0.786842 0.029610 0.035526
7 0.220270 0.443092 0.202215 0.036842
7 0.727732 0.100000 0.345691 0.044737
7 0.742658 0.651151 0.350506 0.047697
13 0.737121 0.456908 0.402022 0.752632
5 0.189817 0.199013 0.022870 0.034211
5 0.676216 0.620888 0.028888 0.038487
8 0.280693 0.528618 0.493982 0.942105
7 0.732306 0.309046 0.350024 0.041118
7 0.738084 0.619572 0.344247 0.046382
7 0.298989 0.574671 0.350987 0.042105
5 0.610014 0.732895 0.028888 0.037500
5 0.615311 0.282895 0.026962 0.046711
5 0.697520 0.484704 0.027203 0.040461
7 0.738445 0.548684 0.347376 0.046053
7 0.291045 0.368421 0.350506 0.044737
7 0.308137 0.642763 0.362542 0.042105
5 0.603033 0.422039 0.029369 0.040132
7 0.753130 0.792105 0.365672 0.044737
7 0.748074 0.687500 0.359894 0.046711
5 0.463048 0.322862 0.015166 0.032566
7 0.745667 0.722368 0.351228 0.046711
7 0.741213 0.479934 0.357246 0.048026
5 0.180549 0.787336 0.030814 0.033882
7 0.732547 0.236349 0.354357 0.052303
7 0.734714 0.376809 0.354839 0.049013
7 0.314155 0.473026 0.318247 0.036842
5 0.427660 0.499178 0.025277 0.029276
7 0.308859 0.608882 0.366875 0.040789
13 0.296943 0.471875 0.398411 0.765461
5 0.699206 0.342270 0.035388 0.038487
7 0.296341 0.402467 0.357246 0.041776
7 0.737963 0.444901 0.350265 0.046382
9 0.347737 0.432895 0.027684 0.032237
5 0.621449 0.697368 0.030573 0.037500
7 0.300433 0.678125 0.346172 0.035855
5 0.118681 0.270395 0.029851 0.035526
5 0.259509 0.298520 0.022147 0.031250
7 0.734954 0.411678 0.351950 0.048355
