1 0.423967 0.725964 0.171192 0.125107
7 0.459622 0.231791 0.226919 0.019709
7 0.379221 0.357412 0.393388 0.025193
3 0.283235 0.459040 0.055962 0.035133
2 0.678985 0.642502 0.190555 0.296487
7 0.470130 0.200514 0.229988 0.031877
2 0.260567 0.731448 0.134829 0.134019
7 0.354191 0.408483 0.352774 0.030677
8 0.494333 0.503599 0.944274 0.958869
10 0.551830 0.306427 0.078867 0.028449
2 0.547226 0.725450 0.069658 0.128535
7 0.379221 0.254756 0.251240 0.035133
7 0.355726 0.535904 0.358678 0.028449
7 0.391263 0.282776 0.429752 0.033933
10 0.552656 0.482177 0.062102 0.033076
7 0.395041 0.614396 0.428335 0.027421
2 0.132704 0.488260 0.127037 0.607369
7 0.382172 0.332734 0.399292 0.030677
7 0.407202 0.562896 0.307202 0.029649
7 0.386659 0.308055 0.263282 0.027592
7 0.382172 0.460754 0.399292 0.029649
2 0.682054 0.283376 0.181582 0.206512
2 0.423259 0.135647 0.684061 0.097858
3 0.284770 0.280634 0.056198 0.034105
10 0.549587 0.535990 0.071074 0.030677
10 0.538253 0.433847 0.087603 0.026221
10 0.545809 0.253213 0.087603 0.029649
7 0.351830 0.485947 0.363164 0.031705
10 0.549587 0.407455 0.071074 0.028620
7 0.383707 0.381577 0.405667 0.029649
3 0.264345 0.211482 0.184416 0.064781
7 0.392090 0.585947 0.440378 0.031877
10 0.533648 0.508483 0.096812 0.032905
13 0.382409 0.417909 0.402597 0.477635
1 0.680401 0.435561 0.172609 0.115338
7 0.375443 0.507883 0.243684 0.034105
7 0.376033 0.432648 0.248170 0.024165
