7 0.621445 0.544802 0.468146 0.029868
7 0.784130 0.313227 0.126849 0.029092
7 0.784983 0.274050 0.130830 0.026765
7 0.616041 0.200737 0.461889 0.029868
7 0.786689 0.428627 0.117179 0.027929
0 0.546075 0.384600 0.345848 0.270365
9 0.744881 0.577386 0.043800 0.036074
13 0.619738 0.410590 0.503413 0.478278
7 0.790387 0.506012 0.142776 0.028317
7 0.625427 0.582622 0.487486 0.032583
7 0.794653 0.467998 0.135381 0.029868
9 0.620876 0.228860 0.487486 0.034911
3 0.764790 0.270171 0.106371 0.038402
7 0.777588 0.391001 0.098976 0.028704
2 0.240330 0.404577 0.250853 0.466253
7 0.615757 0.621412 0.460182 0.031032
8 0.501422 0.500000 0.960751 0.975950
7 0.790671 0.353569 0.134243 0.029092
7 0.616325 0.237393 0.474972 0.027929
