7 0.638889 0.496324 0.163723 0.017647
8 0.690673 0.508824 0.383554 0.899020
7 0.637693 0.538480 0.166851 0.016176
7 0.383646 0.607108 0.131163 0.021569
7 0.369113 0.225245 0.158389 0.021569
9 0.561074 0.259559 0.022443 0.024510
9 0.698124 0.531373 0.072112 0.033333
7 0.379691 0.498652 0.164091 0.022304
7 0.663999 0.559681 0.128955 0.015441
10 0.398363 0.515931 0.120493 0.019118
8 0.309511 0.518015 0.378771 0.888480
9 0.404801 0.600368 0.016004 0.022794
7 0.387233 0.541176 0.144224 0.022549
7 0.630887 0.266422 0.169794 0.017157
7 0.375368 0.309804 0.163539 0.022549
3 0.576895 0.357966 0.048197 0.052206
3 0.307303 0.541667 0.036240 0.028922
7 0.640269 0.624510 0.166851 0.016667
7 0.660872 0.580392 0.123068 0.015686
10 0.422829 0.388971 0.061994 0.016176
7 0.380335 0.585417 0.156549 0.022794
7 0.658021 0.373039 0.140912 0.014706
7 0.330758 0.523407 0.069169 0.015931
7 0.372701 0.267402 0.161148 0.019118
7 0.376656 0.417402 0.153606 0.027941
7 0.370769 0.245711 0.159492 0.022304
7 0.633370 0.225735 0.163723 0.017157
7 0.639717 0.411275 0.165011 0.014706
7 0.644592 0.329657 0.171818 0.016176
7 0.636313 0.287255 0.157837 0.016176
7 0.637601 0.432598 0.158940 0.016176
7 0.375460 0.456373 0.162987 0.022549
7 0.386130 0.288480 0.144224 0.021569
7 0.372241 0.373529 0.157653 0.022549
3 0.306107 0.605025 0.034952 0.025735
7 0.378495 0.477206 0.161700 0.021078
7 0.635670 0.392279 0.159124 0.014461
7 0.637785 0.602941 0.160044 0.016176
13 0.370401 0.423162 0.182671 0.440931
7 0.372792 0.351225 0.161332 0.020588
10 0.399283 0.263235 0.107984 0.018627
7 0.378035 0.435417 0.166299 0.021814
7 0.633002 0.245956 0.160044 0.016912
3 0.305188 0.416667 0.035688 0.025000
13 0.639533 0.417892 0.197756 0.446569
7 0.377116 0.630025 0.158572 0.024265
9 0.643212 0.283456 0.020052 0.023284
7 0.663171 0.350245 0.126564 0.015686
7 0.637601 0.307966 0.161148 0.015931
7 0.354765 0.396446 0.121965 0.017892
3 0.574779 0.566176 0.048749 0.050490
7 0.375644 0.562868 0.157101 0.021814
7 0.634198 0.474632 0.156181 0.016912
3 0.303716 0.286520 0.037528 0.025000
7 0.636773 0.453554 0.161700 0.015931
7 0.376472 0.330637 0.165011 0.021078
7 0.633554 0.517402 0.155261 0.015686
