10 0.417719 0.387418 0.042950 0.019910
7 0.684729 0.465107 0.143165 0.027915
7 0.331358 0.613916 0.194427 0.028736
7 0.360837 0.330049 0.156404 0.027504
7 0.334591 0.442837 0.198738 0.026478
7 0.260237 0.497229 0.045720 0.019910
7 0.342288 0.274117 0.202124 0.024015
7 0.360222 0.416051 0.153941 0.024631
3 0.259929 0.324302 0.045105 0.033662
10 0.715440 0.234195 0.097752 0.025452
7 0.336823 0.243740 0.190579 0.025657
7 0.336592 0.473625 0.198430 0.019910
7 0.641933 0.441195 0.139163 0.026067
10 0.739609 0.435242 0.057420 0.021962
7 0.332820 0.585181 0.196429 0.029146
7 0.660483 0.383723 0.185499 0.030172
7 0.634006 0.553366 0.122383 0.025862
7 0.688885 0.270628 0.142241 0.027299
7 0.318196 0.385571 0.155172 0.025246
7 0.688039 0.353346 0.152863 0.030993
13 0.660483 0.429598 0.225523 0.423235
8 0.738685 0.515907 0.449661 0.872537
7 0.663485 0.301416 0.184729 0.032635
13 0.337131 0.430213 0.224754 0.412151
7 0.694889 0.579947 0.148091 0.029351
3 0.258313 0.409996 0.049261 0.032225
8 0.286022 0.512828 0.437808 0.882389
3 0.587900 0.358169 0.043719 0.029967
3 0.254695 0.525041 0.044797 0.035304
10 0.736915 0.548235 0.067118 0.022167
7 0.616148 0.241790 0.098676 0.028736
7 0.665102 0.326047 0.197814 0.030993
7 0.341826 0.358169 0.203048 0.029967
7 0.354141 0.527401 0.151940 0.029351
7 0.328818 0.555727 0.187500 0.028120
7 0.665640 0.496613 0.185037 0.028941
7 0.671798 0.526273 0.202894 0.026683
7 0.672799 0.611966 0.193812 0.029762
3 0.590286 0.275349 0.054341 0.039614
7 0.665102 0.410920 0.189501 0.034893
10 0.758929 0.376334 0.012007 0.019910
10 0.362300 0.499897 0.143011 0.022783
3 0.595520 0.583333 0.047876 0.038177
7 0.262084 0.298953 0.041718 0.019910
10 0.362685 0.300698 0.152401 0.027094
3 0.589825 0.471572 0.046336 0.037972
