7 0.805846 0.237954 0.164308 0.021722
7 0.815077 0.430490 0.169231 0.020537
4 0.491385 0.317930 0.460923 0.349921
7 0.810462 0.212678 0.168615 0.020932
2 0.533231 0.815363 0.906462 0.172591
7 0.802462 0.185032 0.162462 0.021722
7 0.816000 0.401659 0.171077 0.020537
7 0.582462 0.571485 0.614769 0.020537
7 0.584000 0.685229 0.611692 0.021327
2 0.943385 0.476896 0.084923 0.852686
7 0.810154 0.263626 0.165538 0.021722
7 0.582769 0.543049 0.616615 0.020537
13 0.581231 0.432859 0.652923 0.598736
7 0.807385 0.346959 0.166154 0.020932
7 0.588000 0.600118 0.627077 0.021722
2 0.526154 0.093404 0.919385 0.080964
7 0.588923 0.657188 0.621538 0.022117
7 0.805538 0.156201 0.163692 0.020932
7 0.585846 0.515600 0.620308 0.020932
7 0.806462 0.483412 0.155692 0.020537
7 0.808923 0.374210 0.158154 0.020932
8 0.502154 0.498815 0.985846 0.977883
2 0.160923 0.477291 0.191385 0.839258
7 0.587077 0.712283 0.616615 0.022512
7 0.811385 0.317338 0.169231 0.020932
7 0.586769 0.628357 0.618462 0.022117
7 0.808923 0.455964 0.158154 0.020142
7 0.810462 0.290482 0.167385 0.021722
