7 0.368588 0.445937 0.415730 0.034076
7 0.338056 0.501311 0.359551 0.040629
10 0.577186 0.472805 0.080606 0.019659
10 0.550562 0.331750 0.124084 0.021298
3 0.251832 0.556684 0.065950 0.040629
3 0.239619 0.201999 0.206644 0.068480
10 0.582071 0.414155 0.070835 0.019659
2 0.385442 0.734436 0.454323 0.154980
7 0.363703 0.414810 0.396190 0.040629
10 0.559111 0.501311 0.106986 0.020970
10 0.542013 0.360256 0.141182 0.019332
7 0.342941 0.586173 0.364436 0.040629
7 0.381778 0.641547 0.311187 0.037353
7 0.344162 0.304882 0.357108 0.032438
7 0.470445 0.189056 0.268686 0.028834
10 0.574988 0.246887 0.089888 0.018021
7 0.315095 0.360256 0.313630 0.038991
10 0.572789 0.639581 0.092330 0.022936
10 0.583781 0.271953 0.060576 0.030799
2 0.509526 0.449214 0.668295 0.728702
7 0.390327 0.389581 0.298974 0.032765
7 0.478994 0.189056 0.272106 0.032765
8 0.497313 0.503768 0.970200 0.971494
7 0.363459 0.557503 0.303859 0.035714
7 0.391549 0.476900 0.316072 0.034404
10 0.567660 0.304063 0.094773 0.020970
10 0.561553 0.584371 0.097215 0.024574
3 0.256717 0.359436 0.061065 0.037353
7 0.351490 0.530636 0.371764 0.037680
7 0.367367 0.275557 0.413288 0.039318
7 0.366146 0.333388 0.245725 0.037680
10 0.573766 0.387942 0.092330 0.022936
7 0.385442 0.246232 0.294089 0.032438
10 0.567660 0.530636 0.085002 0.024574
10 0.559111 0.559142 0.111871 0.022608
7 0.340498 0.613860 0.330239 0.037680
7 0.437714 0.218381 0.204201 0.032438
10 0.554226 0.611402 0.121641 0.019659
10 0.586224 0.444790 0.055691 0.027851
10 0.578652 0.215269 0.077675 0.022936
