10 0.866953 0.290090 0.061040 0.016998
2 0.265856 0.406831 0.231283 0.563502
8 0.499046 0.499519 0.965665 0.983643
10 0.795899 0.177518 0.158321 0.016998
7 0.659514 0.238614 0.454936 0.015394
7 0.633047 0.198364 0.507868 0.018922
7 0.575346 0.148332 0.416309 0.029185
7 0.676681 0.288326 0.435861 0.016677
10 0.856938 0.224503 0.061993 0.016677
10 0.853124 0.311097 0.080114 0.016036
10 0.769433 0.242623 0.242728 0.019564
10 0.864807 0.267479 0.046257 0.016036
7 0.606104 0.261706 0.468288 0.026299
10 0.830711 0.153624 0.090606 0.018602
10 0.838579 0.334028 0.109204 0.015715
7 0.581068 0.173990 0.290415 0.017640
7 0.602766 0.219211 0.446352 0.025337
7 0.631378 0.307729 0.507392 0.018281
10 0.866953 0.202373 0.050548 0.018602
13 0.637339 0.239256 0.530758 0.222579
3 0.452074 0.283996 0.038150 0.020205
7 0.594182 0.332745 0.415832 0.016998
