7 0.624792 0.210181 0.196092 0.032336
7 0.351303 0.209812 0.197616 0.020510
7 0.348739 0.424520 0.194152 0.021619
7 0.368695 0.524945 0.142045 0.017738
7 0.353381 0.235772 0.201220 0.023651
13 0.628534 0.397173 0.222977 0.418884
7 0.629227 0.368718 0.189440 0.029749
7 0.667198 0.496582 0.141214 0.028271
7 0.347977 0.264228 0.193736 0.020695
9 0.288318 0.340632 0.083564 0.038987
7 0.351095 0.316704 0.200249 0.021803
9 0.349085 0.420547 0.027439 0.031781
7 0.636433 0.421378 0.197201 0.030488
9 0.399875 0.475887 0.037001 0.032705
7 0.373198 0.501201 0.149113 0.021249
3 0.559313 0.514320 0.077882 0.065225
7 0.285685 0.342942 0.072201 0.022912
13 0.353797 0.394956 0.217018 0.414449
7 0.344720 0.449279 0.192489 0.021249
7 0.346660 0.290558 0.193320 0.023466
9 0.562361 0.317905 0.074557 0.029379
10 0.693182 0.467849 0.093681 0.021064
10 0.387749 0.343588 0.142461 0.035292
9 0.610380 0.419808 0.021480 0.029564
8 0.287971 0.495473 0.420177 0.840909
8 0.704407 0.490484 0.417683 0.826497
7 0.345136 0.581763 0.194706 0.024575
7 0.609964 0.473485 0.138720 0.029010
7 0.630820 0.290004 0.201774 0.026053
2 0.194706 0.387749 0.101164 0.424427
9 0.317212 0.447247 0.023282 0.027901
7 0.564232 0.318089 0.067212 0.023836
10 0.662486 0.311530 0.135116 0.028825
7 0.636017 0.549704 0.187500 0.033999
7 0.345552 0.553215 0.199141 0.025129
3 0.265521 0.510440 0.065410 0.070769
2 0.792614 0.382853 0.131790 0.447524
7 0.638373 0.577975 0.193598 0.033259
7 0.626386 0.264505 0.187639 0.028640
9 0.602688 0.449649 0.026330 0.028640
7 0.630474 0.341925 0.203575 0.029749
7 0.354074 0.396526 0.201774 0.022542
7 0.636502 0.392276 0.203991 0.032151
10 0.430086 0.476164 0.048088 0.028825
7 0.328298 0.473577 0.160754 0.024390
9 0.410269 0.316704 0.100748 0.037324
7 0.667198 0.519678 0.138997 0.027901
7 0.634424 0.445030 0.194568 0.030488
7 0.624099 0.237158 0.189717 0.029749
7 0.349640 0.371766 0.200665 0.023651
9 0.699695 0.286123 0.062639 0.029379
