7 0.302572 0.186236 0.254599 0.018913
3 0.580613 0.640399 0.032443 0.017336
8 0.259248 0.499475 0.448071 0.912792
7 0.301484 0.233649 0.255984 0.017599
2 0.533136 0.467297 0.058556 0.722354
7 0.302770 0.303257 0.256973 0.019175
3 0.583482 0.664565 0.038180 0.030996
0 0.690010 0.312188 0.270227 0.421592
2 0.714243 0.754925 0.395054 0.129761
10 0.358556 0.323877 0.156479 0.024691
8 0.739367 0.498949 0.469436 0.913843
2 0.119585 0.421066 0.086449 0.520620
7 0.301879 0.279616 0.255193 0.017074
3 0.616024 0.578671 0.105242 0.094037
7 0.746588 0.571185 0.147577 0.020751
7 0.749654 0.619385 0.160435 0.021539
10 0.814441 0.563830 0.028882 0.022327
13 0.303956 0.258340 0.272799 0.183084
7 0.761029 0.595088 0.133729 0.023378
7 0.713155 0.642501 0.241345 0.022065
2 0.866073 0.452456 0.096934 0.727344
7 0.719288 0.670475 0.229871 0.020751
7 0.231850 0.328605 0.117903 0.021014
3 0.689120 0.591542 0.033432 0.028369
7 0.304154 0.256370 0.266073 0.018387
7 0.306429 0.210533 0.262315 0.019701
7 0.747873 0.548069 0.151731 0.022853
13 0.698912 0.607171 0.272997 0.155766
