7 0.461022 0.559723 0.434166 0.020540
7 0.364230 0.641549 0.395748 0.025675
7 0.393323 0.586515 0.446475 0.023219
7 0.254196 0.257424 0.171951 0.020540
7 0.398359 0.725385 0.472212 0.023666
7 0.387915 0.474548 0.446102 0.022103
7 0.301567 0.283657 0.273405 0.020317
7 0.468295 0.668230 0.462141 0.024559
7 0.345580 0.420630 0.366654 0.020540
7 0.443864 0.447756 0.387915 0.020764
13 0.427079 0.496428 0.561731 0.536950
7 0.353972 0.365372 0.368519 0.022103
7 0.383066 0.393056 0.431928 0.020317
7 0.388101 0.503126 0.434539 0.022996
7 0.459157 0.338357 0.447594 0.020764
7 0.372063 0.695021 0.415144 0.025452
8 0.502238 0.568989 0.927639 0.829426
7 0.351734 0.530252 0.355091 0.023666
7 0.402275 0.615428 0.459157 0.022550
7 0.372622 0.309667 0.417009 0.023219
