3 0.647321 0.597291 0.018473 0.028736
8 0.261238 0.502155 0.456281 0.911535
9 0.659098 0.352627 0.012469 0.020936
7 0.657482 0.637623 0.251232 0.013752
7 0.660868 0.264984 0.246305 0.017241
2 0.660714 0.087233 0.253079 0.033251
7 0.657943 0.357348 0.254002 0.011494
7 0.657943 0.449713 0.251232 0.010263
3 0.761776 0.446531 0.018935 0.024425
3 0.582897 0.226396 0.019243 0.026273
2 0.065502 0.505439 0.069735 0.898399
3 0.671798 0.337849 0.023091 0.020936
2 0.472368 0.501539 0.034021 0.890599
7 0.669797 0.581794 0.207512 0.017036
3 0.624384 0.617816 0.020320 0.020936
3 0.582897 0.301006 0.014624 0.023194
9 0.546028 0.541256 0.027094 0.018473
2 0.265779 0.910304 0.447198 0.092775
3 0.707666 0.129105 0.016626 0.023399
3 0.697583 0.409996 0.021090 0.021552
9 0.561730 0.560447 0.027709 0.019910
3 0.728910 0.561063 0.020320 0.019089
7 0.662792 0.320094 0.245844 0.017036
7 0.657635 0.487479 0.251847 0.015189
7 0.658867 0.338259 0.254002 0.011905
7 0.657482 0.505439 0.248461 0.010878
7 0.669104 0.282943 0.230142 0.016626
3 0.752540 0.428777 0.016164 0.017241
7 0.694889 0.152709 0.183805 0.014778
3 0.764317 0.186166 0.018473 0.022167
7 0.659021 0.413998 0.249692 0.016010
7 0.674492 0.376129 0.206743 0.015394
7 0.664255 0.208949 0.246613 0.016831
7 0.671028 0.600883 0.209975 0.015394
3 0.658636 0.635673 0.018011 0.022167
3 0.730450 0.242098 0.020628 0.021962
7 0.661946 0.227730 0.251232 0.017447
7 0.697660 0.115866 0.181034 0.015805
7 0.656327 0.432779 0.240917 0.015394
9 0.727140 0.334565 0.030018 0.020115
2 0.260853 0.096778 0.437346 0.074097
3 0.663716 0.167180 0.018935 0.025657
8 0.722983 0.506568 0.458898 0.913793
0 0.272014 0.499282 0.363300 0.715722
7 0.694735 0.134236 0.186576 0.014778
7 0.657020 0.617611 0.252155 0.012726
9 0.760930 0.558703 0.042488 0.025452
13 0.660329 0.381055 0.258775 0.545361
3 0.547491 0.591133 0.032174 0.033662
7 0.693966 0.171080 0.184113 0.015394
7 0.656558 0.561576 0.248461 0.012726
7 0.661561 0.246100 0.246459 0.017241
3 0.741764 0.522681 0.020166 0.019499
1 0.835745 0.467262 0.092057 0.797414
3 0.726370 0.315476 0.018011 0.022578
3 0.582204 0.506979 0.017857 0.020115
9 0.776709 0.353448 0.020782 0.022167
3 0.549261 0.384544 0.033251 0.042898
7 0.661176 0.301622 0.249692 0.016626
2 0.514701 0.471162 0.035560 0.814245
7 0.676416 0.394704 0.212131 0.015599
7 0.656096 0.467672 0.247537 0.010878
1 0.690579 0.768165 0.382389 0.228859
7 0.655403 0.523399 0.245228 0.011494
7 0.658174 0.542693 0.247999 0.010263
3 0.567426 0.141010 0.057574 0.065681
7 0.661869 0.189655 0.254464 0.013957
3 0.543488 0.281712 0.019858 0.021552
3 0.629156 0.393062 0.020628 0.023399
