5 0.417071 0.811157 0.023816 0.022078
7 0.173346 0.210526 0.175841 0.018529
5 0.636908 0.383008 0.019966 0.026020
5 0.872290 0.458309 0.028095 0.066233
7 0.796420 0.553223 0.163292 0.018332
7 0.802268 0.603095 0.173274 0.019515
7 0.379849 0.611473 0.171563 0.020895
7 0.604749 0.839543 0.176127 0.020895
11 0.785011 0.470727 0.145608 0.055983
7 0.173488 0.163118 0.184683 0.017150
5 0.447732 0.194954 0.020679 0.029174
7 0.389333 0.716243 0.183685 0.018727
7 0.802624 0.318155 0.171706 0.020895
7 0.608671 0.815691 0.184826 0.020501
7 0.801269 0.270649 0.173274 0.020501
5 0.659227 0.289769 0.025242 0.032328
5 0.588990 0.339247 0.026811 0.028780
7 0.804264 0.790952 0.177838 0.016755
5 0.228751 0.658782 0.025100 0.027597
7 0.603252 0.387838 0.171135 0.017150
5 0.773959 0.837670 0.019966 0.031737
5 0.528736 0.644589 0.024387 0.028780
7 0.182972 0.663118 0.181974 0.018924
7 0.387550 0.736054 0.182687 0.019318
5 0.530448 0.668244 0.028665 0.024049
7 0.179906 0.522866 0.182972 0.015178
7 0.607459 0.529568 0.175271 0.017544
7 0.386623 0.814508 0.179122 0.016952
5 0.120151 0.423122 0.031517 0.027794
7 0.604606 0.318056 0.175841 0.019515
7 0.176269 0.402326 0.180833 0.017741
5 0.643397 0.596885 0.022390 0.030751
7 0.804264 0.674650 0.178123 0.019515
5 0.596477 0.622019 0.026098 0.027006
5 0.830362 0.289178 0.025528 0.031540
5 0.435610 0.731323 0.023816 0.019712
7 0.610739 0.221664 0.186965 0.017938
7 0.802695 0.126947 0.172704 0.019318
7 0.804407 0.650897 0.174415 0.019712
7 0.189960 0.785334 0.186823 0.023655
7 0.173702 0.140942 0.187108 0.018924
5 0.348189 0.125468 0.020394 0.023852
5 0.420351 0.267593 0.019538 0.025034
5 0.160511 0.816972 0.042926 0.050266
11 0.608029 0.182634 0.204934 0.055786
5 0.615160 0.548196 0.025813 0.027991
7 0.173916 0.257836 0.178408 0.018135
5 0.725970 0.243150 0.028095 0.034496
7 0.176269 0.330771 0.183400 0.019318
7 0.378708 0.200670 0.169566 0.019712
7 0.172989 0.185886 0.174558 0.018135
7 0.381845 0.348807 0.182402 0.020304
7 0.174273 0.379657 0.176269 0.017741
7 0.176697 0.473881 0.177410 0.018529
7 0.606674 0.484033 0.171135 0.017150
7 0.382915 0.370392 0.183970 0.020106
5 0.859812 0.647940 0.019681 0.027597
7 0.803694 0.175044 0.171278 0.019712
7 0.181689 0.498226 0.181689 0.017938
7 0.616372 0.648334 0.161438 0.018924
7 0.175128 0.309580 0.178551 0.019909
5 0.551198 0.384585 0.017969 0.027991
7 0.609598 0.552632 0.180120 0.018332
5 0.529378 0.252316 0.043354 0.045732
7 0.380134 0.177508 0.179549 0.019121
7 0.381845 0.755766 0.168426 0.016558
7 0.800200 0.628031 0.171420 0.020106
5 0.548702 0.765228 0.014119 0.026020
13 0.377924 0.513207 0.207074 0.836783
7 0.181118 0.570471 0.182259 0.018529
5 0.302481 0.630298 0.024529 0.021092
7 0.620722 0.245220 0.144752 0.018529
7 0.382844 0.325251 0.182687 0.021289
7 0.380134 0.467475 0.175271 0.022275
5 0.176554 0.517051 0.026526 0.026414
7 0.187108 0.710921 0.186252 0.019909
11 0.187250 0.751429 0.189390 0.057560
7 0.821092 0.723438 0.210924 0.018135
5 0.296777 0.370195 0.026526 0.023260
7 0.172561 0.233787 0.173987 0.017347
7 0.379278 0.536960 0.173845 0.020501
7 0.808186 0.222846 0.177125 0.019909
5 0.404378 0.769663 0.027239 0.019121
7 0.182330 0.642519 0.177553 0.019909
5 0.352182 0.714075 0.021820 0.019121
7 0.803337 0.840430 0.174273 0.017938
7 0.386052 0.657106 0.178266 0.020698
7 0.606246 0.721368 0.177695 0.019121
5 0.679335 0.431204 0.021820 0.027006
7 0.178836 0.545141 0.177695 0.018727
7 0.219624 0.830968 0.106959 0.016755
7 0.607459 0.767297 0.178979 0.018727
7 0.791215 0.438695 0.146891 0.021486
7 0.606674 0.435245 0.175699 0.017347
7 0.373788 0.130790 0.166857 0.020698
7 0.386266 0.833432 0.176127 0.016558
7 0.805548 0.578257 0.179549 0.019515
5 0.847048 0.125370 0.023531 0.029568
13 0.181689 0.491524 0.216771 0.780406
7 0.172633 0.122807 0.179264 0.016164
5 0.174772 0.472206 0.020964 0.020698
5 0.332644 0.695742 0.021820 0.020698
5 0.458001 0.650503 0.017256 0.023260
5 0.163577 0.254485 0.029093 0.030751
7 0.381204 0.249556 0.179692 0.020106
7 0.177481 0.619653 0.173560 0.019515
8 0.727039 0.510743 0.474330 0.935147
5 0.661366 0.454859 0.027239 0.028583
5 0.834284 0.694757 0.028237 0.028583
7 0.606746 0.412971 0.179264 0.018529
11 0.604820 0.113641 0.192812 0.043958
13 0.820878 0.480781 0.214204 0.762074
7 0.379991 0.392864 0.177553 0.021289
5 0.433970 0.149320 0.019966 0.025034
5 0.299273 0.488863 0.027524 0.024443
5 0.164005 0.115021 0.025385 0.025429
11 0.385553 0.883698 0.192384 0.046915
5 0.608528 0.411591 0.019966 0.032328
5 0.727752 0.338459 0.029663 0.032328
7 0.381489 0.417406 0.180833 0.020304
5 0.878280 0.600335 0.018682 0.029765
7 0.804621 0.150700 0.175699 0.019909
7 0.612236 0.506111 0.155733 0.017544
7 0.383343 0.770747 0.175699 0.023655
7 0.620222 0.268579 0.147747 0.018727
7 0.807188 0.815888 0.180833 0.018924
8 0.252781 0.517347 0.467056 0.945200
9 0.258414 0.704120 0.049344 0.025232
7 0.377139 0.154248 0.173274 0.019121
7 0.801269 0.344668 0.158728 0.018332
7 0.178123 0.356791 0.184541 0.018529
5 0.416500 0.556278 0.019823 0.025232
7 0.384912 0.442933 0.184826 0.021683
7 0.604535 0.365464 0.174273 0.018529
7 0.803551 0.530850 0.173560 0.019712
5 0.764190 0.361522 0.028665 0.027991
7 0.189746 0.682436 0.177553 0.019712
7 0.805405 0.415730 0.178123 0.016558
7 0.602182 0.342894 0.165859 0.016361
5 0.239661 0.564459 0.025528 0.025034
7 0.604749 0.625764 0.169281 0.019121
5 0.382558 0.320323 0.022961 0.026414
7 0.388477 0.697319 0.185682 0.019515
13 0.604250 0.475754 0.202225 0.775281
7 0.803979 0.697516 0.180405 0.019909
7 0.379564 0.299034 0.178123 0.020501
7 0.176982 0.451311 0.178551 0.016361
5 0.737664 0.263946 0.025528 0.026020
5 0.787365 0.789868 0.025385 0.036665
7 0.808614 0.293416 0.180262 0.019909
5 0.594053 0.384881 0.020679 0.026611
5 0.213491 0.613542 0.033371 0.033314
7 0.383842 0.854327 0.173845 0.017741
7 0.813177 0.743840 0.193953 0.017150
5 0.344196 0.246403 0.018397 0.024837
7 0.610097 0.601715 0.183115 0.019121
7 0.386908 0.794895 0.176269 0.021092
5 0.092413 0.161640 0.025670 0.023260
5 0.573517 0.524443 0.026098 0.029371
7 0.386623 0.635029 0.158871 0.019909
7 0.610026 0.693377 0.178123 0.025823
7 0.609241 0.744924 0.182544 0.019712
5 0.540288 0.717623 0.028095 0.030948
7 0.388192 0.915435 0.182544 0.023260
5 0.601255 0.573034 0.027952 0.024443
5 0.328793 0.534989 0.025813 0.022078
7 0.605391 0.577272 0.176554 0.019121
7 0.608600 0.460083 0.180690 0.019318
5 0.747790 0.170018 0.020964 0.029371
7 0.805904 0.247782 0.179692 0.018924
5 0.799415 0.741277 0.026954 0.033708
7 0.602681 0.790065 0.173417 0.023260
5 0.347119 0.439681 0.022818 0.026217
7 0.175128 0.427558 0.175414 0.017347
7 0.802339 0.199487 0.172561 0.020106
7 0.604606 0.155431 0.176412 0.021092
7 0.808685 0.507294 0.181831 0.017150
7 0.381489 0.275084 0.180548 0.020698
7 0.803979 0.389907 0.172989 0.018924
7 0.807544 0.768185 0.183257 0.018135
7 0.603109 0.292135 0.167998 0.018529
7 0.171420 0.281392 0.172276 0.019909
7 0.380205 0.562488 0.173987 0.020698
7 0.381631 0.587325 0.172847 0.021092
5 0.132915 0.206190 0.023103 0.027597
5 0.525956 0.504337 0.026526 0.029765
5 0.146392 0.306130 0.026098 0.030357
5 0.863948 0.199487 0.019681 0.033905
7 0.221192 0.808003 0.086138 0.015376
7 0.379920 0.491031 0.176554 0.022078
7 0.178908 0.596393 0.172989 0.015573
5 0.148388 0.376602 0.031803 0.032131
7 0.606460 0.672383 0.174986 0.018529
9 0.821805 0.431697 0.080861 0.025232
5 0.749358 0.407648 0.030091 0.032328
7 0.187821 0.855017 0.185396 0.019515
7 0.387193 0.677410 0.183400 0.021486
7 0.804335 0.367337 0.177410 0.018727
5 0.402239 0.386852 0.024957 0.022669
7 0.382059 0.513207 0.179122 0.019515
7 0.379778 0.225310 0.174558 0.021289
5 0.638762 0.810763 0.024529 0.025232
5 0.633129 0.264242 0.029236 0.031342
5 0.745151 0.572541 0.026241 0.026611
