7 0.478309 0.548555 0.380257 0.044019
3 0.368747 0.271505 0.066401 0.034274
7 0.510624 0.208669 0.461709 0.038978
7 0.559982 0.273858 0.440018 0.035618
7 0.497565 0.245296 0.427623 0.030914
3 0.373174 0.485047 0.070828 0.044019
7 0.506197 0.395329 0.452855 0.037298
7 0.493360 0.335013 0.392652 0.030914
7 0.503099 0.303931 0.442231 0.044019
7 0.578132 0.516129 0.429394 0.034274
13 0.465471 0.944556 0.380257 0.049731
8 0.504205 0.503864 0.968570 0.978159
7 0.510624 0.208669 0.461709 0.038978
7 0.494467 0.484879 0.416999 0.034274
7 0.519035 0.365927 0.320053 0.037634
7 0.461045 0.945228 0.353696 0.039651
7 0.525675 0.175235 0.341301 0.037298
7 0.510624 0.455645 0.440460 0.034274
2 0.520142 0.813508 0.545374 0.228495
7 0.524347 0.425571 0.481186 0.032594
2 0.408588 0.477655 0.760514 0.896841
