8 0.550493 0.450354 0.548851 0.509390
7 0.544027 0.399938 0.299466 0.009852
10 0.640497 0.378925 0.121716 0.015240
3 0.414717 0.489224 0.065066 0.023707
7 0.537151 0.525862 0.288998 0.013239
7 0.551006 0.362608 0.294951 0.016472
7 0.545874 0.471675 0.304803 0.008313
7 0.542796 0.453510 0.295772 0.010468
7 0.574302 0.328510 0.228654 0.014470
7 0.558805 0.289101 0.290846 0.018165
13 0.548645 0.413639 0.318555 0.286330
3 0.425698 0.321352 0.064450 0.028479
7 0.549364 0.380080 0.297824 0.008929
7 0.526170 0.545720 0.261289 0.017857
7 0.544643 0.435114 0.307266 0.011238
7 0.551827 0.345520 0.306445 0.014317
3 0.415435 0.435345 0.077176 0.023707
3 0.420053 0.397321 0.066708 0.024938
9 0.572660 0.543565 0.172414 0.021244
7 0.545464 0.489840 0.307266 0.011700
7 0.553058 0.308190 0.290025 0.019397
2 0.760571 0.387700 0.109401 0.237531
7 0.547516 0.416179 0.298645 0.009390
7 0.546593 0.508852 0.300493 0.011238
