7 0.706974 0.666667 0.217211 0.023399
3 0.612531 0.639060 0.053879 0.036741
7 0.300185 0.433190 0.222906 0.019089
7 0.721059 0.485940 0.186884 0.019499
3 0.609221 0.219314 0.056188 0.051519
3 0.209052 0.267036 0.055111 0.035304
7 0.278710 0.668514 0.182420 0.020525
7 0.306496 0.218904 0.229680 0.020320
7 0.701047 0.382492 0.223830 0.024836
7 0.706281 0.534996 0.228756 0.020731
7 0.296952 0.537048 0.218288 0.019910
7 0.704972 0.615045 0.213516 0.021141
3 0.605373 0.482759 0.048491 0.035304
3 0.206897 0.609709 0.044027 0.039614
7 0.707897 0.302340 0.217826 0.024631
7 0.314963 0.406507 0.174877 0.018678
10 0.393011 0.664409 0.053879 0.040640
7 0.709052 0.460796 0.226909 0.020525
10 0.768627 0.319992 0.088670 0.038177
7 0.707512 0.408662 0.223522 0.022989
7 0.302340 0.616379 0.209360 0.021757
7 0.297722 0.304700 0.213054 0.013752
2 0.126462 0.441708 0.112223 0.490148
8 0.277863 0.497434 0.417180 0.792488
7 0.726601 0.221675 0.198892 0.024631
7 0.305419 0.459565 0.232143 0.020936
7 0.718981 0.640497 0.181496 0.020731
2 0.878310 0.442426 0.107913 0.488711
3 0.204664 0.399836 0.057112 0.045567
7 0.294874 0.329639 0.209514 0.020115
7 0.708590 0.588978 0.225369 0.021141
10 0.390394 0.584360 0.052032 0.026683
7 0.725216 0.564142 0.186576 0.020320
3 0.606450 0.558395 0.046336 0.039614
7 0.706589 0.512315 0.226293 0.019704
7 0.704357 0.277094 0.221213 0.025452
7 0.314039 0.276170 0.196429 0.019089
13 0.310345 0.439450 0.257697 0.497537
7 0.292796 0.590107 0.201355 0.019704
7 0.710437 0.249487 0.234914 0.027299
7 0.655942 0.329947 0.135776 0.020731
7 0.298183 0.515394 0.226601 0.027094
7 0.297876 0.563937 0.216133 0.018678
7 0.731219 0.355501 0.177032 0.023810
13 0.701124 0.444581 0.255388 0.519704
7 0.301416 0.356630 0.220135 0.020320
7 0.297491 0.246716 0.206743 0.020525
3 0.608143 0.355090 0.060499 0.043924
3 0.203587 0.504721 0.050647 0.035304
7 0.713362 0.432163 0.250616 0.022373
7 0.300108 0.641523 0.223060 0.019910
7 0.309575 0.484914 0.238608 0.019499
7 0.296336 0.381876 0.210899 0.018268
8 0.714363 0.501847 0.444735 0.775041
