7 0.423083 0.625928 0.082688 0.017533
7 0.412418 0.647999 0.101096 0.017533
7 0.657925 0.622318 0.042805 0.016914
1 0.895836 0.456580 0.139664 0.764645
3 0.239153 0.232880 0.028050 0.022690
10 0.446019 0.599938 0.040029 0.020421
4 0.734551 0.652847 0.037107 0.049505
10 0.428853 0.690800 0.082250 0.017739
7 0.403944 0.286613 0.080935 0.016708
10 0.309496 0.259488 0.046311 0.019389
3 0.237838 0.254538 0.027173 0.024752
7 0.296129 0.488655 0.066326 0.017739
7 0.434478 0.332921 0.073338 0.018977
7 0.257999 0.375309 0.061943 0.016295
7 0.770051 0.623453 0.099635 0.017120
7 0.273119 0.601588 0.100073 0.016708
3 0.592403 0.685437 0.023083 0.026403
7 0.279839 0.353754 0.098028 0.016914
7 0.413075 0.557962 0.100073 0.017327
8 0.750402 0.499794 0.455953 0.898927
7 0.411687 0.581167 0.094960 0.017120
9 0.412856 0.655631 0.108400 0.048474
7 0.785610 0.669039 0.066764 0.015883
1 0.595982 0.442450 0.120526 0.783003
7 0.412418 0.602929 0.101388 0.017327
2 0.346749 0.336634 0.028196 0.183168
13 0.418700 0.447917 0.115997 0.505982
7 0.274361 0.533828 0.100219 0.017739
7 0.280205 0.260004 0.056976 0.017533
7 0.273484 0.623556 0.101388 0.016914
7 0.412053 0.670792 0.099781 0.016089
13 0.770489 0.651712 0.111322 0.097153
13 0.278598 0.445957 0.111907 0.509901
3 0.233601 0.437603 0.021622 0.024959
7 0.287144 0.420586 0.082250 0.018564
7 0.244120 0.328899 0.037107 0.016708
3 0.235208 0.392842 0.024251 0.024546
7 0.769467 0.690388 0.100219 0.016089
3 0.236669 0.347979 0.024251 0.027228
7 0.786413 0.645936 0.059898 0.016295
7 0.272096 0.690285 0.098320 0.017946
7 0.297224 0.465553 0.074653 0.017739
2 0.204237 0.651918 0.039153 0.108705
7 0.296932 0.668833 0.063258 0.017120
0 0.743682 0.349835 0.232432 0.491749
7 0.413514 0.445545 0.099489 0.018977
3 0.380643 0.317244 0.039591 0.053218
10 0.311541 0.213181 0.044558 0.021658
9 0.304091 0.438222 0.038422 0.027847
7 0.414609 0.401712 0.101972 0.017946
7 0.279474 0.556621 0.106939 0.017533
7 0.285464 0.399546 0.078598 0.017739
3 0.237984 0.278362 0.028050 0.026196
7 0.278232 0.510932 0.098904 0.018564
7 0.416143 0.356023 0.105040 0.018152
7 0.417239 0.379229 0.111614 0.018771
4 0.240906 0.652125 0.043535 0.054662
7 0.415632 0.468337 0.104602 0.017946
3 0.371731 0.620668 0.023229 0.028878
3 0.235866 0.415945 0.023521 0.025371
10 0.448722 0.284963 0.048356 0.018358
10 0.295544 0.327558 0.074215 0.016914
7 0.409861 0.691729 0.093937 0.015883
3 0.237692 0.303424 0.025128 0.024752
7 0.418408 0.264439 0.104018 0.018152
7 0.284295 0.444204 0.077137 0.017946
2 0.206647 0.485252 0.034332 0.155322
4 0.242659 0.473288 0.040614 0.049299
7 0.414901 0.514439 0.101972 0.017739
4 0.607962 0.638923 0.057999 0.071163
7 0.659898 0.645111 0.051132 0.015883
7 0.291746 0.307343 0.081812 0.018152
13 0.635866 0.651609 0.115559 0.099835
10 0.316070 0.235355 0.033163 0.016089
7 0.291819 0.283932 0.082542 0.018358
7 0.426224 0.309818 0.071439 0.018977
7 0.295982 0.645833 0.062235 0.016914
7 0.653178 0.665532 0.066910 0.019596
7 0.276771 0.579208 0.106793 0.016914
1 0.739956 0.768461 0.214463 0.133870
7 0.417823 0.240821 0.102849 0.017946
7 0.415705 0.217925 0.097443 0.017946
3 0.239299 0.208746 0.026589 0.026403
7 0.285975 0.237005 0.069102 0.016089
7 0.291673 0.215037 0.074653 0.017120
10 0.675164 0.662438 0.022644 0.019596
7 0.415705 0.423370 0.105917 0.018358
7 0.411395 0.491130 0.096713 0.018152
8 0.300511 0.496081 0.433893 0.892739
9 0.314536 0.618915 0.023959 0.027847
10 0.302118 0.374381 0.059898 0.016914
9 0.404018 0.282384 0.038422 0.028053
7 0.635866 0.691110 0.101534 0.020008
7 0.412272 0.536097 0.101972 0.017739
9 0.374799 0.690285 0.032286 0.029497
10 0.788824 0.687809 0.069102 0.015058
