7 0.234606 0.403530 0.072968 0.020115
13 0.312423 0.419848 0.243073 0.485427
7 0.313270 0.196223 0.229988 0.025041
3 0.764624 0.616379 0.031096 0.031609
9 0.211207 0.257594 0.026786 0.033662
3 0.601524 0.564450 0.097752 0.082102
2 0.517395 0.485324 0.066502 0.748153
7 0.717288 0.535817 0.133775 0.019089
2 0.846906 0.484195 0.098060 0.754926
7 0.678110 0.619356 0.234914 0.026067
7 0.675724 0.677340 0.231681 0.020525
7 0.715055 0.564347 0.127155 0.022373
8 0.691349 0.488711 0.409175 0.745895
7 0.318504 0.342057 0.236145 0.028530
7 0.744073 0.592365 0.101755 0.022578
7 0.308651 0.226396 0.226601 0.025452
7 0.308882 0.641728 0.220597 0.028120
7 0.315810 0.284380 0.235991 0.023604
10 0.351832 0.401991 0.161484 0.023604
7 0.315271 0.257902 0.231527 0.028120
3 0.668950 0.592159 0.034021 0.026683
13 0.674723 0.607451 0.242919 0.169335
9 0.266010 0.283456 0.023091 0.030378
7 0.313885 0.373050 0.231527 0.022373
9 0.306650 0.639368 0.228140 0.052135
0 0.672645 0.315374 0.238762 0.405788
7 0.313655 0.313834 0.229218 0.025452
7 0.673799 0.648296 0.228448 0.021552
9 0.640394 0.645218 0.031404 0.026478
2 0.691810 0.776888 0.410099 0.167077
8 0.283790 0.493740 0.397321 0.751437
