7 0.702952 0.236327 0.155904 0.012195
7 0.389066 0.628788 0.194429 0.016260
7 0.401400 0.477735 0.164496 0.017184
7 0.697201 0.447894 0.146896 0.009239
7 0.645718 0.555155 0.146480 0.009793
7 0.402993 0.519586 0.172949 0.016260
7 0.388373 0.540558 0.197755 0.015706
7 0.398697 0.562084 0.164911 0.016999
7 0.676136 0.405118 0.203160 0.010163
7 0.388304 0.305155 0.200665 0.016814
7 0.394956 0.671286 0.205931 0.017738
3 0.300928 0.559313 0.025915 0.022912
9 0.722076 0.402069 0.010948 0.022912
7 0.395233 0.325942 0.203160 0.015891
7 0.413664 0.388119 0.152993 0.016075
3 0.314440 0.372967 0.056541 0.042683
7 0.324626 0.410477 0.068598 0.017184
8 0.699557 0.508038 0.357816 0.707871
9 0.399667 0.600887 0.015798 0.024390
9 0.725887 0.379157 0.014412 0.019956
7 0.386017 0.240576 0.195815 0.016260
7 0.405141 0.433204 0.167544 0.017184
7 0.681056 0.489930 0.165327 0.012749
7 0.690410 0.320399 0.175166 0.011086
3 0.301760 0.516630 0.028963 0.024760
7 0.609410 0.512380 0.070815 0.009608
10 0.477688 0.343404 0.024667 0.013119
3 0.585851 0.318367 0.027855 0.021803
7 0.418099 0.367517 0.148559 0.017738
7 0.389135 0.650961 0.195676 0.016999
10 0.423434 0.407428 0.134285 0.013304
9 0.472215 0.668145 0.050859 0.029933
2 0.242725 0.450942 0.084396 0.461382
7 0.700111 0.428215 0.150499 0.010532
7 0.666089 0.468681 0.181680 0.011271
3 0.587098 0.362528 0.032012 0.022912
7 0.405072 0.607816 0.169346 0.016814
7 0.387264 0.455746 0.196924 0.016814
7 0.675790 0.598300 0.203575 0.010347
7 0.382206 0.498522 0.187639 0.018108
13 0.391907 0.453160 0.218404 0.459904
8 0.346522 0.503695 0.343819 0.716556
7 0.688331 0.341279 0.171009 0.009608
7 0.702051 0.256559 0.154379 0.009793
3 0.302106 0.472653 0.029656 0.025499
10 0.708079 0.510163 0.127910 0.012195
7 0.367794 0.261179 0.151608 0.016814
7 0.671009 0.660292 0.193182 0.009793
3 0.583356 0.620103 0.031181 0.024021
9 0.681887 0.617609 0.014551 0.019401
10 0.465355 0.580285 0.050443 0.013858
9 0.427176 0.342849 0.070815 0.024575
3 0.301829 0.339246 0.031319 0.022912
3 0.303007 0.427568 0.028963 0.022173
10 0.745704 0.555525 0.055710 0.010902
3 0.582594 0.530303 0.026330 0.026238
7 0.398074 0.345990 0.165327 0.016445
3 0.596937 0.434220 0.058343 0.050259
2 0.816865 0.442350 0.073586 0.455654
7 0.673503 0.300259 0.196785 0.011826
7 0.369457 0.584442 0.153548 0.017738
9 0.742863 0.424982 0.065826 0.022912
7 0.673365 0.278917 0.196231 0.013858
3 0.584188 0.489375 0.027855 0.023097
3 0.583772 0.574649 0.027023 0.027347
7 0.673503 0.641445 0.203437 0.009793
3 0.585851 0.339616 0.029518 0.020695
9 0.583010 0.382114 0.024390 0.016999
7 0.673573 0.383869 0.204961 0.013858
3 0.599016 0.246212 0.052522 0.043792
7 0.676136 0.533537 0.156874 0.011271
7 0.407705 0.282243 0.177106 0.016075
7 0.687223 0.362712 0.164911 0.011456
10 0.463553 0.256375 0.052938 0.016445
7 0.685906 0.619734 0.170870 0.009239
7 0.684035 0.578160 0.167960 0.010717
3 0.300859 0.277624 0.028271 0.019771
13 0.671979 0.443829 0.209812 0.452698
3 0.301206 0.602919 0.026469 0.026238
9 0.745358 0.316334 0.065272 0.022912
