7 0.526752 0.316013 0.118623 0.023712
3 0.500000 0.343970 0.094152 0.037471
10 0.518872 0.581967 0.227292 0.022834
3 0.210908 0.615632 0.097470 0.039813
10 0.484654 0.412763 0.295728 0.022834
7 0.396931 0.555328 0.451265 0.028689
7 0.194318 0.629098 0.010369 0.021077
7 0.444421 0.620609 0.395272 0.026932
8 0.490460 0.502781 0.980921 0.963993
13 0.404397 0.399297 0.485276 0.472482
7 0.394650 0.386856 0.455827 0.024883
7 0.390087 0.486827 0.447532 0.026932
7 0.540025 0.249561 0.162588 0.021956
7 0.588760 0.350556 0.070095 0.023126
7 0.271464 0.419204 0.211116 0.028103
7 0.407715 0.588993 0.006636 0.011124
3 0.215263 0.446136 0.106180 0.040984
7 0.437163 0.518443 0.345085 0.026932
7 0.284114 0.585480 0.237246 0.021077
2 0.729365 0.393589 0.187889 0.473946
7 0.543550 0.284690 0.171298 0.023126
7 0.435711 0.452722 0.367897 0.024883
7 0.549979 0.182523 0.194110 0.024297
3 0.211530 0.513759 0.106180 0.036300
7 0.541891 0.218091 0.171298 0.022834
4 0.298009 0.260978 0.320614 0.215749
10 0.595811 0.312061 0.073414 0.021663
