9 0.762987 0.291388 0.183983 0.038604
3 0.395563 0.175947 0.063853 0.032665
9 0.405303 0.269302 0.181818 0.033779
0 0.591450 0.515033 0.595238 0.355976
8 0.495130 0.500742 0.966450 0.981440
7 0.587392 0.205085 0.543831 0.029324
7 0.586039 0.174647 0.545455 0.023385
3 0.521645 0.267817 0.076840 0.036006
3 0.380411 0.209540 0.063853 0.040460
7 0.586851 0.267446 0.549242 0.027840
9 0.540584 0.174091 0.066017 0.033408
7 0.584416 0.236637 0.550866 0.028582
9 0.337662 0.207498 0.035714 0.031180
3 0.604437 0.176875 0.069264 0.036006
7 0.430195 0.327951 0.207792 0.024870
13 0.586580 0.229027 0.556277 0.219748
9 0.437229 0.329250 0.224026 0.029696
7 0.590909 0.144581 0.545455 0.028582
3 0.344697 0.242019 0.080087 0.042316
9 0.837392 0.199146 0.054654 0.034521
7 0.587933 0.296214 0.526515 0.027468
9 0.338474 0.177803 0.044913 0.036377
