7 0.688702 0.175450 0.243158 0.027807
7 0.690643 0.240334 0.238536 0.027278
13 0.315366 0.619439 0.278291 0.202860
7 0.691291 0.458554 0.243528 0.030985
3 0.327570 0.641949 0.038277 0.034958
7 0.689442 0.645657 0.245747 0.023835
3 0.679549 0.583819 0.041050 0.038400
8 0.276535 0.493114 0.474297 0.926907
7 0.690736 0.677039 0.252774 0.028337
3 0.760078 0.210011 0.040126 0.040254
7 0.689164 0.491658 0.244453 0.028867
7 0.689164 0.338586 0.239275 0.027807
7 0.691013 0.398702 0.240385 0.027278
7 0.319157 0.614539 0.244083 0.026748
3 0.761187 0.271716 0.046413 0.039725
7 0.691753 0.428761 0.246302 0.027542
7 0.316383 0.584084 0.239645 0.031515
3 0.771542 0.616525 0.030880 0.031250
7 0.686391 0.210408 0.236317 0.026748
7 0.689072 0.304158 0.237981 0.028337
3 0.581823 0.362685 0.041605 0.032574
7 0.686298 0.554290 0.239460 0.025424
7 0.320821 0.551642 0.244453 0.034428
7 0.689349 0.272378 0.235577 0.025689
3 0.682785 0.518141 0.040126 0.036282
7 0.340052 0.677039 0.194527 0.028337
8 0.720229 0.485832 0.424556 0.835540
7 0.691568 0.615599 0.248891 0.025159
7 0.342086 0.645789 0.190828 0.026218
7 0.695451 0.585143 0.252219 0.027278
13 0.694064 0.429290 0.274963 0.563030
7 0.703310 0.369041 0.233913 0.028337
3 0.658654 0.456833 0.051405 0.036547
3 0.340607 0.553231 0.036982 0.033369
3 0.208765 0.664460 0.079142 0.072564
7 0.685836 0.522775 0.235947 0.029131
