2 0.161344 0.442177 0.113556 0.696351
7 0.693991 0.514069 0.213627 0.022573
7 0.330258 0.348794 0.214336 0.018553
13 0.695410 0.423160 0.219778 0.440631
7 0.332860 0.639920 0.216229 0.016388
7 0.698131 0.484075 0.213863 0.021336
9 0.266619 0.493197 0.020819 0.027211
7 0.323161 0.520408 0.200615 0.024119
2 0.797729 0.145949 0.277738 0.120594
13 0.330968 0.433828 0.220960 0.448980
7 0.692098 0.367656 0.213154 0.022263
7 0.694109 0.601732 0.213390 0.021645
3 0.236456 0.460730 0.039981 0.037106
9 0.345872 0.371058 0.110717 0.027211
7 0.692453 0.570965 0.212444 0.022573
7 0.692098 0.630952 0.207476 0.021336
9 0.427135 0.427644 0.020109 0.031540
2 0.241542 0.155071 0.271587 0.112245
2 0.796428 0.735003 0.275136 0.140383
8 0.301041 0.512832 0.444523 0.864873
9 0.696357 0.363482 0.049444 0.025046
7 0.695056 0.454545 0.216229 0.020408
7 0.694937 0.542981 0.208895 0.022882
7 0.366927 0.580087 0.147149 0.014224
7 0.331914 0.376778 0.212917 0.020099
3 0.255737 0.561843 0.075704 0.064317
7 0.732789 0.255720 0.136030 0.009895
7 0.326118 0.435065 0.206529 0.019171
10 0.418973 0.368893 0.038325 0.021645
7 0.694346 0.339208 0.201561 0.020408
7 0.323989 0.463358 0.206056 0.017007
7 0.332742 0.233302 0.214573 0.017625
7 0.332742 0.405690 0.211734 0.016698
7 0.693163 0.312461 0.211498 0.025046
2 0.247812 0.724181 0.286492 0.135436
2 0.868346 0.446197 0.136503 0.714286
3 0.618524 0.406308 0.071209 0.066172
7 0.331796 0.291899 0.218358 0.019171
7 0.695765 0.223098 0.214810 0.023191
10 0.795363 0.393166 0.015141 0.029994
9 0.339957 0.517625 0.052520 0.021645
8 0.731488 0.503247 0.452803 0.838281
2 0.557133 0.425479 0.069553 0.471861
10 0.401112 0.516079 0.074048 0.021645
3 0.621718 0.262369 0.074758 0.068955
7 0.728058 0.398268 0.141708 0.022882
10 0.762243 0.364564 0.081855 0.019171
7 0.331086 0.263605 0.219304 0.017007
7 0.365862 0.550402 0.133191 0.013605
7 0.731843 0.283241 0.140289 0.021645
3 0.236101 0.403370 0.040691 0.041744
7 0.722735 0.425015 0.138633 0.022573
7 0.332269 0.320192 0.216939 0.013915
7 0.327182 0.493970 0.211024 0.019481
7 0.330731 0.608071 0.210078 0.017625
2 0.469482 0.424861 0.070736 0.476809
