3 0.381362 0.262105 0.086078 0.047925
3 0.392590 0.599555 0.077096 0.036067
7 0.644461 0.471097 0.447605 0.026186
7 0.642590 0.170949 0.451347 0.023715
10 0.833832 0.363636 0.089820 0.036561
7 0.604790 0.304842 0.525449 0.024704
7 0.616018 0.504447 0.526946 0.027668
3 0.381362 0.330040 0.083084 0.037549
10 0.844311 0.562500 0.058383 0.033103
3 0.383234 0.161067 0.092814 0.037549
7 0.613772 0.338439 0.501497 0.027668
3 0.384731 0.399951 0.076347 0.036067
3 0.391841 0.532856 0.072605 0.040020
13 0.608533 0.397233 0.574850 0.532609
7 0.616392 0.538538 0.521707 0.021739
3 0.389222 0.463933 0.067365 0.036561
8 0.524701 0.500494 0.943114 0.962451
7 0.632485 0.270010 0.452096 0.027174
7 0.608907 0.437006 0.523204 0.024209
7 0.621632 0.604990 0.512725 0.023221
7 0.604042 0.203557 0.520958 0.022727
10 0.743263 0.633152 0.270958 0.028162
10 0.642216 0.230484 0.446108 0.040020
7 0.591692 0.370800 0.497754 0.025198
7 0.494386 0.640810 0.283683 0.024704
7 0.385853 0.237401 0.087575 0.022233
7 0.591317 0.572875 0.480539 0.026186
7 0.617141 0.403409 0.514222 0.024209
