7 0.684313 0.708795 0.191796 0.019956
7 0.716602 0.460181 0.257483 0.022358
8 0.330793 0.479952 0.395233 0.904102
9 0.719235 0.553677 0.233093 0.037879
9 0.712930 0.584996 0.165327 0.038803
7 0.749169 0.615115 0.169346 0.024760
5 0.679878 0.678492 0.018016 0.033629
7 0.711475 0.253695 0.211752 0.037324
7 0.714731 0.315225 0.143986 0.037694
3 0.625069 0.642738 0.075527 0.099224
7 0.716394 0.189948 0.181402 0.045085
8 0.746951 0.486973 0.422118 0.878234
7 0.720621 0.552938 0.213969 0.021988
13 0.717780 0.446046 0.270926 0.596822
7 0.718334 0.428492 0.260671 0.022542
7 0.718196 0.379989 0.237943 0.036770
7 0.757414 0.675905 0.179462 0.023282
9 0.719651 0.524945 0.268016 0.047672
9 0.596037 0.427476 0.025222 0.039727
7 0.712029 0.582317 0.134978 0.023466
7 0.703021 0.648097 0.069290 0.023097
5 0.623268 0.427846 0.017323 0.026792
7 0.720067 0.522635 0.252772 0.022727
7 0.656458 0.491778 0.133038 0.023836
9 0.639620 0.494087 0.018708 0.033629
