7 0.684129 0.301640 0.238285 0.032199
7 0.682140 0.236330 0.234306 0.025516
7 0.314324 0.654921 0.237843 0.034022
7 0.318966 0.455954 0.243590 0.028554
7 0.676614 0.467193 0.230327 0.030377
7 0.319629 0.421932 0.240495 0.027339
7 0.685013 0.267922 0.236516 0.027947
7 0.679708 0.531592 0.240937 0.032807
7 0.320513 0.226002 0.238727 0.030377
7 0.679266 0.498785 0.235632 0.030377
7 0.316976 0.556804 0.236074 0.032199
7 0.319187 0.321993 0.238727 0.026731
7 0.323828 0.523390 0.248011 0.032199
8 0.727233 0.512758 0.465959 0.959903
8 0.262157 0.501823 0.449160 0.951397
13 0.324934 0.452612 0.271441 0.543135
7 0.325818 0.259113 0.250221 0.028554
7 0.318523 0.623026 0.242706 0.032199
7 0.323386 0.355103 0.243590 0.029769
7 0.680371 0.433779 0.239611 0.034022
7 0.681919 0.335055 0.236516 0.028554
7 0.320292 0.488457 0.246242 0.031592
7 0.679708 0.635480 0.236516 0.032807
7 0.316976 0.388214 0.238727 0.027947
13 0.684792 0.459903 0.257294 0.544350
7 0.675508 0.702612 0.231653 0.034629
7 0.681034 0.400365 0.239169 0.031592
7 0.681698 0.367558 0.236074 0.030377
7 0.310787 0.688032 0.231653 0.033414
7 0.674403 0.600547 0.224138 0.032199
7 0.676614 0.567740 0.232980 0.030984
7 0.674624 0.668287 0.234306 0.032807
7 0.324271 0.291920 0.249779 0.028554
7 0.317197 0.588700 0.240937 0.031592
