7 0.674184 0.539922 0.230450 0.025246
7 0.319658 0.441605 0.243688 0.024836
7 0.704357 0.253079 0.169181 0.024220
10 0.390471 0.283251 0.079587 0.018473
3 0.572044 0.345135 0.046798 0.037562
7 0.687115 0.413177 0.184267 0.010263
8 0.253079 0.510263 0.451047 0.831691
7 0.309036 0.345443 0.223984 0.022167
3 0.570890 0.216441 0.038639 0.037972
3 0.214286 0.473009 0.036330 0.032225
7 0.274246 0.281917 0.151016 0.020731
3 0.216133 0.312397 0.043719 0.035304
7 0.686807 0.503489 0.184267 0.023810
10 0.701509 0.567837 0.172722 0.016215
7 0.336207 0.566195 0.196121 0.024015
7 0.691041 0.350677 0.182574 0.023194
7 0.309575 0.502976 0.224138 0.023604
7 0.328664 0.473522 0.187500 0.022989
7 0.332050 0.219930 0.188424 0.022373
7 0.687269 0.217775 0.191349 0.025862
7 0.674954 0.628900 0.228602 0.022167
3 0.573969 0.406712 0.039255 0.034688
3 0.573045 0.600472 0.048799 0.038793
7 0.333744 0.379310 0.194273 0.022167
7 0.312731 0.533662 0.227063 0.024220
3 0.213670 0.564553 0.048030 0.037562
3 0.571736 0.505131 0.041872 0.041461
7 0.329510 0.311679 0.183036 0.021962
3 0.578202 0.271449 0.080665 0.072865
7 0.312885 0.596470 0.225831 0.022578
13 0.682497 0.430829 0.314501 0.529967
13 0.306650 0.419335 0.281712 0.488506
7 0.586515 0.570197 0.051108 0.019704
3 0.214209 0.215415 0.045105 0.044540
7 0.312577 0.247640 0.229834 0.019910
7 0.704818 0.285612 0.165486 0.023194
8 0.720520 0.505644 0.452740 0.831897
3 0.213516 0.378284 0.047106 0.041461
7 0.671567 0.444684 0.225831 0.023604
7 0.692580 0.600267 0.188424 0.022373
7 0.287946 0.629516 0.176262 0.025862
7 0.308805 0.411946 0.221059 0.023399
7 0.670797 0.315989 0.224600 0.023194
7 0.664717 0.377976 0.208744 0.023604
7 0.675339 0.472496 0.229988 0.021757
10 0.404249 0.623255 0.044951 0.020731
