7 0.695096 0.300884 0.279415 0.021817
7 0.299634 0.689450 0.286513 0.013532
13 0.698645 0.451809 0.310174 0.610881
7 0.686492 0.484811 0.276404 0.017951
7 0.699828 0.281414 0.266079 0.020436
7 0.690579 0.578155 0.281996 0.018503
7 0.296838 0.171638 0.282641 0.019608
5 0.571091 0.457608 0.048182 0.045844
7 0.706173 0.540320 0.271026 0.016846
7 0.299849 0.510080 0.287804 0.015465
7 0.704130 0.246203 0.252312 0.020713
10 0.790600 0.525684 0.088836 0.016294
7 0.297483 0.413560 0.286513 0.015189
7 0.713057 0.261944 0.247795 0.023474
10 0.808023 0.619580 0.053990 0.014085
7 0.690686 0.687517 0.284792 0.017951
7 0.715853 0.446700 0.244784 0.017399
7 0.301785 0.319801 0.295547 0.016570
8 0.737793 0.514775 0.459884 0.942833
10 0.742203 0.246893 0.191224 0.019884
7 0.294364 0.192626 0.281996 0.016846
7 0.300280 0.672880 0.286943 0.013532
7 0.696494 0.594449 0.292106 0.017951
5 0.573779 0.268710 0.035492 0.043634
10 0.782319 0.341342 0.094214 0.016570
7 0.710475 0.225766 0.264573 0.026236
5 0.576468 0.360260 0.044741 0.043358
13 0.307378 0.457608 0.308453 0.590445
7 0.304367 0.654791 0.302000 0.013256
5 0.577436 0.621099 0.042805 0.043634
7 0.689180 0.705054 0.282641 0.019884
8 0.258335 0.512428 0.459884 0.933720
7 0.298881 0.433030 0.291030 0.014913
7 0.711121 0.191107 0.267154 0.028721
7 0.299204 0.564761 0.290385 0.014361
7 0.302000 0.393676 0.295547 0.015742
7 0.300925 0.471417 0.291676 0.016018
7 0.302108 0.582574 0.289740 0.014085
7 0.686814 0.650511 0.278339 0.018503
7 0.692837 0.429301 0.281351 0.018503
7 0.302538 0.619442 0.291891 0.013256
7 0.295978 0.377658 0.282641 0.015189
7 0.686922 0.502486 0.275543 0.016294
7 0.692192 0.337338 0.270166 0.019056
10 0.796193 0.432339 0.083244 0.015189
7 0.299419 0.636979 0.283932 0.013532
3 0.563347 0.200083 0.032695 0.107429
7 0.693913 0.392847 0.283072 0.019056
7 0.709292 0.163491 0.264358 0.042530
7 0.300280 0.247031 0.288234 0.016846
7 0.297914 0.528583 0.283072 0.014913
7 0.714347 0.615852 0.228436 0.016570
7 0.695203 0.318558 0.281351 0.020160
7 0.715208 0.373654 0.237040 0.018227
7 0.304259 0.599696 0.296193 0.014085
7 0.298021 0.725352 0.285438 0.016294
5 0.559475 0.549158 0.024952 0.041149
7 0.711874 0.465893 0.233384 0.018779
7 0.301570 0.338028 0.291676 0.017675
7 0.296623 0.265672 0.285223 0.017122
7 0.709830 0.632422 0.240052 0.015465
7 0.304689 0.358741 0.296193 0.016570
7 0.715745 0.355703 0.247580 0.016570
7 0.294687 0.451671 0.278770 0.015742
7 0.296623 0.210991 0.282641 0.017122
7 0.690794 0.410522 0.278124 0.021265
7 0.295978 0.286247 0.283932 0.014637
7 0.705313 0.210163 0.260701 0.024303
7 0.296730 0.545153 0.281566 0.012704
7 0.687890 0.665838 0.292966 0.023750
7 0.691224 0.522646 0.284577 0.015742
7 0.296946 0.301436 0.281996 0.014085
7 0.298881 0.228390 0.289740 0.017122
7 0.706496 0.560204 0.276834 0.019608
7 0.691439 0.725214 0.287159 0.022093
7 0.301140 0.492267 0.291676 0.013532
7 0.301248 0.708092 0.284147 0.014361
