8 0.374515 0.465078 0.379019 0.698078
7 0.408606 0.531689 0.200804 0.023097
7 0.735310 0.366593 0.214523 0.020325
9 0.634285 0.388766 0.024945 0.029564
7 0.727203 0.521526 0.198032 0.021988
9 0.706278 0.408167 0.069152 0.024021
7 0.407359 0.424982 0.196646 0.023651
9 0.502079 0.601996 0.029102 0.042498
7 0.403963 0.399390 0.193736 0.021619
8 0.761086 0.470621 0.380820 0.702513
9 0.822616 0.302014 0.038803 0.036770
7 0.410200 0.611142 0.202328 0.023466
9 0.313054 0.372136 0.022173 0.036955
7 0.408952 0.584719 0.201774 0.026792
7 0.730599 0.260070 0.203160 0.023836
7 0.413248 0.268016 0.216463 0.021988
7 0.406042 0.559590 0.199002 0.026792
7 0.752079 0.441796 0.161863 0.025129
9 0.313054 0.503326 0.024945 0.036955
7 0.750277 0.466556 0.163248 0.020695
7 0.725471 0.602088 0.197062 0.022358
7 0.410477 0.478012 0.207317 0.022912
7 0.731430 0.391260 0.203160 0.022727
7 0.727273 0.575758 0.195676 0.025129
7 0.409576 0.347838 0.199972 0.021988
13 0.410615 0.439671 0.228936 0.392646
7 0.731222 0.548319 0.207456 0.020880
7 0.682303 0.417036 0.107400 0.021434
7 0.402578 0.371489 0.196508 0.026792
7 0.732885 0.285846 0.205793 0.022912
9 0.815687 0.596452 0.044346 0.031412
13 0.734618 0.425813 0.228104 0.391537
9 0.426552 0.313101 0.022173 0.036770
7 0.406319 0.320769 0.199557 0.022912
7 0.405211 0.295085 0.200111 0.021803
9 0.492378 0.439579 0.020787 0.038803
7 0.727134 0.338969 0.202051 0.021619
7 0.731084 0.313378 0.201081 0.022542
7 0.407844 0.505543 0.195953 0.026238
9 0.353936 0.579823 0.020787 0.035107
7 0.405419 0.452882 0.197201 0.020695
9 0.756098 0.276238 0.024945 0.036955
7 0.732747 0.495103 0.204961 0.021249
9 0.785892 0.329638 0.020787 0.036955
9 0.426899 0.578437 0.018708 0.032336
9 0.364676 0.551183 0.017323 0.031412
3 0.624654 0.452882 0.104629 0.065410
