7 0.692905 0.620381 0.092018 0.019032
7 0.306680 0.335735 0.065410 0.019956
3 0.715771 0.617239 0.025499 0.021988
2 0.777993 0.486511 0.072616 0.539911
7 0.694568 0.642092 0.096175 0.019217
8 0.699764 0.549797 0.375693 0.752587
8 0.311322 0.555802 0.383176 0.752402
7 0.694568 0.595436 0.097838 0.018662
13 0.370427 0.318274 0.205100 0.065965
0 0.653132 0.397173 0.178492 0.355322
13 0.653340 0.614653 0.181125 0.075942
2 0.550097 0.484941 0.025360 0.530857
3 0.604005 0.611696 0.079407 0.073725
2 0.670455 0.705746 0.272727 0.102180
7 0.370427 0.306911 0.193736 0.022542
