7 0.327509 0.155583 0.284021 0.022578
7 0.665486 0.613198 0.287562 0.022373
7 0.668488 0.259544 0.292026 0.022783
3 0.191425 0.618432 0.030018 0.032841
7 0.331666 0.314860 0.173491 0.021757
9 0.797029 0.113300 0.051878 0.041461
9 0.333128 0.316400 0.179803 0.038383
7 0.538639 0.285201 0.039717 0.020731
7 0.331666 0.784380 0.268627 0.028941
7 0.325739 0.590928 0.292488 0.021757
7 0.367611 0.372742 0.215825 0.020936
7 0.332358 0.812295 0.276478 0.033046
3 0.542719 0.324507 0.049723 0.059934
7 0.666641 0.396860 0.292026 0.020320
7 0.659329 0.120074 0.281404 0.025041
3 0.542103 0.707204 0.060191 0.056445
7 0.325585 0.644294 0.293411 0.022578
7 0.324969 0.673132 0.294027 0.022373
8 0.293334 0.503489 0.410252 0.913383
9 0.192503 0.239532 0.027248 0.038998
3 0.241841 0.727833 0.030788 0.031199
7 0.690810 0.726293 0.232913 0.023604
7 0.668873 0.148502 0.295874 0.024836
3 0.248153 0.371305 0.023399 0.027504
8 0.703048 0.502874 0.409175 0.914614
7 0.328972 0.265394 0.284483 0.023399
13 0.327586 0.472291 0.310961 0.735632
3 0.194196 0.133415 0.026016 0.030378
7 0.664871 0.666051 0.285714 0.023810
7 0.356912 0.346264 0.235068 0.022578
3 0.186115 0.781199 0.028633 0.025862
7 0.668411 0.531507 0.292180 0.020731
7 0.256619 0.293719 0.140702 0.019704
7 0.667873 0.204536 0.294181 0.023194
7 0.331435 0.236658 0.289717 0.024631
9 0.529711 0.664204 0.036330 0.029557
7 0.668873 0.476293 0.294027 0.021552
5 0.234067 0.320505 0.026016 0.027709
7 0.324200 0.754002 0.290025 0.022373
7 0.326509 0.535509 0.293411 0.023399
3 0.184498 0.809216 0.026632 0.028530
9 0.460899 0.234093 0.044951 0.036330
3 0.385853 0.673953 0.025400 0.028530
7 0.331512 0.619458 0.288947 0.023399
3 0.273476 0.563321 0.028787 0.033046
9 0.717134 0.282328 0.090055 0.035920
7 0.664871 0.366174 0.290025 0.021346
7 0.665409 0.586104 0.290794 0.024425
7 0.612531 0.806548 0.190579 0.025657
13 0.672414 0.469212 0.313732 0.729475
3 0.192811 0.186268 0.020782 0.029351
3 0.262469 0.645525 0.024015 0.038998
7 0.319581 0.453612 0.279865 0.021757
7 0.324815 0.508826 0.292488 0.022167
7 0.328202 0.400349 0.292180 0.021141
7 0.339286 0.180829 0.267549 0.022989
9 0.767857 0.804803 0.099754 0.042693
9 0.796721 0.669848 0.041718 0.032635
7 0.665102 0.752053 0.287408 0.023399
7 0.667180 0.230911 0.292488 0.022989
7 0.667103 0.452586 0.292642 0.021346
7 0.690964 0.311474 0.248307 0.021962
7 0.325123 0.699815 0.293103 0.021552
7 0.324969 0.565066 0.295874 0.021757
9 0.660483 0.555624 0.216595 0.034893
7 0.664178 0.779659 0.289563 0.026478
7 0.666333 0.641318 0.291718 0.023194
7 0.667411 0.177032 0.293257 0.024015
7 0.327740 0.481527 0.290333 0.020525
7 0.326817 0.212028 0.286330 0.023399
7 0.673183 0.555419 0.233067 0.020525
9 0.785714 0.557984 0.032943 0.030172
7 0.323892 0.726704 0.294643 0.022373
7 0.334667 0.128284 0.255542 0.022578
7 0.326355 0.427340 0.294335 0.021757
7 0.690425 0.339286 0.242919 0.022578
3 0.375539 0.509031 0.026016 0.031199
7 0.665871 0.423337 0.290179 0.021141
3 0.330203 0.398912 0.024631 0.029351
7 0.666718 0.504310 0.290948 0.021346
3 0.189809 0.485530 0.026786 0.031814
9 0.205357 0.291256 0.052032 0.038177
7 0.693504 0.694992 0.234914 0.022989
3 0.206435 0.364122 0.052032 0.059524
9 0.803033 0.612993 0.043565 0.033456
