7 0.358906 0.531150 0.274443 0.031732
10 0.538238 0.559971 0.171346 0.025910
7 0.400290 0.502038 0.352372 0.029403
0 0.356244 0.300728 0.455954 0.331878
10 0.583737 0.772926 0.075508 0.018049
3 0.189981 0.621980 0.052759 0.031732
10 0.588819 0.505386 0.060503 0.019796
2 0.344143 0.481951 0.614714 0.763610
7 0.286302 0.739592 0.373185 0.039301
7 0.276864 0.562300 0.363020 0.036390
10 0.540900 0.740320 0.140852 0.025619
7 0.397870 0.502329 0.342691 0.038137
10 0.559535 0.531150 0.133591 0.028821
3 0.160939 0.515284 0.126331 0.060553
7 0.344385 0.622125 0.357696 0.034934
2 0.087367 0.454585 0.055663 0.718195
10 0.557115 0.704658 0.118103 0.024163
10 0.537028 0.648617 0.153437 0.027365
7 0.369555 0.771325 0.382865 0.036390
10 0.562197 0.675983 0.113746 0.027365
8 0.504598 0.498399 0.959826 0.975837
7 0.276379 0.650073 0.372701 0.030277
7 0.295499 0.594032 0.395450 0.039301
10 0.563408 0.619942 0.100678 0.021252
7 0.333011 0.703930 0.330106 0.040757
10 0.549613 0.593304 0.148596 0.034934
7 0.302759 0.676710 0.436108 0.043959
