13 0.645326 0.393075 0.479840 0.475152
3 0.447940 0.449824 0.074435 0.033985
7 0.649535 0.330715 0.326097 0.019558
7 0.639123 0.172171 0.431103 0.024367
3 0.448161 0.329272 0.058042 0.035909
7 0.624280 0.234851 0.405848 0.020840
7 0.627381 0.418243 0.400532 0.022122
10 0.812140 0.359089 0.063802 0.016031
7 0.585955 0.480603 0.322995 0.024367
10 0.833186 0.610933 0.092601 0.047130
7 0.601462 0.361815 0.341604 0.017634
7 0.650642 0.270119 0.465662 0.022122
7 0.657067 0.206476 0.358883 0.019878
3 0.453478 0.570696 0.063358 0.032062
7 0.646433 0.512504 0.450155 0.019558
8 0.519716 0.494870 0.857776 0.926258
7 0.624502 0.544726 0.395658 0.018596
10 0.821887 0.571818 0.054940 0.030458
7 0.625166 0.390029 0.410279 0.020840
7 0.640230 0.298333 0.435977 0.021481
10 0.799734 0.478038 0.088613 0.017954
7 0.664377 0.448541 0.349579 0.023726
7 0.642889 0.569734 0.303057 0.029497
7 0.601684 0.603719 0.374834 0.021161
3 0.448161 0.205515 0.063358 0.035909
