7 0.716364 0.296285 0.055881 0.019910
7 0.736145 0.216851 0.029557 0.020731
7 0.717288 0.378489 0.056188 0.010263
3 0.701201 0.227422 0.039101 0.055829
8 0.269320 0.495895 0.407174 0.852217
0 0.615917 0.264470 0.139163 0.303982
7 0.651170 0.486248 0.204433 0.022167
7 0.648245 0.458949 0.197968 0.022578
7 0.652171 0.624282 0.213208 0.023604
7 0.672337 0.568042 0.151632 0.024425
7 0.324815 0.213362 0.202586 0.021552
7 0.669566 0.595854 0.144550 0.023399
7 0.314963 0.574097 0.193350 0.021757
7 0.327586 0.403120 0.213362 0.023399
9 0.296567 0.566502 0.166102 0.044335
7 0.650092 0.536433 0.201355 0.020320
7 0.719751 0.404454 0.059575 0.010468
9 0.572814 0.478756 0.023399 0.042488
7 0.736607 0.246511 0.029557 0.018883
7 0.319581 0.325328 0.194273 0.021757
7 0.322429 0.461515 0.204587 0.021962
9 0.395551 0.568350 0.031866 0.036946
10 0.404865 0.512828 0.025554 0.019910
7 0.348599 0.269499 0.147014 0.020525
7 0.322121 0.350062 0.200893 0.021552
2 0.770166 0.145320 0.170567 0.075944
7 0.306573 0.520320 0.169489 0.010673
7 0.719597 0.349856 0.060191 0.019910
2 0.266857 0.146860 0.311730 0.072044
7 0.323199 0.377668 0.202740 0.023399
7 0.720674 0.271244 0.062654 0.019499
2 0.270705 0.741071 0.327124 0.182061
7 0.321429 0.431650 0.201355 0.023810
2 0.701970 0.739840 0.316810 0.181650
7 0.319119 0.242508 0.192734 0.011289
7 0.344212 0.297311 0.141318 0.020320
9 0.270320 0.207410 0.024938 0.035099
9 0.601832 0.503695 0.026324 0.029557
13 0.322583 0.396141 0.223060 0.421182
8 0.691579 0.495895 0.419181 0.852217
3 0.568658 0.576970 0.053879 0.059934
13 0.651940 0.416154 0.214594 0.466954
7 0.649477 0.514060 0.202586 0.021552
7 0.721906 0.323481 0.065425 0.019704
2 0.160637 0.468904 0.099292 0.716133
7 0.317041 0.490148 0.190733 0.021346
2 0.808498 0.469725 0.099138 0.717775
9 0.271013 0.237890 0.020782 0.029557
3 0.241687 0.279351 0.055419 0.055829
7 0.649169 0.432061 0.200431 0.020936
