7 0.680573 0.472701 0.177648 0.026273
7 0.681265 0.572147 0.179649 0.026888
7 0.677263 0.504618 0.170720 0.025246
8 0.271937 0.505029 0.459514 0.778120
7 0.322660 0.536638 0.175800 0.027709
3 0.246921 0.332102 0.047414 0.050493
7 0.327278 0.604782 0.185961 0.026888
7 0.680958 0.335796 0.186730 0.027915
13 0.681804 0.421182 0.208744 0.442529
8 0.737377 0.499795 0.457820 0.781609
3 0.332281 0.465415 0.031866 0.036741
7 0.682805 0.239635 0.181804 0.025657
7 0.321967 0.238095 0.188270 0.019704
7 0.324738 0.402196 0.188270 0.024836
7 0.321967 0.306137 0.179033 0.025246
9 0.399708 0.562808 0.042950 0.033251
7 0.321890 0.501334 0.174261 0.025657
7 0.326124 0.434421 0.191349 0.024425
7 0.677417 0.439553 0.172876 0.025657
7 0.684113 0.306445 0.192734 0.026273
7 0.679726 0.403530 0.187346 0.028736
3 0.246921 0.267139 0.056034 0.035509
7 0.319273 0.368842 0.176416 0.024631
7 0.680727 0.607040 0.180111 0.027709
3 0.313270 0.564245 0.036946 0.036946
7 0.682882 0.273707 0.188116 0.026888
3 0.311576 0.398707 0.038793 0.043719
9 0.743842 0.606219 0.058190 0.035099
7 0.325508 0.570813 0.178725 0.027915
7 0.325970 0.470751 0.181804 0.026067
13 0.322737 0.419438 0.212900 0.432061
7 0.341903 0.274015 0.143165 0.025041
7 0.674723 0.369663 0.181650 0.025862
7 0.330280 0.337541 0.173799 0.025246
7 0.679880 0.535099 0.189501 0.027504
