7 0.312771 0.191385 0.255231 0.020635
2 0.533261 0.460408 0.054283 0.697446
3 0.671042 0.584601 0.032965 0.020377
2 0.862021 0.455249 0.096723 0.707764
7 0.705784 0.664302 0.237071 0.023472
7 0.336557 0.454604 0.219503 0.019345
10 0.798460 0.560872 0.052507 0.027083
3 0.203711 0.456410 0.046585 0.050812
8 0.741907 0.501032 0.452625 0.905081
7 0.753060 0.589631 0.148046 0.022182
7 0.331326 0.310807 0.217331 0.020635
10 0.804481 0.606526 0.042440 0.021408
7 0.709041 0.639025 0.238452 0.023472
7 0.314943 0.501677 0.260758 0.022182
7 0.721674 0.614264 0.131070 0.020892
3 0.202921 0.287722 0.046585 0.058550
7 0.333991 0.284240 0.214370 0.022698
7 0.717726 0.567965 0.114094 0.019603
3 0.578168 0.660820 0.031978 0.023730
7 0.252171 0.669719 0.143901 0.019345
10 0.377813 0.668042 0.128701 0.031468
7 0.314054 0.430230 0.255034 0.022182
13 0.696111 0.600335 0.269443 0.158112
7 0.310896 0.642378 0.259771 0.021924
7 0.290268 0.261027 0.208646 0.020119
7 0.313758 0.404952 0.261942 0.022182
0 0.692657 0.313129 0.267667 0.414238
7 0.734899 0.542946 0.152783 0.019087
9 0.386992 0.425845 0.106001 0.027341
13 0.313857 0.426490 0.266877 0.519216
7 0.312870 0.214212 0.251086 0.019861
9 0.353040 0.186742 0.024280 0.034563
2 0.712890 0.746969 0.398144 0.126386
7 0.311390 0.572221 0.258784 0.022440
7 0.306455 0.619035 0.243387 0.022182
7 0.309120 0.381996 0.251480 0.021150
7 0.307442 0.524761 0.245361 0.020377
7 0.313462 0.237942 0.257402 0.020377
7 0.309218 0.358267 0.253652 0.021666
3 0.607185 0.572608 0.096723 0.102657
8 0.268456 0.497550 0.450849 0.900696
7 0.312574 0.335698 0.255626 0.021408
3 0.576490 0.633093 0.026648 0.022440
9 0.365871 0.257544 0.072049 0.027083
7 0.306948 0.595435 0.253454 0.021924
2 0.131662 0.419783 0.076984 0.519216
7 0.309514 0.549523 0.254639 0.020892
7 0.334781 0.478076 0.210422 0.021408
