7 0.390036 0.301460 0.185560 0.024945
9 0.412971 0.276885 0.115022 0.021988
7 0.372506 0.499261 0.218404 0.025868
7 0.675305 0.430987 0.208980 0.016814
7 0.371674 0.564948 0.206208 0.025314
7 0.677869 0.472838 0.211613 0.016630
13 0.679670 0.452143 0.229906 0.415743
7 0.377564 0.604767 0.217988 0.025868
7 0.369110 0.257761 0.212167 0.024760
9 0.659992 0.321138 0.018986 0.022542
7 0.678908 0.556726 0.217018 0.016630
7 0.682788 0.645048 0.218126 0.016999
8 0.729975 0.519678 0.410338 0.803954
7 0.675582 0.600887 0.205931 0.016260
7 0.676067 0.257021 0.202190 0.016999
7 0.683065 0.322432 0.221729 0.016999
7 0.379712 0.540373 0.223670 0.024945
7 0.680571 0.411216 0.215632 0.016445
7 0.370635 0.475517 0.209396 0.024945
7 0.369942 0.345251 0.216048 0.027901
9 0.779379 0.386826 0.019401 0.021988
7 0.679532 0.300536 0.206901 0.016814
7 0.678562 0.494457 0.217433 0.015891
7 0.389274 0.281504 0.156874 0.023466
7 0.678769 0.619364 0.209534 0.016999
8 0.318598 0.516630 0.406596 0.797857
2 0.203298 0.457132 0.114468 0.423134
7 0.681818 0.278363 0.212306 0.017923
9 0.276885 0.653086 0.021064 0.021988
7 0.385809 0.646896 0.218958 0.025868
3 0.284645 0.294346 0.048226 0.048411
7 0.375554 0.454268 0.231430 0.024575
7 0.377702 0.624446 0.218265 0.026053
7 0.374931 0.367517 0.221591 0.022912
7 0.678076 0.367332 0.208703 0.016260
7 0.673226 0.389412 0.203991 0.017554
7 0.373753 0.388304 0.229213 0.028640
7 0.379920 0.585366 0.230737 0.025129
9 0.678215 0.578529 0.018570 0.020325
7 0.375554 0.431449 0.222284 0.024390
7 0.376386 0.408906 0.223670 0.026977
7 0.681125 0.451959 0.218126 0.016999
7 0.681125 0.514874 0.218958 0.015336
7 0.371120 0.324002 0.212860 0.025314
7 0.680432 0.580007 0.218681 0.016260
7 0.680086 0.533629 0.212722 0.019217
7 0.369457 0.521896 0.205100 0.023466
2 0.843889 0.447801 0.106014 0.419254
13 0.379157 0.454638 0.244734 0.418145
7 0.675998 0.344050 0.207317 0.017369
