8 0.350748 0.492979 0.373337 0.797118
7 0.416782 0.525407 0.181680 0.030857
7 0.668999 0.498614 0.176968 0.021249
7 0.409784 0.282890 0.182650 0.026608
7 0.414911 0.428492 0.183758 0.028455
7 0.710504 0.424612 0.118348 0.020325
9 0.462791 0.576681 0.127356 0.035107
7 0.413941 0.453714 0.181818 0.030118
7 0.675721 0.575573 0.192350 0.022173
7 0.707802 0.303492 0.109063 0.019032
7 0.673226 0.549889 0.190687 0.020325
3 0.614953 0.274390 0.068598 0.085735
7 0.410823 0.258130 0.185006 0.023651
7 0.418237 0.499815 0.186530 0.029564
7 0.668376 0.472099 0.176829 0.020695
7 0.415535 0.477458 0.180017 0.028825
9 0.678007 0.567443 0.206347 0.064671
7 0.707733 0.401700 0.114191 0.021064
7 0.705238 0.378141 0.112251 0.020140
7 0.667475 0.523559 0.176414 0.021249
7 0.441380 0.357816 0.113359 0.021988
7 0.705377 0.251755 0.111419 0.020510
7 0.671355 0.448817 0.177799 0.019586
7 0.423018 0.574926 0.196646 0.033814
9 0.411516 0.306171 0.185560 0.022173
3 0.614260 0.402809 0.069983 0.073171
7 0.413595 0.407428 0.178631 0.029194
13 0.412070 0.412417 0.233232 0.382483
7 0.416644 0.550259 0.180017 0.031412
7 0.444429 0.379065 0.115576 0.022727
9 0.704338 0.352365 0.139828 0.029564
9 0.445468 0.278455 0.120427 0.033259
13 0.678215 0.417036 0.205654 0.391722
8 0.730945 0.483740 0.366269 0.806356
3 0.350471 0.361881 0.067905 0.074095
7 0.709396 0.277716 0.108370 0.019956
7 0.677106 0.332779 0.185144 0.021064
7 0.407289 0.310791 0.177106 0.025499
7 0.675998 0.356800 0.185421 0.018847
7 0.440965 0.336013 0.117239 0.023466
