8 0.714440 0.498768 0.435961 0.873153
8 0.276709 0.493534 0.430881 0.883621
3 0.743842 0.301416 0.036330 0.033456
7 0.338593 0.547516 0.228294 0.022783
3 0.755542 0.493534 0.040640 0.039204
7 0.660714 0.630644 0.225062 0.017447
7 0.663562 0.302648 0.231681 0.025657
7 0.662408 0.470956 0.238916 0.019910
7 0.668411 0.553571 0.237685 0.020525
7 0.369458 0.255029 0.170259 0.019910
7 0.336053 0.623768 0.226909 0.025041
7 0.341441 0.335386 0.238608 0.019704
7 0.662408 0.526580 0.229064 0.017857
7 0.337900 0.229269 0.219828 0.019704
7 0.660945 0.228961 0.219058 0.019910
3 0.343365 0.407122 0.046644 0.039204
3 0.248230 0.258826 0.065733 0.061166
7 0.662177 0.441913 0.241225 0.026273
7 0.662485 0.415127 0.225831 0.019910
7 0.694889 0.279249 0.160099 0.017857
3 0.368381 0.567939 0.041564 0.040230
7 0.664101 0.501950 0.226909 0.022373
7 0.664717 0.335796 0.229064 0.018473
3 0.691964 0.630234 0.036330 0.037972
7 0.333590 0.520423 0.221059 0.020320
3 0.305342 0.621613 0.038023 0.039204
7 0.336515 0.359298 0.224754 0.024015
3 0.726986 0.356835 0.037100 0.033456
9 0.366456 0.224035 0.018011 0.024015
7 0.340902 0.307574 0.235376 0.022373
7 0.334744 0.439963 0.221213 0.021141
3 0.575585 0.264060 0.068350 0.062192
9 0.433651 0.251745 0.058190 0.035099
13 0.339901 0.412254 0.256158 0.490353
3 0.408713 0.517139 0.040640 0.040435
3 0.372306 0.353961 0.038947 0.032225
7 0.662100 0.388444 0.228756 0.016626
9 0.762546 0.222188 0.029095 0.031404
3 0.362454 0.303777 0.043257 0.035714
7 0.340363 0.386289 0.230296 0.020115
3 0.660406 0.438732 0.037254 0.037972
7 0.336592 0.571736 0.227986 0.023194
7 0.665563 0.202791 0.242149 0.022578
7 0.691195 0.255029 0.165025 0.018268
7 0.340902 0.600677 0.234144 0.020320
7 0.339209 0.464901 0.232605 0.028325
13 0.665102 0.422106 0.261238 0.493637
3 0.681573 0.546080 0.038023 0.033456
7 0.335976 0.411638 0.229834 0.023194
7 0.661561 0.359606 0.235376 0.026683
3 0.376155 0.463054 0.043257 0.035714
7 0.341749 0.493740 0.235530 0.021141
7 0.663331 0.606732 0.233067 0.017241
3 0.671644 0.219622 0.038793 0.033251
7 0.371305 0.282430 0.175493 0.018473
7 0.339978 0.202894 0.220597 0.020320
7 0.668719 0.579433 0.240456 0.018062
