7 0.342144 0.406401 0.164464 0.026644
7 0.311062 0.621626 0.236907 0.028028
7 0.335903 0.550173 0.200441 0.026298
7 0.327704 0.260727 0.186001 0.028028
7 0.310083 0.366436 0.234459 0.026990
7 0.666911 0.609689 0.186490 0.035294
7 0.313142 0.477163 0.247920 0.026298
7 0.649535 0.502422 0.237885 0.044291
8 0.684900 0.480969 0.459863 0.961246
3 0.549682 0.467993 0.048458 0.050173
7 0.304332 0.219204 0.232256 0.028720
7 0.636931 0.214879 0.230299 0.044983
7 0.645252 0.395675 0.238130 0.036332
7 0.634361 0.288927 0.223201 0.041522
7 0.305923 0.515225 0.223201 0.027682
7 0.306290 0.334429 0.229809 0.027336
3 0.216471 0.419031 0.084435 0.075433
13 0.650881 0.447751 0.291483 0.561938
7 0.581743 0.579931 0.099364 0.023529
7 0.666911 0.356574 0.198238 0.039100
7 0.647332 0.538062 0.232012 0.041522
7 0.308003 0.585467 0.235683 0.028374
7 0.649290 0.685121 0.231033 0.040138
7 0.620044 0.324394 0.193588 0.031488
7 0.587739 0.433391 0.123103 0.026644
3 0.212433 0.545848 0.046990 0.046021
10 0.739354 0.311419 0.040137 0.026298
3 0.544909 0.361073 0.046745 0.048789
10 0.707538 0.421626 0.116985 0.032872
9 0.746574 0.676298 0.038913 0.050865
7 0.331865 0.694810 0.191385 0.026990
10 0.385095 0.650000 0.092266 0.022491
3 0.549927 0.612803 0.046011 0.047059
7 0.308370 0.297578 0.237396 0.027682
7 0.634851 0.251038 0.229564 0.042561
7 0.651126 0.645329 0.235193 0.040138
7 0.267621 0.655536 0.151982 0.019031
3 0.212310 0.689619 0.045766 0.048443
10 0.697748 0.565917 0.140969 0.032872
13 0.308982 0.453806 0.276799 0.576817
8 0.263216 0.499308 0.420705 0.930796
3 0.207905 0.257093 0.051150 0.052595
7 0.345693 0.442042 0.172540 0.028720
7 0.669114 0.465052 0.187469 0.033910
