7 0.300721 0.359387 0.042683 0.025129
7 0.686946 0.604952 0.116962 0.029194
7 0.687431 0.628695 0.119873 0.031596
8 0.694360 0.542221 0.403132 0.772542
7 0.362597 0.622321 0.224640 0.025868
13 0.364676 0.455192 0.235726 0.369734
7 0.286793 0.575018 0.072201 0.022173
7 0.333356 0.467110 0.162833 0.019586
7 0.279241 0.446785 0.057095 0.022173
3 0.591394 0.601072 0.074141 0.074649
13 0.649113 0.601072 0.195122 0.082040
8 0.305225 0.544993 0.382345 0.758130
7 0.342295 0.401053 0.195122 0.026423
0 0.652924 0.383038 0.186114 0.384331
7 0.363151 0.337676 0.230737 0.026423
7 0.329961 0.379897 0.174335 0.029194
2 0.664634 0.480137 0.301275 0.586290
7 0.650291 0.578529 0.194152 0.039542
7 0.333426 0.316519 0.177384 0.029194
7 0.332733 0.553677 0.166297 0.022727
7 0.378672 0.532797 0.195815 0.027531
7 0.339038 0.510347 0.178354 0.024760
7 0.378465 0.287509 0.200111 0.036955
7 0.295247 0.422764 0.033675 0.027716
2 0.655419 0.830285 0.061391 0.088137
7 0.302384 0.596729 0.047949 0.025314
7 0.381305 0.489191 0.201635 0.029010
