7 0.538919 0.548552 0.707439 0.024824
9 0.190567 0.391093 0.042945 0.032125
7 0.527799 0.767218 0.699003 0.026527
5 0.199195 0.499757 0.064034 0.065466
5 0.219900 0.752981 0.097009 0.057922
9 0.194594 0.424678 0.038727 0.032125
7 0.430023 0.159406 0.486580 0.025797
7 0.527416 0.239353 0.295629 0.021660
7 0.535660 0.517401 0.713190 0.024824
7 0.435583 0.420784 0.522239 0.024337
7 0.536235 0.126430 0.702837 0.024093
7 0.552531 0.275493 0.165644 0.027257
7 0.565567 0.321246 0.618865 0.024337
7 0.538919 0.580312 0.702837 0.025067
7 0.406058 0.387321 0.482362 0.025067
5 0.440951 0.449258 0.047546 0.032611
7 0.534701 0.095644 0.695936 0.024824
9 0.550997 0.664882 0.454755 0.069603
7 0.468558 0.354101 0.401074 0.024337
7 0.565951 0.482477 0.651074 0.024093
9 0.548888 0.277075 0.182899 0.038696
9 0.547929 0.729983 0.197086 0.032368
7 0.537385 0.799708 0.705138 0.028717
7 0.265146 0.609272 0.162193 0.022147
5 0.196127 0.333780 0.087040 0.064493
7 0.520322 0.212217 0.488497 0.022390
8 0.495782 0.500365 0.963190 0.982721
9 0.520514 0.224142 0.524156 0.051594
7 0.532400 0.724751 0.182132 0.024337
7 0.548888 0.647968 0.445169 0.028474
7 0.541794 0.684595 0.220859 0.025310
7 0.486388 0.452300 0.123083 0.023120
7 0.532592 0.830494 0.706288 0.029448
13 0.528949 0.466902 0.764954 0.795084
