5 0.240526 0.493260 0.022995 0.033088
7 0.362399 0.375245 0.253495 0.021078
7 0.654709 0.372059 0.240618 0.026471
7 0.656089 0.713971 0.248528 0.023529
7 0.653422 0.434436 0.237675 0.023775
5 0.392108 0.341912 0.029617 0.033333
7 0.361295 0.345466 0.247609 0.022304
5 0.747425 0.246324 0.028330 0.025980
5 0.620125 0.680392 0.029801 0.029412
7 0.656365 0.311887 0.242458 0.027696
3 0.237307 0.716544 0.094923 0.135049
7 0.653422 0.555882 0.244297 0.022549
7 0.362307 0.465074 0.251104 0.021814
13 0.359364 0.482230 0.265820 0.519363
5 0.319996 0.435539 0.030721 0.035784
7 0.660872 0.524755 0.252943 0.022549
5 0.669978 0.590319 0.033848 0.027206
7 0.358904 0.528676 0.247976 0.022059
13 0.658113 0.479534 0.263245 0.507598
5 0.292219 0.560907 0.031825 0.028186
7 0.358628 0.248529 0.243010 0.022549
7 0.658297 0.402819 0.252208 0.025245
9 0.477649 0.681985 0.021523 0.032598
7 0.358536 0.620833 0.247609 0.021569
7 0.379323 0.711642 0.207506 0.023284
7 0.658021 0.496569 0.244665 0.024020
7 0.360191 0.559436 0.250184 0.020833
8 0.703642 0.520098 0.399926 0.834804
7 0.657193 0.621201 0.250736 0.023775
7 0.650294 0.681740 0.234364 0.023284
5 0.591795 0.434804 0.028330 0.028431
7 0.653606 0.343260 0.244297 0.028186
7 0.356972 0.497059 0.250000 0.021078
7 0.657745 0.652328 0.249264 0.023284
7 0.657929 0.465931 0.247425 0.025980
7 0.360283 0.403922 0.244849 0.022549
7 0.359915 0.310417 0.246321 0.021814
7 0.360375 0.649387 0.255335 0.024755
5 0.592991 0.343260 0.027410 0.027206
7 0.360191 0.434069 0.249080 0.021078
7 0.358076 0.280025 0.243745 0.022304
7 0.359088 0.590441 0.259382 0.023529
7 0.656917 0.246569 0.243561 0.027941
7 0.650570 0.587868 0.232708 0.023775
8 0.308775 0.522672 0.389809 0.829657
5 0.387969 0.618260 0.033113 0.034559
7 0.383646 0.682843 0.208425 0.021569
5 0.296450 0.248775 0.029617 0.028922
7 0.647811 0.279289 0.235651 0.028676
5 0.617734 0.532721 0.025018 0.035539
