7 0.584857 0.341066 0.064960 0.022646
7 0.703700 0.152582 0.179178 0.035073
5 0.783717 0.185446 0.015702 0.027893
5 0.586900 0.449323 0.021295 0.021541
7 0.653259 0.301022 0.152291 0.027064
7 0.659066 0.372963 0.220693 0.035073
7 0.693375 0.185860 0.279845 0.036454
5 0.583136 0.195112 0.019789 0.015742
7 0.643794 0.284314 0.197032 0.039492
7 0.652721 0.503314 0.148634 0.025684
7 0.683373 0.171362 0.136804 0.019608
7 0.673908 0.212372 0.198322 0.025960
5 0.589159 0.709196 0.021510 0.019332
7 0.662723 0.545706 0.225425 0.032035
7 0.587116 0.394919 0.067326 0.024303
7 0.601957 0.704778 0.044956 0.022646
5 0.762852 0.630351 0.020865 0.035626
7 0.641966 0.488125 0.186492 0.025684
7 0.649172 0.229771 0.207787 0.027064
7 0.666272 0.246479 0.183050 0.027341
7 0.679178 0.631317 0.265649 0.039216
5 0.591310 0.579122 0.021940 0.019884
5 0.588299 0.321596 0.023231 0.022370
7 0.669714 0.356393 0.178318 0.031759
7 0.657346 0.560204 0.153581 0.021265
7 0.638524 0.582160 0.186492 0.034797
7 0.657991 0.596382 0.197032 0.021265
13 0.684986 0.442143 0.300065 0.632974
7 0.667348 0.648716 0.164121 0.025960
8 0.740052 0.482049 0.462680 0.898371
7 0.651430 0.742751 0.186492 0.019608
7 0.647344 0.688070 0.187782 0.019608
7 0.650893 0.445043 0.149710 0.027341
7 0.656163 0.612400 0.143902 0.025684
3 0.579910 0.167357 0.080878 0.037006
7 0.619596 0.429854 0.139170 0.027341
7 0.581846 0.323667 0.075715 0.024303
7 0.584212 0.523750 0.073134 0.027341
7 0.646160 0.467688 0.194881 0.021265
7 0.627877 0.669152 0.153581 0.024303
7 0.649064 0.724524 0.195956 0.019608
7 0.657883 0.413836 0.154657 0.025684
7 0.649710 0.266225 0.208862 0.030378
