7 0.654480 0.329331 0.211669 0.039614
7 0.662331 0.587131 0.207358 0.037562
7 0.306958 0.412151 0.203510 0.027915
7 0.307189 0.484709 0.203356 0.029351
7 0.302494 0.596572 0.196121 0.029762
7 0.304803 0.446634 0.198584 0.029146
7 0.309806 0.524938 0.208898 0.029351
7 0.300493 0.340107 0.189963 0.027915
2 0.518242 0.500718 0.060499 0.659072
7 0.656250 0.400246 0.208436 0.038998
7 0.658944 0.435242 0.208590 0.037562
7 0.302879 0.559011 0.199046 0.029351
7 0.656250 0.510057 0.202586 0.038177
8 0.259390 0.530378 0.459667 0.827176
7 0.652248 0.294027 0.214594 0.037972
2 0.710360 0.742098 0.402863 0.182882
2 0.454049 0.506466 0.060499 0.686987
2 0.271783 0.751129 0.420105 0.184524
2 0.689347 0.209975 0.397783 0.126847
7 0.310191 0.304700 0.208436 0.028530
7 0.654711 0.474548 0.198584 0.039819
13 0.660329 0.462028 0.228602 0.380542
7 0.663023 0.624692 0.208128 0.037972
2 0.134006 0.500718 0.137161 0.682061
7 0.303264 0.378079 0.197044 0.027094
13 0.310114 0.475164 0.229834 0.373974
2 0.843211 0.487582 0.154403 0.688629
7 0.650631 0.364737 0.207358 0.038998
2 0.271167 0.225575 0.411484 0.125205
8 0.715286 0.513855 0.464440 0.833539
7 0.311422 0.633210 0.213362 0.028736
7 0.662792 0.550287 0.204587 0.037767
