10 0.425859 0.507391 0.038803 0.015521
7 0.368210 0.354213 0.152993 0.015152
7 0.371674 0.578529 0.149390 0.010717
3 0.614052 0.328622 0.028548 0.019401
7 0.367794 0.474224 0.141907 0.013119
13 0.362389 0.449002 0.189579 0.419438
7 0.691657 0.415281 0.177661 0.013489
3 0.283121 0.355691 0.023836 0.019956
7 0.641630 0.279933 0.072339 0.012195
10 0.392808 0.560052 0.111835 0.015152
7 0.357816 0.442535 0.173780 0.012565
10 0.389343 0.458888 0.118210 0.011271
3 0.283814 0.288618 0.026608 0.018477
3 0.614745 0.445953 0.029379 0.022727
7 0.693113 0.584442 0.180848 0.012934
7 0.303562 0.560514 0.068875 0.012010
7 0.688955 0.399205 0.168653 0.012380
7 0.691103 0.431726 0.179324 0.012749
3 0.283883 0.630636 0.030904 0.019956
7 0.689440 0.516537 0.173780 0.012380
3 0.612597 0.615207 0.031458 0.022727
10 0.379157 0.612897 0.139135 0.012934
7 0.695953 0.448263 0.170732 0.014412
7 0.360241 0.542591 0.182511 0.015336
3 0.283883 0.407058 0.029518 0.016630
3 0.614191 0.378511 0.027439 0.019771
3 0.282844 0.525407 0.026608 0.024205
7 0.361696 0.305710 0.177938 0.014597
3 0.614399 0.293976 0.032289 0.024021
7 0.378395 0.254157 0.156181 0.011641
7 0.347353 0.374076 0.152023 0.014228
7 0.690410 0.499538 0.159645 0.014228
7 0.690687 0.465355 0.182095 0.012749
10 0.720274 0.363267 0.118210 0.014412
7 0.319429 0.458518 0.098947 0.012380
7 0.358370 0.596452 0.171840 0.012565
7 0.328021 0.340262 0.114468 0.012749
10 0.407774 0.342018 0.079130 0.015152
7 0.355737 0.490484 0.171286 0.013858
7 0.689163 0.482354 0.175721 0.012749
7 0.689579 0.383407 0.177384 0.015521
10 0.411655 0.391445 0.074972 0.015706
10 0.720967 0.277531 0.121813 0.014412
7 0.374584 0.527254 0.151885 0.014597
3 0.282636 0.578622 0.025637 0.019032
7 0.703298 0.618441 0.148282 0.014043
13 0.692905 0.450665 0.196231 0.427199
7 0.639066 0.366223 0.075249 0.013304
7 0.701774 0.297764 0.167129 0.014967
7 0.692420 0.601256 0.183343 0.013673
7 0.695815 0.314209 0.183204 0.013119
7 0.327536 0.391630 0.115161 0.007576
7 0.692073 0.566888 0.177938 0.015152
7 0.706070 0.549982 0.151608 0.014597
7 0.708010 0.331948 0.159368 0.014228
7 0.364814 0.288248 0.169762 0.012565
3 0.612597 0.546933 0.030072 0.019217
10 0.765175 0.531042 0.038664 0.011456
7 0.354282 0.323171 0.160338 0.013673
3 0.284922 0.474686 0.028825 0.020325
7 0.693043 0.263396 0.171563 0.012749
7 0.361280 0.426275 0.178215 0.013673
7 0.355737 0.272265 0.166574 0.012010
3 0.284229 0.254435 0.029379 0.019956
7 0.692212 0.347838 0.178769 0.016075
7 0.335574 0.507945 0.132345 0.012934
7 0.688331 0.638396 0.173503 0.013304
7 0.372713 0.629897 0.145649 0.011456
7 0.296702 0.614283 0.055432 0.012380
7 0.360588 0.406874 0.170455 0.012565
7 0.688678 0.533167 0.175582 0.012749
3 0.614191 0.495381 0.031874 0.019217
