7 0.651401 0.611864 0.142395 0.027915
3 0.595674 0.585591 0.051878 0.040640
7 0.323815 0.242713 0.209206 0.025246
7 0.333436 0.524938 0.168411 0.024425
7 0.316887 0.416154 0.207666 0.028120
7 0.672953 0.245792 0.195043 0.029762
7 0.317118 0.607861 0.213362 0.028530
7 0.317272 0.271244 0.202278 0.024015
9 0.744458 0.548337 0.069273 0.028941
7 0.672799 0.419027 0.203972 0.026888
7 0.678725 0.360016 0.195505 0.025041
7 0.298799 0.357348 0.165025 0.025452
7 0.318119 0.468699 0.202432 0.024015
10 0.342211 0.357245 0.170567 0.034278
7 0.343365 0.299466 0.178725 0.032430
3 0.228063 0.577381 0.047876 0.039409
7 0.675108 0.557061 0.209514 0.028325
7 0.335129 0.638547 0.172414 0.026273
3 0.586592 0.355398 0.050031 0.037972
7 0.672414 0.389573 0.200123 0.030378
7 0.333436 0.579844 0.170567 0.024220
7 0.642241 0.327073 0.144089 0.031404
3 0.234837 0.295361 0.047260 0.038588
10 0.733759 0.607861 0.110376 0.024425
10 0.706589 0.323481 0.138547 0.025041
7 0.674261 0.302956 0.209667 0.024631
13 0.675262 0.425698 0.237839 0.412972
7 0.682112 0.501539 0.205973 0.029762
3 0.227140 0.640394 0.046028 0.043924
3 0.586207 0.273912 0.049261 0.044130
8 0.278864 0.493227 0.438885 0.905583
7 0.338516 0.389573 0.173953 0.028325
9 0.727756 0.352525 0.023861 0.031814
7 0.678725 0.529454 0.196121 0.030583
7 0.676878 0.473522 0.199200 0.028325
8 0.720828 0.490558 0.447814 0.903941
3 0.229834 0.440579 0.048953 0.040846
13 0.322429 0.440887 0.230142 0.463875
10 0.358682 0.497640 0.129310 0.031404
10 0.390086 0.553879 0.066502 0.025657
3 0.225677 0.519294 0.050185 0.037767
10 0.377925 0.273502 0.103448 0.028530
7 0.322275 0.329023 0.205203 0.027504
7 0.279249 0.492816 0.130850 0.018883
7 0.703818 0.584257 0.166256 0.027299
3 0.232836 0.384339 0.045413 0.043309
7 0.339055 0.444171 0.190733 0.027915
7 0.675954 0.446018 0.201355 0.029146
7 0.689732 0.273502 0.164871 0.025657
7 0.301339 0.550493 0.178110 0.022578
