7 0.566558 0.583668 0.262605 0.018270
9 0.466387 0.337578 0.444614 0.157232
10 0.646677 0.369965 0.052330 0.021592
7 0.437643 0.367128 0.366883 0.020346
2 0.263369 0.801522 0.052330 0.158339
2 0.661383 0.151280 0.063407 0.201799
7 0.566558 0.489066 0.246562 0.017855
7 0.565126 0.442353 0.249427 0.018270
7 0.463235 0.675779 0.467341 0.016194
2 0.655080 0.800969 0.044309 0.168581
2 0.461230 0.724706 0.419404 0.018270
2 0.457219 0.238408 0.471734 0.027543
7 0.461898 0.698131 0.449771 0.016886
3 0.330691 0.507958 0.215241 0.158339
1 0.465145 0.795848 0.348167 0.135363
2 0.461994 0.889827 0.430481 0.050381
7 0.470684 0.650311 0.400497 0.018685
2 0.766520 0.486159 0.137701 0.791280
7 0.359244 0.052664 0.120321 0.014810
9 0.501050 0.627543 0.147632 0.023253
7 0.465432 0.607197 0.453782 0.017716
1 0.460466 0.167336 0.332315 0.135363
8 0.476986 0.496471 0.913102 0.945052
7 0.580309 0.050934 0.112490 0.022699
7 0.572097 0.559377 0.251528 0.018685
7 0.571715 0.535709 0.240069 0.017855
7 0.520244 0.466090 0.141329 0.017578
10 0.685924 0.651696 0.023873 0.012872
7 0.462949 0.300208 0.416730 0.018547
7 0.455500 0.275017 0.055004 0.015225
13 0.467532 0.487336 0.473262 0.456471
7 0.470111 0.406713 0.275210 0.018685
7 0.398300 0.628651 0.334416 0.013564
7 0.505443 0.512595 0.118984 0.017578
5 0.249141 0.648443 0.029985 0.031003
2 0.262510 0.159931 0.082315 0.196125
2 0.161287 0.480969 0.126623 0.787820
7 0.454832 0.334187 0.280558 0.033633
2 0.457219 0.075017 0.468296 0.063114
