7 0.318427 0.263239 0.228294 0.030993
7 0.331589 0.615353 0.233374 0.032841
7 0.597060 0.523091 0.080511 0.010878
3 0.567888 0.233374 0.049569 0.042693
7 0.668719 0.397475 0.224754 0.026067
7 0.664178 0.270012 0.222137 0.028941
7 0.320351 0.294335 0.224754 0.029557
7 0.309344 0.232861 0.211977 0.031814
10 0.736607 0.457307 0.089901 0.018473
7 0.328741 0.581999 0.230450 0.028941
3 0.573738 0.488095 0.043103 0.038177
7 0.318042 0.330562 0.222599 0.033456
7 0.687654 0.487993 0.181034 0.023604
7 0.666949 0.334052 0.223984 0.026888
13 0.326509 0.444581 0.276478 0.474548
7 0.622229 0.455768 0.135776 0.023604
7 0.690348 0.232553 0.191041 0.027094
10 0.709283 0.517139 0.139932 0.016215
10 0.398938 0.420977 0.081127 0.020936
7 0.670182 0.301929 0.225216 0.027504
7 0.672491 0.430111 0.229834 0.019089
7 0.322352 0.488506 0.221983 0.031609
7 0.317426 0.394910 0.217672 0.030788
7 0.322506 0.520423 0.224446 0.030583
7 0.332358 0.643883 0.237993 0.030378
7 0.283790 0.426519 0.148245 0.023810
7 0.670336 0.645731 0.234760 0.024631
7 0.674877 0.615148 0.231527 0.024631
7 0.346983 0.452278 0.194273 0.033867
3 0.225292 0.457512 0.048491 0.037356
13 0.674800 0.441195 0.278171 0.486248
8 0.722291 0.509134 0.428571 0.833949
3 0.571967 0.550493 0.040486 0.038177
7 0.663716 0.366687 0.208898 0.026067
7 0.684498 0.549056 0.182420 0.023399
7 0.666872 0.583846 0.214286 0.024836
7 0.328356 0.549774 0.234606 0.033046
8 0.269474 0.519499 0.452740 0.822660
7 0.322198 0.357553 0.225985 0.032430
