3 0.218824 0.375387 0.086275 0.051084
10 0.521176 0.434211 0.148235 0.028380
3 0.197647 0.254644 0.083137 0.040764
7 0.429020 0.374613 0.340392 0.025800
7 0.376078 0.495614 0.422745 0.018060
3 0.209020 0.460526 0.074510 0.039732
7 0.383529 0.317079 0.425098 0.026316
7 0.232549 0.344943 0.124706 0.027348
2 0.139216 0.405315 0.055686 0.450464
7 0.356078 0.224716 0.367059 0.028380
13 0.379608 0.408669 0.528627 0.495356
7 0.418824 0.460784 0.323137 0.026832
7 0.385098 0.197110 0.429804 0.026832
7 0.387843 0.608359 0.433725 0.030960
7 0.436078 0.258256 0.379608 0.027348
7 0.383529 0.285346 0.425098 0.025800
3 0.203529 0.580237 0.094902 0.041796
7 0.312549 0.430083 0.276863 0.027348
7 0.376471 0.524510 0.404706 0.019092
10 0.441961 0.349329 0.306667 0.033024
10 0.428235 0.552632 0.340392 0.026832
8 0.505882 0.497420 0.949020 0.962848
10 0.564314 0.225232 0.050980 0.027348
7 0.438824 0.580237 0.363137 0.029412
7 0.377647 0.408153 0.413333 0.017544
7 0.217647 0.546698 0.085490 0.028380
