7 0.294842 0.608830 0.294678 0.020896
7 0.230207 0.358014 0.369744 0.023674
7 0.233821 0.418952 0.375000 0.023312
3 0.235545 0.357229 0.052234 0.026936
2 0.486777 0.479164 0.122700 0.555381
7 0.227086 0.337239 0.364816 0.024882
7 0.245483 0.652494 0.371058 0.027298
7 0.331882 0.460502 0.188732 0.024278
9 0.280306 0.586303 0.024474 0.027540
7 0.220844 0.272255 0.353318 0.026815
9 0.142411 0.398901 0.040079 0.025003
7 0.336399 0.545054 0.185283 0.020172
2 0.035644 0.487378 0.054534 0.553207
7 0.339767 0.482184 0.194645 0.024882
3 0.306669 0.566554 0.044678 0.025245
8 0.306669 0.514917 0.613338 0.698394
7 0.222240 0.295386 0.357753 0.023554
3 0.145779 0.504530 0.196945 0.106293
7 0.340834 0.525003 0.192838 0.025003
2 0.277842 0.711499 0.539258 0.104964
7 0.240802 0.397512 0.389290 0.024882
3 0.117198 0.569272 0.043528 0.023674
13 0.246386 0.464005 0.425099 0.418046
7 0.247372 0.441237 0.402102 0.023191
7 0.231685 0.317550 0.382556 0.022708
3 0.100526 0.603938 0.092970 0.044450
7 0.292132 0.589202 0.294514 0.023674
7 0.247454 0.631658 0.374671 0.026694
7 0.289997 0.567701 0.304369 0.025365
2 0.269382 0.231489 0.529895 0.064380
3 0.333443 0.291762 0.054205 0.025728
7 0.240227 0.378609 0.385841 0.021138
3 0.189800 0.273644 0.060611 0.028143
7 0.339192 0.504107 0.196452 0.023070
