7 0.703818 0.407635 0.224446 0.025041
2 0.254926 0.713259 0.310037 0.116585
7 0.282328 0.246305 0.203818 0.022167
7 0.312269 0.277709 0.175954 0.026683
3 0.608067 0.274015 0.054803 0.052135
7 0.701201 0.376642 0.197968 0.027504
7 0.305265 0.541872 0.188732 0.022989
7 0.699507 0.278838 0.216749 0.024425
7 0.700662 0.440681 0.220289 0.028736
7 0.290486 0.407430 0.223214 0.022578
7 0.692580 0.537356 0.211823 0.024631
3 0.192503 0.469212 0.046644 0.045156
9 0.696736 0.633929 0.024938 0.046182
7 0.696198 0.341338 0.210129 0.027094
9 0.303494 0.237890 0.069119 0.044335
10 0.763855 0.635365 0.116379 0.026478
3 0.603602 0.633518 0.051416 0.046182
10 0.795951 0.240661 0.043873 0.025246
3 0.600216 0.564450 0.049569 0.052956
7 0.698584 0.473522 0.229988 0.027504
7 0.289332 0.477011 0.225831 0.027915
3 0.336053 0.195608 0.038485 0.133826
3 0.191733 0.637315 0.041102 0.043924
3 0.604834 0.367303 0.049569 0.041256
7 0.698122 0.310653 0.219212 0.024015
8 0.260545 0.503181 0.456127 0.843391
7 0.290948 0.509955 0.219212 0.022373
7 0.706204 0.243842 0.223368 0.025862
3 0.191964 0.538075 0.044335 0.049056
2 0.135545 0.443247 0.076201 0.656609
10 0.384852 0.337131 0.031096 0.033867
3 0.189963 0.288177 0.065887 0.065271
7 0.276709 0.342159 0.200585 0.021346
3 0.602833 0.465620 0.051416 0.052750
3 0.191964 0.371305 0.041872 0.045156
10 0.776940 0.339388 0.087438 0.027299
7 0.294335 0.637623 0.225369 0.011289
7 0.698199 0.571634 0.227986 0.026273
7 0.287408 0.575021 0.211823 0.021552
10 0.345674 0.434113 0.109452 0.023399
7 0.700354 0.604885 0.223984 0.025452
13 0.293026 0.437397 0.246151 0.438424
7 0.308575 0.311987 0.180265 0.021346
13 0.704280 0.438218 0.253695 0.449918
7 0.696044 0.637418 0.221213 0.026067
7 0.291949 0.609914 0.220905 0.009236
2 0.249923 0.172414 0.297568 0.108374
10 0.745151 0.535099 0.156558 0.025452
7 0.301878 0.376539 0.200739 0.028530
7 0.692811 0.507492 0.208282 0.021552
8 0.724292 0.504105 0.458744 0.834975
7 0.277248 0.437603 0.195197 0.026683
