3 0.602909 0.221675 0.032174 0.040230
7 0.273091 0.540846 0.125616 0.022167
10 0.329972 0.368842 0.173799 0.020525
7 0.314270 0.513444 0.209206 0.028941
7 0.224523 0.366277 0.033097 0.021141
3 0.607682 0.476909 0.035868 0.035920
7 0.331281 0.572352 0.176724 0.021962
7 0.308805 0.426827 0.200739 0.021552
13 0.318042 0.431034 0.246921 0.479064
3 0.220058 0.485530 0.040179 0.036741
7 0.711900 0.626129 0.168873 0.022783
10 0.746228 0.596778 0.094366 0.019910
10 0.775554 0.476190 0.035714 0.018473
10 0.755311 0.278428 0.073738 0.018268
10 0.376385 0.542385 0.076355 0.019910
8 0.264086 0.506876 0.462592 0.862274
7 0.706974 0.391728 0.165179 0.021552
2 0.850600 0.427340 0.106989 0.494253
7 0.691349 0.479269 0.129926 0.021757
3 0.221521 0.572968 0.035406 0.037972
7 0.713747 0.307574 0.175647 0.020320
7 0.689578 0.419951 0.189501 0.024220
7 0.687038 0.249897 0.192426 0.024425
7 0.703510 0.505542 0.153941 0.022989
7 0.654557 0.278736 0.120074 0.019704
13 0.685268 0.420156 0.244920 0.469212
3 0.605680 0.308087 0.037716 0.038177
7 0.699815 0.364224 0.211823 0.023194
7 0.249769 0.453510 0.083282 0.023604
7 0.694273 0.566092 0.200123 0.022578
7 0.309960 0.311268 0.203048 0.022783
7 0.304418 0.280583 0.194119 0.022167
7 0.645012 0.593493 0.099754 0.021141
7 0.268704 0.220649 0.123307 0.022989
3 0.607682 0.506876 0.030018 0.028120
7 0.632158 0.450123 0.074353 0.017652
10 0.353987 0.453920 0.121151 0.021962
3 0.603987 0.396244 0.033097 0.036741
7 0.712438 0.537869 0.169643 0.021552
7 0.325431 0.484811 0.165948 0.022578
7 0.691041 0.335489 0.196121 0.023604
7 0.318658 0.252258 0.161022 0.023399
3 0.220135 0.397783 0.039717 0.036125
3 0.217134 0.253079 0.042026 0.040230
7 0.315271 0.631466 0.211823 0.021962
7 0.310884 0.340825 0.203356 0.022783
10 0.371151 0.223420 0.079433 0.021962
9 0.679726 0.590107 0.030634 0.034893
7 0.710052 0.221880 0.176570 0.023399
8 0.735683 0.508826 0.465517 0.854269
3 0.607682 0.537767 0.030018 0.029967
7 0.326586 0.396449 0.171952 0.028120
7 0.309498 0.602114 0.203048 0.021552
3 0.605526 0.626232 0.038947 0.034072
10 0.732759 0.449815 0.121305 0.017857
