7 0.297273 0.273721 0.201818 0.019285
3 0.207909 0.246336 0.020909 0.017999
3 0.207727 0.223065 0.019091 0.019285
7 0.312091 0.320519 0.181636 0.020314
7 0.305182 0.609797 0.213636 0.017742
3 0.210182 0.539727 0.019636 0.017999
10 0.352727 0.562741 0.059273 0.012085
7 0.312909 0.343404 0.182182 0.018771
10 0.671727 0.335176 0.112909 0.007971
10 0.364727 0.630625 0.046545 0.012085
10 0.747273 0.618668 0.046545 0.011828
7 0.659545 0.284392 0.185636 0.025199
7 0.312909 0.244150 0.182182 0.019285
7 0.666091 0.356776 0.190727 0.028028
7 0.306273 0.633453 0.214000 0.017742
10 0.344273 0.468887 0.079091 0.012085
7 0.312909 0.538313 0.180000 0.019285
3 0.210545 0.514785 0.019636 0.017999
13 0.311091 0.440987 0.258182 0.498843
7 0.313091 0.394189 0.183636 0.021085
7 0.320909 0.489200 0.197091 0.018771
3 0.552455 0.218437 0.018364 0.017742
7 0.647455 0.309848 0.197818 0.027256
7 0.312182 0.417845 0.179273 0.022628
10 0.359091 0.346104 0.057818 0.013885
3 0.567000 0.484958 0.020545 0.017999
7 0.662091 0.211237 0.195455 0.026485
13 0.667455 0.430959 0.276727 0.487015
10 0.698545 0.384160 0.067636 0.013885
10 0.346364 0.224479 0.074909 0.017999
7 0.656636 0.431216 0.206364 0.029313
7 0.315545 0.468501 0.182000 0.016457
3 0.210182 0.469015 0.019636 0.015942
7 0.302000 0.443816 0.205455 0.016457
7 0.313000 0.366932 0.183455 0.023656
7 0.309636 0.296092 0.182545 0.018771
7 0.665636 0.407174 0.184000 0.028028
7 0.675818 0.477115 0.190909 0.025971
7 0.310818 0.220494 0.184909 0.023914
3 0.209455 0.421059 0.021091 0.019799
10 0.708455 0.572769 0.064909 0.007971
10 0.313273 0.272307 0.129818 0.013885
3 0.208909 0.492415 0.021455 0.017999
8 0.708909 0.488429 0.469091 0.924916
10 0.368273 0.298277 0.025273 0.009771
3 0.208818 0.585755 0.019818 0.017999
7 0.654818 0.333633 0.218364 0.029056
10 0.669636 0.457958 0.131273 0.013885
10 0.365455 0.320262 0.036727 0.014142
7 0.675364 0.526356 0.186727 0.028285
7 0.642636 0.623168 0.154727 0.025971
7 0.321364 0.584598 0.197636 0.017228
10 0.368273 0.516842 0.025273 0.015942
8 0.260182 0.499229 0.458545 0.906917
3 0.208091 0.298277 0.021273 0.017999
3 0.209545 0.370147 0.018364 0.014142
7 0.319182 0.514528 0.194727 0.019028
3 0.554636 0.291335 0.016909 0.015942
7 0.653273 0.260993 0.215273 0.025714
3 0.569364 0.531756 0.018364 0.017999
7 0.664727 0.457187 0.215273 0.026228
3 0.573545 0.578812 0.018364 0.015942
7 0.682727 0.572898 0.194909 0.029828
10 0.686545 0.502828 0.086182 0.007971
7 0.647455 0.238622 0.209455 0.026228
7 0.657273 0.383132 0.214182 0.028285
3 0.208455 0.322191 0.020545 0.017999
7 0.676182 0.597197 0.175636 0.028028
3 0.560273 0.365132 0.019818 0.015942
3 0.560909 0.413988 0.021091 0.017999
3 0.208455 0.347647 0.018364 0.015942
7 0.666091 0.501671 0.216182 0.030856
7 0.308727 0.561841 0.217091 0.021599
7 0.668818 0.550270 0.215455 0.027256
10 0.369727 0.395089 0.031091 0.012085
10 0.319545 0.446002 0.134000 0.010028
3 0.210273 0.395089 0.016909 0.016200
3 0.575000 0.602726 0.021273 0.015942
