7 0.544025 0.382164 0.139816 0.018674
9 0.378810 0.152447 0.511853 0.032518
7 0.536768 0.183355 0.164973 0.017708
13 0.356797 0.412910 0.528786 0.567611
8 0.493711 0.497102 0.961297 0.976819
7 0.544751 0.338377 0.126754 0.016742
7 0.548379 0.360270 0.135946 0.018030
7 0.544267 0.428686 0.136430 0.017708
7 0.545960 0.295074 0.129173 0.017708
7 0.353411 0.544269 0.500726 0.018352
7 0.347121 0.590148 0.497823 0.019317
7 0.353895 0.612363 0.504596 0.018030
7 0.353411 0.451545 0.506531 0.018995
7 0.365264 0.158403 0.505080 0.019317
7 0.356313 0.676433 0.518142 0.018674
7 0.553943 0.226658 0.133527 0.015454
7 0.552250 0.406310 0.134978 0.018674
7 0.542574 0.270444 0.116594 0.017386
0 0.291727 0.302801 0.364780 0.270766
7 0.359216 0.475692 0.506531 0.022215
7 0.358249 0.521893 0.516207 0.020605
7 0.360426 0.499356 0.504112 0.021249
7 0.547412 0.316967 0.126270 0.015132
3 0.472666 0.175145 0.054185 0.036059
2 0.730044 0.410496 0.197388 0.565357
7 0.352927 0.567450 0.518142 0.018352
7 0.347605 0.655344 0.506531 0.017708
7 0.549589 0.205892 0.130624 0.016420
7 0.344702 0.634417 0.503628 0.016420
7 0.555152 0.249678 0.132075 0.018352
