7 0.378403 0.532353 0.163355 0.019608
7 0.379599 0.427206 0.157653 0.019608
7 0.408021 0.320833 0.125460 0.016667
10 0.730868 0.299265 0.033848 0.018137
7 0.383278 0.618137 0.164275 0.019118
7 0.383002 0.447549 0.164091 0.018627
10 0.440949 0.549755 0.028330 0.019608
3 0.598602 0.587255 0.031273 0.029412
7 0.673933 0.344118 0.166483 0.018137
3 0.600350 0.232966 0.027778 0.030147
3 0.601729 0.316176 0.032745 0.027941
10 0.424117 0.378922 0.069720 0.023529
7 0.378403 0.279534 0.146431 0.017402
7 0.377391 0.596078 0.157653 0.016667
3 0.599982 0.422304 0.034032 0.024020
7 0.641464 0.487623 0.104121 0.017892
7 0.342899 0.489583 0.084253 0.016912
3 0.309419 0.574020 0.028330 0.021078
7 0.669794 0.511275 0.168874 0.018627
7 0.678348 0.240441 0.165747 0.020098
7 0.667403 0.532230 0.158205 0.018382
7 0.669794 0.447426 0.160780 0.019853
7 0.669242 0.365564 0.161516 0.019363
9 0.311258 0.294730 0.023915 0.029167
13 0.672093 0.436275 0.188558 0.455882
7 0.378587 0.554412 0.164459 0.018137
7 0.379323 0.467647 0.154525 0.017647
7 0.676049 0.428309 0.160780 0.015441
7 0.381898 0.256985 0.160412 0.017892
7 0.673841 0.575613 0.173289 0.021324
3 0.313742 0.231373 0.033297 0.024020
7 0.378771 0.384681 0.155261 0.018873
10 0.419426 0.482230 0.084989 0.020343
7 0.383002 0.300000 0.162987 0.017157
7 0.384842 0.511520 0.147903 0.019608
9 0.407469 0.230882 0.018764 0.023529
7 0.666207 0.406618 0.153974 0.019118
7 0.671082 0.638603 0.169978 0.019363
3 0.311258 0.507843 0.027226 0.027941
7 0.675865 0.386520 0.175129 0.018627
3 0.314294 0.402696 0.028882 0.034804
7 0.682487 0.323162 0.150110 0.017402
7 0.666943 0.281495 0.152502 0.020833
3 0.600625 0.503431 0.030537 0.026471
3 0.322848 0.329044 0.051508 0.044363
7 0.670714 0.262010 0.159676 0.022549
7 0.386497 0.575000 0.142016 0.019118
7 0.374540 0.640441 0.160780 0.019608
10 0.719555 0.486029 0.064570 0.022059
7 0.383094 0.364093 0.164643 0.017402
13 0.383646 0.432966 0.189662 0.449265
7 0.670254 0.302574 0.156917 0.018873
7 0.669426 0.553309 0.162987 0.018873
8 0.322480 0.517892 0.390361 0.886275
7 0.397259 0.405882 0.135210 0.018137
7 0.393856 0.236765 0.140545 0.016667
7 0.670438 0.617034 0.166851 0.019853
7 0.686442 0.594608 0.135946 0.017647
8 0.719831 0.519853 0.378219 0.890196
7 0.669794 0.469608 0.162620 0.019608
7 0.406733 0.343382 0.122884 0.017157
