2 0.277171 0.752053 0.277248 0.164614
7 0.296490 0.478243 0.209360 0.022167
7 0.675031 0.386186 0.213054 0.026478
7 0.673799 0.619458 0.209360 0.029967
7 0.671336 0.252463 0.208128 0.024631
7 0.672183 0.646141 0.202432 0.029146
7 0.670413 0.517652 0.212438 0.027915
7 0.301416 0.633415 0.220443 0.023810
7 0.669104 0.334154 0.204895 0.025452
7 0.367688 0.373666 0.070967 0.019910
7 0.676493 0.360632 0.214132 0.026273
7 0.673183 0.544745 0.211823 0.028325
7 0.667488 0.278017 0.198584 0.024836
7 0.676262 0.674364 0.214286 0.032225
7 0.367149 0.298132 0.063732 0.020320
7 0.369612 0.271962 0.074507 0.019704
8 0.281327 0.495895 0.406250 0.830870
7 0.674492 0.412664 0.211053 0.025657
7 0.675031 0.439347 0.213054 0.025246
7 0.673030 0.489327 0.215825 0.026273
7 0.672645 0.463567 0.209206 0.026067
8 0.690348 0.495895 0.400708 0.830870
7 0.673799 0.570094 0.205665 0.024015
4 0.255157 0.319171 0.162408 0.183908
7 0.365302 0.245279 0.067734 0.020936
2 0.273014 0.161946 0.271706 0.067734
7 0.300954 0.426211 0.219520 0.021141
7 0.678879 0.306548 0.218288 0.026478
13 0.675262 0.442734 0.249846 0.512315
7 0.366533 0.323173 0.062500 0.019910
7 0.294412 0.217159 0.216595 0.020525
7 0.296875 0.553982 0.212284 0.020525
9 0.291718 0.211104 0.220135 0.031404
7 0.295720 0.503489 0.206589 0.020525
7 0.369304 0.399425 0.067118 0.019704
2 0.162562 0.479372 0.050800 0.709975
7 0.300493 0.605193 0.211823 0.023194
7 0.299954 0.578305 0.221521 0.021552
7 0.299569 0.451560 0.215209 0.023399
7 0.298491 0.526991 0.218288 0.020731
7 0.672568 0.222906 0.208128 0.024220
7 0.300570 0.660406 0.221829 0.023604
7 0.672799 0.593596 0.207050 0.027094
13 0.297722 0.437295 0.233374 0.472291
7 0.369073 0.348009 0.067580 0.019910
