7 0.665948 0.259544 0.210591 0.026478
7 0.331435 0.257287 0.224138 0.027709
7 0.327894 0.284996 0.220751 0.027299
7 0.669720 0.567939 0.214132 0.029146
7 0.322429 0.513855 0.235068 0.024836
7 0.317888 0.483785 0.217365 0.029967
7 0.674492 0.594930 0.219058 0.026067
7 0.675262 0.456383 0.223368 0.028530
8 0.720751 0.494971 0.434729 0.870484
7 0.317657 0.540435 0.219058 0.025452
7 0.676339 0.623358 0.218442 0.026273
7 0.668257 0.341954 0.212131 0.027504
7 0.327817 0.230603 0.215671 0.027299
7 0.333282 0.202381 0.226601 0.029557
7 0.318042 0.455768 0.217057 0.028941
7 0.665333 0.370074 0.212131 0.026683
7 0.327124 0.313116 0.219828 0.026067
7 0.674492 0.287151 0.229218 0.029967
7 0.321659 0.621100 0.234144 0.026273
7 0.312885 0.595341 0.216595 0.026067
8 0.268011 0.490969 0.452894 0.878489
7 0.670490 0.399938 0.215979 0.026888
7 0.670182 0.232861 0.223676 0.026478
7 0.317349 0.567837 0.224908 0.026888
7 0.666102 0.203099 0.218904 0.027299
7 0.673337 0.537562 0.219520 0.028736
13 0.671413 0.428674 0.280018 0.521552
7 0.667488 0.425493 0.212746 0.027504
7 0.674954 0.483067 0.225216 0.027709
7 0.670336 0.315887 0.220289 0.026683
13 0.317195 0.413896 0.287408 0.526478
7 0.675800 0.512418 0.226601 0.027709
7 0.324892 0.426211 0.222445 0.028941
7 0.327432 0.343083 0.219828 0.028120
7 0.329741 0.399733 0.227833 0.026478
7 0.319889 0.371716 0.209667 0.026273
