2 0.764890 0.446275 0.211816 0.566829
7 0.434918 0.468738 0.453890 0.028454
8 0.496158 0.502434 0.978866 0.970423
7 0.422190 0.257394 0.440922 0.026582
7 0.417627 0.398353 0.435639 0.025459
7 0.429155 0.504118 0.453890 0.026582
3 0.268492 0.341071 0.168108 0.079371
3 0.291066 0.212842 0.095101 0.039311
10 0.614553 0.704979 0.085975 0.026207
7 0.422911 0.711906 0.452930 0.028828
7 0.425552 0.434107 0.444765 0.026582
9 0.219741 0.217709 0.037944 0.033321
7 0.433237 0.222389 0.464938 0.026956
9 0.606628 0.289966 0.064361 0.033321
13 0.430596 0.448896 0.475024 0.568326
10 0.483670 0.570573 0.341979 0.024710
7 0.423151 0.540060 0.443804 0.025833
7 0.502402 0.330775 0.301633 0.025833
9 0.290826 0.251966 0.044669 0.032198
7 0.499760 0.364470 0.295389 0.025833
7 0.328770 0.576001 0.256964 0.025833
9 0.382805 0.708723 0.380403 0.038937
7 0.424111 0.186073 0.438040 0.027705
7 0.420269 0.295582 0.433237 0.026582
