3 0.597291 0.571121 0.134236 0.125411
2 0.716980 0.754208 0.401016 0.224754
7 0.340363 0.276683 0.207204 0.021757
8 0.281250 0.496511 0.434421 0.901888
7 0.336515 0.508210 0.195813 0.026683
7 0.344520 0.450226 0.209360 0.020731
7 0.342057 0.421182 0.204433 0.020525
7 0.718365 0.533149 0.105142 0.019089
7 0.337284 0.478346 0.201047 0.022783
3 0.243227 0.358477 0.048645 0.040025
13 0.345366 0.395012 0.251385 0.372947
7 0.347060 0.248050 0.193812 0.022783
7 0.719289 0.618842 0.099908 0.018473
7 0.320813 0.334052 0.161946 0.021552
7 0.718365 0.561782 0.098676 0.020525
10 0.409175 0.331178 0.076047 0.033046
3 0.247537 0.531814 0.041872 0.033251
7 0.353217 0.537254 0.195043 0.021962
8 0.725139 0.488506 0.453356 0.883826
13 0.664794 0.575739 0.233528 0.127668
7 0.716903 0.589799 0.095751 0.021552
2 0.540025 0.501026 0.065887 0.726190
7 0.339748 0.304598 0.205357 0.020525
7 0.345751 0.361658 0.197352 0.023399
9 0.292103 0.501437 0.017395 0.022989
9 0.366533 0.473214 0.019397 0.024015
7 0.341903 0.391523 0.207820 0.021141
2 0.844366 0.494766 0.146244 0.743637
0 0.669104 0.320915 0.197506 0.370484
9 0.368919 0.503181 0.018627 0.024836
