7 0.564553 0.479526 0.483374 0.024938
7 0.564553 0.479526 0.483374 0.024938
10 0.723214 0.540025 0.159072 0.023399
10 0.723214 0.540025 0.159072 0.023399
7 0.565579 0.510930 0.487069 0.024631
7 0.565579 0.510930 0.487069 0.024631
7 0.549672 0.420951 0.440066 0.022014
7 0.549672 0.420951 0.440066 0.022014
7 0.580357 0.449969 0.400041 0.026786
7 0.580357 0.449969 0.400041 0.026786
10 0.693555 0.323738 0.183908 0.023399
10 0.693555 0.323738 0.183908 0.023399
3 0.362377 0.265856 0.110632 0.057266
3 0.362377 0.265856 0.110632 0.057266
10 0.727833 0.224985 0.162151 0.024477
10 0.727833 0.224985 0.162151 0.024477
7 0.486761 0.230450 0.321634 0.019397
7 0.486761 0.230450 0.321634 0.019397
3 0.345956 0.450046 0.081076 0.042026
3 0.345956 0.450046 0.081076 0.042026
10 0.693555 0.323738 0.183908 0.023399
10 0.693555 0.323738 0.183908 0.023399
7 0.593699 0.360530 0.391010 0.022783
7 0.593699 0.360530 0.391010 0.022783
3 0.369356 0.181727 0.143473 0.071275
3 0.369356 0.181727 0.143473 0.071275
3 0.352935 0.357682 0.088875 0.037408
3 0.352935 0.357682 0.088875 0.037408
3 0.369356 0.181727 0.143473 0.071275
3 0.369356 0.181727 0.143473 0.071275
8 0.518986 0.498461 0.854064 0.910714
8 0.518986 0.498461 0.854064 0.910714
7 0.598933 0.666641 0.425287 0.027555
7 0.598933 0.666641 0.425287 0.027555
7 0.460181 0.330511 0.268473 0.021552
7 0.460181 0.330511 0.268473 0.021552
3 0.368534 0.566887 0.095033 0.049107
3 0.368534 0.566887 0.095033 0.049107
7 0.565476 0.634236 0.456076 0.022475
7 0.565476 0.634236 0.456076 0.022475
7 0.615558 0.568427 0.402709 0.025092
7 0.615558 0.568427 0.402709 0.025092
7 0.564553 0.479526 0.483374 0.024938
7 0.564553 0.479526 0.483374 0.024938
7 0.565579 0.510930 0.487069 0.024631
7 0.565579 0.510930 0.487069 0.024631
8 0.518986 0.498461 0.854064 0.910714
8 0.518986 0.498461 0.854064 0.910714
7 0.565476 0.634236 0.456076 0.022475
7 0.565476 0.634236 0.456076 0.022475
3 0.368534 0.566887 0.095033 0.049107
3 0.368534 0.566887 0.095033 0.049107
7 0.460181 0.330511 0.268473 0.021552
7 0.460181 0.330511 0.268473 0.021552
7 0.555932 0.391703 0.457923 0.026016
7 0.555932 0.391703 0.457923 0.026016
13 0.556445 0.424877 0.529967 0.576355
13 0.556445 0.424877 0.529967 0.576355
7 0.617406 0.170028 0.379721 0.023861
7 0.617406 0.170028 0.379721 0.023861
7 0.482553 0.537792 0.305829 0.023553
7 0.482553 0.537792 0.305829 0.023553
7 0.607964 0.203125 0.373153 0.025400
7 0.607964 0.203125 0.373153 0.025400
7 0.558805 0.298107 0.462028 0.024784
7 0.558805 0.298107 0.462028 0.024784
7 0.555932 0.391703 0.457923 0.026016
7 0.555932 0.391703 0.457923 0.026016
7 0.593699 0.360530 0.391010 0.022783
7 0.593699 0.360530 0.391010 0.022783
7 0.558805 0.298107 0.462028 0.024784
7 0.558805 0.298107 0.462028 0.024784
7 0.598933 0.666641 0.425287 0.027555
7 0.598933 0.666641 0.425287 0.027555
13 0.556445 0.424877 0.529967 0.576355
13 0.556445 0.424877 0.529967 0.576355
7 0.596572 0.263778 0.409072 0.031250
7 0.596572 0.263778 0.409072 0.031250
7 0.617406 0.170028 0.379721 0.023861
7 0.617406 0.170028 0.379721 0.023861
7 0.580357 0.449969 0.400041 0.026786
7 0.580357 0.449969 0.400041 0.026786
3 0.345956 0.450046 0.081076 0.042026
3 0.345956 0.450046 0.081076 0.042026
7 0.482553 0.537792 0.305829 0.023553
7 0.482553 0.537792 0.305829 0.023553
7 0.566195 0.601062 0.478448 0.027863
7 0.566195 0.601062 0.478448 0.027863
3 0.356835 0.665717 0.087233 0.047876
3 0.356835 0.665717 0.087233 0.047876
7 0.486761 0.230450 0.321634 0.019397
7 0.486761 0.230450 0.321634 0.019397
7 0.615558 0.568427 0.402709 0.025092
7 0.615558 0.568427 0.402709 0.025092
7 0.607964 0.203125 0.373153 0.025400
7 0.607964 0.203125 0.373153 0.025400
3 0.352935 0.357682 0.088875 0.037408
3 0.352935 0.357682 0.088875 0.037408
7 0.566195 0.601062 0.478448 0.027863
7 0.566195 0.601062 0.478448 0.027863
10 0.727833 0.224985 0.162151 0.024477
10 0.727833 0.224985 0.162151 0.024477
7 0.549672 0.420951 0.440066 0.022014
7 0.549672 0.420951 0.440066 0.022014
3 0.362377 0.265856 0.110632 0.057266
3 0.362377 0.265856 0.110632 0.057266
10 0.723214 0.540025 0.159072 0.023399
10 0.723214 0.540025 0.159072 0.023399
3 0.356835 0.665717 0.087233 0.047876
3 0.356835 0.665717 0.087233 0.047876
7 0.596572 0.263778 0.409072 0.031250
7 0.596572 0.263778 0.409072 0.031250
