7 0.671785 0.488857 0.167269 0.021802
7 0.699964 0.646318 0.104769 0.027132
7 0.705744 0.354288 0.148121 0.020591
7 0.675488 0.408915 0.175759 0.023740
3 0.638367 0.468023 0.033237 0.031008
3 0.616781 0.230862 0.105311 0.071705
7 0.680636 0.622699 0.162211 0.020107
7 0.666366 0.570979 0.143064 0.027616
7 0.681268 0.326550 0.183707 0.024225
7 0.689397 0.519622 0.117955 0.027616
7 0.698699 0.301114 0.138367 0.018411
7 0.676662 0.545058 0.169075 0.019380
7 0.704660 0.221051 0.060332 0.030766
7 0.664108 0.462088 0.154444 0.022529
7 0.700596 0.438348 0.145773 0.025921
3 0.641257 0.277374 0.039017 0.029070
2 0.621839 0.393532 0.239704 0.617490
7 0.600253 0.278585 0.022399 0.019380
7 0.722272 0.275315 0.101698 0.024952
7 0.673139 0.381420 0.160224 0.025436
7 0.691926 0.597868 0.125542 0.023740
13 0.673049 0.427447 0.217847 0.483769
8 0.719202 0.495155 0.428649 0.836240
