10 0.791851 0.448540 0.027162 0.017184
10 0.384008 0.483278 0.024945 0.017554
10 0.377148 0.397727 0.036447 0.020510
7 0.303076 0.598577 0.172118 0.027162
3 0.636433 0.661493 0.052245 0.050259
7 0.276330 0.539357 0.187084 0.031042
2 0.844720 0.432927 0.081901 0.709904
10 0.388027 0.220713 0.021896 0.021619
7 0.676206 0.311253 0.189163 0.029749
3 0.623129 0.255728 0.048365 0.045824
7 0.715285 0.194013 0.059451 0.022542
7 0.701912 0.366316 0.170455 0.029010
13 0.284091 0.393847 0.218958 0.439948
10 0.791851 0.621951 0.032151 0.017738
7 0.683412 0.338877 0.193598 0.031042
10 0.783398 0.306264 0.034091 0.020510
10 0.779171 0.392554 0.054462 0.017184
10 0.796078 0.651700 0.028686 0.021803
10 0.362458 0.309220 0.070538 0.021249
8 0.713761 0.502956 0.449695 0.874353
10 0.797741 0.538433 0.021203 0.015891
7 0.288525 0.280580 0.143847 0.033814
10 0.789842 0.419531 0.029241 0.017184
7 0.294069 0.365115 0.157982 0.031781
7 0.278063 0.190780 0.205238 0.031596
10 0.378950 0.283075 0.039218 0.016260
10 0.386086 0.454730 0.020233 0.017369
7 0.697755 0.594789 0.148004 0.027716
10 0.790535 0.593958 0.038664 0.017184
10 0.797810 0.563840 0.018293 0.019032
7 0.255266 0.308296 0.149390 0.031227
7 0.673919 0.283814 0.183758 0.023651
10 0.795524 0.363729 0.021757 0.016445
7 0.691588 0.663433 0.182234 0.047487
10 0.379504 0.251109 0.035615 0.016999
7 0.700457 0.511641 0.160338 0.034368
10 0.784645 0.478659 0.044623 0.016445
2 0.599016 0.420547 0.205516 0.689209
10 0.792544 0.508684 0.029656 0.015891
10 0.382483 0.541390 0.024113 0.017369
7 0.690826 0.568459 0.199557 0.029010
7 0.274460 0.249169 0.177522 0.026792
7 0.676483 0.485218 0.179739 0.025129
7 0.270094 0.424797 0.180710 0.034738
3 0.630127 0.454638 0.043514 0.047487
10 0.384631 0.367886 0.024529 0.019956
10 0.388442 0.193736 0.017738 0.022727
7 0.279379 0.481800 0.187361 0.034922
10 0.792059 0.336659 0.026746 0.021803
2 0.129296 0.429878 0.083149 0.693459
10 0.781666 0.277901 0.044484 0.016630
7 0.311876 0.220621 0.135948 0.034368
3 0.225333 0.424520 0.044069 0.047857
7 0.309313 0.509608 0.191796 0.029194
10 0.784645 0.249538 0.035754 0.017923
7 0.276192 0.566242 0.191242 0.026053
7 0.289703 0.334996 0.218265 0.027347
10 0.376732 0.427106 0.035615 0.019032
7 0.688817 0.540281 0.200527 0.031042
7 0.698448 0.424150 0.162417 0.029749
8 0.269956 0.505266 0.440687 0.898189
2 0.430502 0.433851 0.072201 0.671101
3 0.223531 0.218404 0.042960 0.052476
10 0.772519 0.191057 0.060006 0.022542
13 0.691519 0.429416 0.243348 0.515521
7 0.669484 0.396711 0.164911 0.026238
7 0.676691 0.251755 0.190133 0.025684
7 0.683412 0.454176 0.189717 0.038433
10 0.385463 0.570953 0.026192 0.019586
3 0.631305 0.208056 0.127356 0.071323
7 0.683828 0.624538 0.186669 0.030303
7 0.266560 0.394217 0.183897 0.034922
7 0.295593 0.452236 0.165188 0.027531
