7 0.618783 0.347972 0.392096 0.020760
0 0.615453 0.525072 0.388099 0.277228
7 0.625666 0.371766 0.422735 0.023635
7 0.617007 0.223571 0.394760 0.019163
2 0.327265 0.523954 0.193606 0.510699
7 0.608570 0.249441 0.382327 0.019163
7 0.656083 0.297668 0.286412 0.018524
2 0.870782 0.535452 0.122558 0.485149
9 0.687167 0.274832 0.115897 0.023315
3 0.451821 0.293516 0.124778 0.072820
13 0.612789 0.298148 0.457371 0.184925
8 0.509325 0.501597 0.845471 0.909933
2 0.578597 0.720057 0.698046 0.119131
7 0.652975 0.274194 0.264210 0.020760
7 0.613455 0.323379 0.388544 0.018844
