7 0.358759 0.389778 0.147014 0.022578
7 0.317888 0.246203 0.229064 0.024425
7 0.705126 0.545259 0.216287 0.027709
7 0.324046 0.302956 0.222906 0.018062
7 0.705511 0.330973 0.206897 0.021962
9 0.381696 0.353140 0.048491 0.038793
7 0.705819 0.388855 0.204433 0.024015
3 0.240379 0.370792 0.089132 0.072455
10 0.746690 0.480398 0.147629 0.023194
7 0.314578 0.450534 0.200277 0.023810
7 0.710745 0.421798 0.218904 0.024631
9 0.674569 0.633005 0.155172 0.048030
3 0.225216 0.186782 0.044335 0.031609
8 0.293334 0.477319 0.433959 0.817529
10 0.415717 0.185858 0.025400 0.024836
7 0.703356 0.574405 0.203202 0.022373
7 0.704280 0.190784 0.213978 0.020731
7 0.313578 0.599754 0.220443 0.025452
13 0.712284 0.407122 0.243227 0.493227
7 0.316964 0.329228 0.209052 0.022578
9 0.412869 0.536946 0.041564 0.029557
8 0.731142 0.476498 0.433959 0.812603
7 0.354295 0.570710 0.147629 0.023604
10 0.417411 0.215928 0.024169 0.026273
7 0.633313 0.485632 0.073892 0.024631
9 0.381004 0.211104 0.055419 0.035099
7 0.707743 0.359914 0.203048 0.022783
10 0.790794 0.597291 0.059421 0.020525
7 0.317503 0.420567 0.201817 0.021346
3 0.225216 0.217672 0.044335 0.030172
3 0.244843 0.547927 0.074353 0.065887
7 0.709514 0.271654 0.206589 0.022783
7 0.680881 0.601909 0.165640 0.022373
7 0.680881 0.632492 0.159483 0.024425
13 0.324738 0.406301 0.245844 0.485016
7 0.712746 0.242919 0.218288 0.022783
7 0.709744 0.216236 0.215671 0.020731
7 0.325739 0.481322 0.213670 0.022578
7 0.329741 0.510160 0.224754 0.021962
7 0.699969 0.515189 0.205357 0.023399
7 0.323507 0.194684 0.146706 0.020320
7 0.356065 0.541154 0.144704 0.021962
7 0.346444 0.358888 0.129156 0.022373
10 0.803802 0.567529 0.024169 0.022167
7 0.322737 0.220854 0.143319 0.020525
7 0.701047 0.299569 0.206589 0.021962
7 0.708744 0.454536 0.213054 0.028530
10 0.789332 0.628387 0.062346 0.021552
7 0.319889 0.630131 0.207204 0.026273
2 0.157328 0.407943 0.106527 0.488300
7 0.325354 0.275554 0.219366 0.020731
