7 0.286377 0.361142 0.298919 0.040466
10 0.847007 0.658629 0.060698 0.041574
3 0.580100 0.490946 0.070399 0.065780
10 0.407289 0.531874 0.053215 0.039357
7 0.723115 0.200942 0.295177 0.030857
7 0.278894 0.524298 0.298365 0.042683
7 0.722769 0.406689 0.311669 0.035107
13 0.717295 0.435791 0.349778 0.627679
7 0.716671 0.691149 0.313886 0.040466
3 0.145856 0.439117 0.069152 0.067443
3 0.582594 0.703437 0.067905 0.085735
7 0.721937 0.283167 0.312223 0.031966
7 0.287971 0.272820 0.300443 0.048226
7 0.283329 0.316426 0.313054 0.046378
7 0.726926 0.448448 0.306680 0.030673
10 0.421702 0.285477 0.036308 0.039542
7 0.278756 0.440595 0.314163 0.047857
7 0.723947 0.240484 0.297395 0.035661
7 0.272173 0.648282 0.290466 0.042313
7 0.288803 0.188378 0.310698 0.050443
7 0.290535 0.235495 0.300582 0.041944
7 0.719997 0.618348 0.291713 0.027162
3 0.589454 0.571785 0.074141 0.059313
3 0.148905 0.312177 0.060560 0.070769
7 0.722561 0.654010 0.300166 0.033075
7 0.285407 0.149021 0.276746 0.040835
7 0.278617 0.607631 0.306680 0.040096
7 0.724224 0.536955 0.299889 0.026608
3 0.137195 0.560144 0.054324 0.062639
8 0.721452 0.491685 0.467295 0.878049
3 0.585712 0.159091 0.054462 0.057650
3 0.585089 0.283352 0.070399 0.065965
3 0.150152 0.182927 0.060560 0.065780
7 0.719997 0.161493 0.307234 0.035477
7 0.269124 0.564948 0.289911 0.046748
7 0.713484 0.574926 0.294484 0.027901
13 0.283606 0.427476 0.329961 0.631005
7 0.282844 0.397542 0.300443 0.046378
7 0.274875 0.684497 0.301414 0.041944
7 0.718819 0.326035 0.282705 0.029749
3 0.581347 0.404472 0.070399 0.060976
7 0.721175 0.487435 0.319568 0.041759
10 0.422949 0.409738 0.032151 0.038248
7 0.717503 0.364560 0.282289 0.032520
8 0.279102 0.476811 0.452328 0.871582
10 0.404795 0.701220 0.048226 0.042868
7 0.280904 0.483925 0.303215 0.042498
