3 0.552980 0.589338 0.022075 0.018873
7 0.692605 0.501716 0.217071 0.014216
9 0.747976 0.613603 0.110375 0.027696
7 0.352281 0.579167 0.198308 0.015196
7 0.677520 0.465686 0.268580 0.016667
3 0.204838 0.413725 0.038447 0.036275
9 0.425497 0.557966 0.065489 0.022304
7 0.251012 0.219118 0.109455 0.014216
7 0.579378 0.209804 0.057947 0.012255
3 0.557487 0.407966 0.027042 0.016912
7 0.308683 0.539951 0.233996 0.015196
7 0.240802 0.312745 0.096394 0.013725
7 0.336093 0.259559 0.236939 0.014216
8 0.700331 0.490686 0.412804 0.772549
10 0.420714 0.614338 0.068801 0.017402
3 0.205482 0.237255 0.022811 0.021078
9 0.767108 0.408701 0.058499 0.025735
7 0.643856 0.394730 0.192789 0.013971
7 0.335357 0.503922 0.236571 0.015686
10 0.709621 0.206495 0.198124 0.027696
7 0.318985 0.521569 0.259750 0.014706
3 0.556843 0.263358 0.022811 0.013480
7 0.324687 0.372426 0.267108 0.014951
7 0.337104 0.294975 0.240066 0.014951
7 0.338944 0.428676 0.224614 0.014216
10 0.794242 0.298039 0.028882 0.022549
7 0.675221 0.355392 0.256255 0.014706
7 0.693433 0.521569 0.219463 0.015196
10 0.375184 0.349755 0.146615 0.020588
7 0.676325 0.374755 0.256623 0.015196
3 0.199135 0.595343 0.029985 0.019118
7 0.685338 0.281863 0.229397 0.014706
7 0.337932 0.202941 0.238043 0.015686
7 0.615986 0.575123 0.143304 0.014951
8 0.293414 0.485049 0.387049 0.791667
7 0.285872 0.614951 0.192053 0.015196
7 0.318157 0.463971 0.254047 0.016176
7 0.674301 0.540686 0.257358 0.015686
13 0.673013 0.422304 0.284584 0.464216
3 0.560155 0.620466 0.038999 0.039951
3 0.209069 0.563971 0.038447 0.036275
7 0.687178 0.264093 0.234180 0.013480
7 0.333701 0.333211 0.238411 0.014951
3 0.556107 0.317647 0.021339 0.019118
3 0.557579 0.245343 0.024283 0.015196
10 0.390085 0.480392 0.121965 0.019118
7 0.340876 0.410417 0.228845 0.014951
7 0.690765 0.227819 0.242826 0.014461
3 0.556015 0.299020 0.023363 0.015686
7 0.688006 0.246446 0.234731 0.014461
7 0.695272 0.631863 0.226085 0.014706
3 0.204102 0.275735 0.020052 0.015196
3 0.554268 0.280515 0.025754 0.018382
3 0.565397 0.435539 0.039919 0.034314
3 0.202723 0.330025 0.022811 0.020833
10 0.374540 0.311765 0.158205 0.017157
7 0.686442 0.595221 0.238595 0.016422
3 0.204838 0.254902 0.021523 0.015196
3 0.554636 0.227941 0.025754 0.021078
10 0.452447 0.239951 0.018212 0.015686
7 0.687086 0.410049 0.231052 0.013725
10 0.773363 0.389583 0.064753 0.017402
10 0.440029 0.538358 0.027226 0.017402
7 0.324319 0.391054 0.263061 0.016912
9 0.789643 0.484191 0.048013 0.026225
7 0.260026 0.481005 0.131163 0.015441
3 0.201987 0.499265 0.024283 0.021078
7 0.676141 0.299510 0.208057 0.015686
3 0.557579 0.507843 0.047093 0.038235
7 0.689294 0.319118 0.239514 0.014706
3 0.554544 0.480147 0.027410 0.017157
7 0.686534 0.483946 0.235467 0.016912
10 0.746229 0.574387 0.113870 0.019363
7 0.697848 0.427819 0.221302 0.013971
7 0.314110 0.277574 0.196284 0.015441
7 0.323400 0.445588 0.261589 0.017157
10 0.388245 0.218260 0.138889 0.020833
7 0.341244 0.558456 0.220015 0.015931
10 0.755335 0.333824 0.109639 0.017157
7 0.255427 0.352941 0.078918 0.012745
13 0.322664 0.414706 0.277042 0.483333
10 0.440765 0.277083 0.036424 0.013971
3 0.203458 0.292892 0.024283 0.015196
3 0.601085 0.334804 0.020052 0.019118
3 0.201987 0.351838 0.024283 0.018873
7 0.330206 0.634926 0.235467 0.015931
3 0.240250 0.576471 0.021339 0.017157
7 0.696468 0.448652 0.216336 0.014951
3 0.206218 0.196691 0.024283 0.024755
7 0.330942 0.596814 0.252391 0.014706
7 0.330022 0.238480 0.223694 0.014216
7 0.623068 0.337377 0.150846 0.013971
7 0.672645 0.559191 0.258462 0.014951
3 0.197940 0.637010 0.024283 0.030392
7 0.691869 0.615931 0.218543 0.015686
