7 0.312486 0.433409 0.260424 0.016366
7 0.697425 0.434114 0.264297 0.016648
7 0.317612 0.646868 0.262019 0.016084
7 0.690818 0.276383 0.247892 0.018341
7 0.311005 0.177201 0.253816 0.014673
7 0.688767 0.511710 0.253361 0.020034
2 0.280132 0.128386 0.390750 0.023138
7 0.697198 0.159848 0.261563 0.018905
7 0.316245 0.312500 0.262474 0.014391
7 0.690590 0.374859 0.256095 0.019470
7 0.312486 0.293030 0.255411 0.015519
8 0.732513 0.502540 0.462976 0.887133
13 0.315903 0.411682 0.275461 0.543454
2 0.873092 0.416620 0.079289 0.595655
7 0.691957 0.255361 0.254728 0.017494
2 0.465254 0.409848 0.029620 0.586061
7 0.685236 0.493510 0.243108 0.020316
7 0.686717 0.530615 0.250171 0.019470
7 0.689679 0.354825 0.250627 0.018341
7 0.317384 0.414503 0.262019 0.015237
7 0.689337 0.453866 0.249487 0.019470
7 0.689109 0.317156 0.249487 0.018059
7 0.312600 0.235327 0.256550 0.015237
7 0.686603 0.609904 0.249943 0.020034
7 0.692071 0.552060 0.255411 0.020034
7 0.311119 0.255643 0.253133 0.015801
7 0.309866 0.393764 0.251538 0.016084
7 0.317612 0.355389 0.262930 0.014955
7 0.309068 0.567720 0.245842 0.015237
7 0.312144 0.548815 0.255639 0.016366
7 0.313511 0.272856 0.255639 0.015237
7 0.311802 0.628245 0.254956 0.016084
8 0.273069 0.501834 0.449533 0.896445
7 0.313511 0.373025 0.258829 0.015237
7 0.316131 0.586907 0.254956 0.015801
7 0.690818 0.669865 0.262019 0.019752
7 0.691046 0.590293 0.258829 0.020880
2 0.722830 0.699915 0.379813 0.029063
2 0.131465 0.412669 0.096605 0.591704
7 0.311347 0.529769 0.255867 0.017212
2 0.287081 0.694131 0.385965 0.017494
7 0.691615 0.473617 0.256778 0.020034
7 0.696514 0.197940 0.256095 0.017777
2 0.543860 0.410694 0.021873 0.587754
7 0.307473 0.471642 0.246753 0.015519
7 0.694236 0.395598 0.260196 0.019187
7 0.692185 0.217551 0.253361 0.018623
7 0.692185 0.572376 0.256095 0.020598
7 0.309182 0.197658 0.252449 0.014391
7 0.692641 0.297545 0.256095 0.019470
7 0.314195 0.333098 0.260196 0.015519
7 0.309866 0.511005 0.246070 0.015801
7 0.689679 0.628668 0.251994 0.019187
2 0.727501 0.129374 0.382775 0.033014
7 0.314764 0.452455 0.262702 0.016084
7 0.689679 0.236315 0.247437 0.017212
7 0.310663 0.216140 0.254500 0.014673
7 0.316245 0.665632 0.260196 0.016930
13 0.692527 0.412669 0.275461 0.537528
7 0.696742 0.177483 0.254272 0.018059
7 0.312030 0.157308 0.256323 0.014391
7 0.688426 0.415068 0.251310 0.018623
7 0.693210 0.336907 0.258145 0.017494
7 0.691274 0.648843 0.262474 0.020034
7 0.312828 0.608634 0.252449 0.015801
7 0.311460 0.491394 0.257006 0.016084
