7 0.303956 0.447660 0.203356 0.034072
7 0.317811 0.602627 0.208282 0.037767
7 0.693196 0.513957 0.203202 0.034072
7 0.701509 0.471675 0.226601 0.032020
3 0.262084 0.445710 0.044797 0.042077
7 0.699892 0.551211 0.213516 0.035099
3 0.751616 0.618329 0.049723 0.053161
7 0.315348 0.488711 0.212900 0.038588
7 0.698661 0.322865 0.193504 0.032430
13 0.308113 0.498871 0.256312 0.542077
7 0.695736 0.662356 0.201509 0.032430
7 0.315425 0.674774 0.210283 0.035920
8 0.726293 0.514881 0.448892 0.830665
7 0.689501 0.361453 0.191502 0.031199
3 0.252925 0.369356 0.043103 0.046593
7 0.336977 0.709975 0.164717 0.031609
3 0.596444 0.316810 0.039871 0.047414
3 0.767318 0.466133 0.033097 0.047619
7 0.698507 0.626334 0.209514 0.032225
7 0.310037 0.527504 0.201970 0.036535
13 0.706358 0.463362 0.254772 0.513342
7 0.307189 0.338773 0.209206 0.037972
7 0.332666 0.565784 0.179495 0.034278
8 0.274554 0.519807 0.457974 0.836412
9 0.365841 0.668001 0.124538 0.044130
7 0.307189 0.375821 0.204895 0.038998
3 0.215594 0.559626 0.056496 0.046593
7 0.695813 0.396962 0.179187 0.032841
3 0.224754 0.719417 0.076355 0.082923
3 0.289024 0.252053 0.038947 0.044335
7 0.689655 0.287048 0.189347 0.034688
7 0.699738 0.588670 0.210745 0.035304
7 0.305573 0.412972 0.201970 0.035304
7 0.695351 0.436371 0.206897 0.034072
7 0.709283 0.699302 0.211053 0.031199
7 0.316349 0.640394 0.209667 0.036946
7 0.307112 0.300800 0.208744 0.037562
3 0.600523 0.394294 0.038177 0.043103
2 0.163793 0.722804 0.113608 0.308498
7 0.302417 0.258005 0.210129 0.036535
7 0.687500 0.245690 0.197352 0.034483
