7 0.389447 0.290618 0.200586 0.021167
8 0.331868 0.478261 0.354271 0.713387
7 0.653476 0.479548 0.196817 0.020881
8 0.697760 0.483839 0.346943 0.713101
13 0.654837 0.429634 0.217127 0.414188
7 0.665201 0.262157 0.172111 0.021453
7 0.385050 0.237271 0.197236 0.020881
7 0.401487 0.451230 0.184045 0.023169
7 0.391646 0.506865 0.199121 0.022311
3 0.302240 0.263444 0.035804 0.030892
7 0.392588 0.586527 0.204774 0.023169
7 0.654418 0.505435 0.198702 0.020023
3 0.302659 0.449514 0.041248 0.037471
7 0.388505 0.344966 0.197864 0.026316
7 0.392483 0.559640 0.204983 0.022597
3 0.300251 0.343249 0.033082 0.035469
10 0.470582 0.235412 0.023241 0.034897
7 0.655255 0.424199 0.195352 0.020595
7 0.403894 0.533753 0.179648 0.022311
10 0.407245 0.422912 0.169598 0.024314
7 0.389028 0.316219 0.204774 0.020309
7 0.657140 0.581522 0.201633 0.020595
7 0.388924 0.479262 0.199121 0.023741
7 0.390808 0.397454 0.198283 0.020309
7 0.387353 0.264588 0.196817 0.021739
10 0.478015 0.501573 0.021357 0.031751
13 0.390599 0.428490 0.209171 0.411899
9 0.739740 0.263873 0.029732 0.019165
7 0.650544 0.239130 0.180905 0.022883
7 0.676193 0.290046 0.163107 0.022311
7 0.653371 0.610984 0.199121 0.020595
3 0.578622 0.272740 0.058417 0.060927
3 0.303078 0.614416 0.045436 0.048627
7 0.658501 0.316076 0.195980 0.021167
7 0.657663 0.398026 0.199749 0.019737
7 0.657349 0.450515 0.199958 0.021167
7 0.655779 0.344680 0.197236 0.020595
7 0.655674 0.370137 0.196608 0.020595
3 0.301403 0.530320 0.042085 0.040046
7 0.389657 0.616276 0.204355 0.029462
7 0.315641 0.428633 0.053392 0.020881
7 0.391855 0.374142 0.203727 0.020595
7 0.654837 0.556493 0.197864 0.020881
7 0.655779 0.531894 0.197236 0.018593
