7 0.674261 0.439860 0.210283 0.025452
7 0.358605 0.383826 0.163947 0.020115
10 0.402401 0.274323 0.066502 0.026478
10 0.721598 0.600780 0.103602 0.029557
7 0.327817 0.605603 0.201509 0.021141
9 0.743381 0.240456 0.051724 0.028941
7 0.670413 0.548851 0.198276 0.022167
3 0.595597 0.291154 0.088978 0.060550
13 0.329818 0.436679 0.228602 0.450534
7 0.703895 0.300800 0.121459 0.022783
7 0.367226 0.493329 0.140856 0.020320
7 0.355450 0.300082 0.155788 0.020525
8 0.290179 0.515086 0.418719 0.787562
3 0.251232 0.239737 0.057266 0.044335
10 0.399246 0.246203 0.070043 0.024836
7 0.668719 0.249487 0.197968 0.026067
7 0.327124 0.632902 0.198892 0.021141
3 0.254926 0.300800 0.052032 0.036330
10 0.408482 0.466954 0.061115 0.027094
7 0.666102 0.358272 0.206589 0.026888
3 0.253849 0.350164 0.049877 0.033662
7 0.352063 0.438013 0.151170 0.021757
10 0.402094 0.327176 0.076663 0.029557
7 0.663408 0.494869 0.191041 0.024220
3 0.256081 0.435550 0.055265 0.038588
3 0.256312 0.382697 0.055727 0.033046
7 0.607836 0.608374 0.074969 0.022989
7 0.665486 0.385468 0.198584 0.024220
9 0.343596 0.462952 0.062500 0.028941
8 0.711361 0.512521 0.423645 0.792693
7 0.675647 0.466133 0.210591 0.027504
3 0.264855 0.503284 0.078356 0.069376
7 0.318427 0.243945 0.087284 0.021962
7 0.671798 0.521552 0.193658 0.024631
7 0.670028 0.412151 0.203664 0.025452
7 0.331820 0.576868 0.212592 0.021552
7 0.704357 0.275144 0.139932 0.021141
7 0.321506 0.271860 0.094366 0.017857
10 0.389240 0.411741 0.104218 0.030788
7 0.292950 0.409175 0.132389 0.019910
7 0.303571 0.465415 0.153633 0.021962
7 0.371844 0.517549 0.140856 0.020320
7 0.333975 0.550287 0.215671 0.020525
7 0.669181 0.577278 0.194273 0.026067
7 0.297568 0.328202 0.136700 0.020936
13 0.676647 0.426416 0.232913 0.400041
3 0.253618 0.272270 0.050339 0.029351
7 0.358067 0.354988 0.168411 0.023194
7 0.671336 0.330870 0.197352 0.027094
