7 0.336669 0.350677 0.208436 0.023194
7 0.352986 0.525041 0.177032 0.022167
9 0.617919 0.320813 0.024631 0.027504
7 0.334744 0.382697 0.203356 0.021962
7 0.689886 0.499384 0.155942 0.022578
9 0.710514 0.469007 0.022629 0.025862
3 0.573430 0.481527 0.071736 0.063218
7 0.664717 0.386802 0.192118 0.021552
7 0.665333 0.616482 0.217057 0.024015
9 0.718519 0.264470 0.024784 0.024836
7 0.659637 0.233888 0.203202 0.022373
3 0.570428 0.260571 0.044797 0.033456
7 0.346521 0.437705 0.204433 0.023604
7 0.302802 0.497845 0.139470 0.022373
7 0.338285 0.553982 0.206435 0.020936
3 0.242457 0.322660 0.048337 0.044745
3 0.241148 0.613814 0.049107 0.042488
7 0.340363 0.468904 0.211515 0.022783
3 0.243765 0.234093 0.040486 0.040435
7 0.661715 0.528017 0.205819 0.024836
7 0.662331 0.414819 0.204587 0.022989
13 0.669720 0.427956 0.226139 0.428161
7 0.673183 0.587849 0.173953 0.022167
7 0.680265 0.263957 0.174877 0.022578
7 0.348984 0.235427 0.196121 0.022989
13 0.338208 0.415846 0.231219 0.433908
7 0.660868 0.326868 0.200739 0.023194
7 0.337746 0.262726 0.205973 0.026683
3 0.241148 0.436063 0.045720 0.043719
7 0.336900 0.294643 0.208282 0.024015
7 0.321429 0.582102 0.178571 0.022578
7 0.666564 0.297106 0.215825 0.022373
8 0.720597 0.491892 0.440271 0.903325
2 0.528941 0.431445 0.056958 0.437192
9 0.750924 0.325534 0.025862 0.027915
3 0.243688 0.523502 0.044027 0.043719
7 0.681188 0.358888 0.172414 0.022373
7 0.664871 0.445094 0.216133 0.022783
7 0.350139 0.610940 0.199661 0.024015
7 0.336669 0.411125 0.206897 0.021757
9 0.749692 0.355809 0.041564 0.026888
7 0.685268 0.474754 0.148245 0.023810
7 0.346752 0.321634 0.185499 0.023810
3 0.568273 0.352011 0.050954 0.036946
8 0.283020 0.492406 0.433344 0.895320
7 0.651170 0.556650 0.186884 0.023810
3 0.567349 0.583333 0.050954 0.034483
