7 0.282344 0.449046 0.300233 0.023293
7 0.291289 0.243772 0.321753 0.024264
7 0.284159 0.191038 0.311123 0.027499
7 0.676951 0.722420 0.309567 0.021352
7 0.287659 0.368489 0.312419 0.024588
7 0.678507 0.695406 0.310604 0.018441
7 0.282344 0.164025 0.298159 0.024588
5 0.119134 0.341313 0.030334 0.035587
7 0.292196 0.703170 0.315789 0.021676
9 0.727638 0.492397 0.058335 0.023940
5 0.633783 0.697185 0.032409 0.037528
8 0.267695 0.506147 0.427016 0.872533
5 0.512704 0.566160 0.022038 0.037528
5 0.599819 0.384503 0.030853 0.033970
5 0.267565 0.525073 0.033186 0.031058
7 0.289344 0.731155 0.311123 0.020058
5 0.221286 0.650275 0.022038 0.034940
7 0.291807 0.342931 0.318641 0.023940
7 0.681747 0.416694 0.314493 0.020058
8 0.701970 0.503235 0.421312 0.869298
7 0.679025 0.470560 0.314234 0.019088
7 0.292455 0.395018 0.318382 0.021999
7 0.674358 0.620996 0.304382 0.021029
9 0.413145 0.573924 0.063521 0.025882
7 0.310863 0.603203 0.270158 0.019735
7 0.681359 0.289227 0.313197 0.018764
7 0.688618 0.312358 0.330827 0.019088
7 0.683692 0.240214 0.318901 0.020382
5 0.335624 0.756066 0.025149 0.034940
3 0.134690 0.601423 0.091003 0.091880
5 0.401867 0.237949 0.023853 0.037852
7 0.704174 0.546425 0.284677 0.019411
13 0.683044 0.463119 0.363236 0.660304
7 0.291677 0.758816 0.314752 0.019088
5 0.394996 0.675995 0.013741 0.031381
7 0.289344 0.678421 0.313197 0.020058
5 0.655043 0.289550 0.029297 0.034940
5 0.263417 0.290844 0.028520 0.035587
7 0.676821 0.442899 0.304122 0.020058
5 0.626782 0.262536 0.023075 0.031381
5 0.199767 0.730670 0.032927 0.030734
7 0.287270 0.217891 0.309048 0.026205
7 0.677081 0.214332 0.300493 0.019735
7 0.276251 0.578777 0.202489 0.021352
5 0.512575 0.334681 0.026964 0.027499
5 0.509593 0.643966 0.027223 0.032028
5 0.573503 0.182303 0.023334 0.030734
9 0.799067 0.438208 0.009334 0.028146
7 0.291159 0.527176 0.324605 0.021029
7 0.290381 0.291330 0.316827 0.023617
5 0.329660 0.365416 0.026705 0.037852
7 0.682396 0.749919 0.319419 0.020705
5 0.397330 0.182303 0.029297 0.039146
7 0.683433 0.338725 0.322012 0.020705
7 0.702878 0.521352 0.277418 0.019088
7 0.292585 0.318182 0.319160 0.022970
7 0.678766 0.264639 0.312678 0.020705
5 0.210915 0.525720 0.026705 0.032352
5 0.509593 0.234875 0.027223 0.038822
5 0.332253 0.602394 0.029297 0.033646
9 0.256806 0.526529 0.015815 0.031381
5 0.116801 0.495147 0.031372 0.037852
7 0.685377 0.160951 0.319679 0.022323
9 0.407311 0.546263 0.013482 0.029440
7 0.683692 0.645746 0.320975 0.021999
9 0.774825 0.491265 0.015815 0.026205
7 0.285585 0.267874 0.311382 0.023940
7 0.684340 0.187480 0.316049 0.024264
5 0.751232 0.441443 0.028260 0.031381
7 0.278973 0.421385 0.299715 0.025558
7 0.685507 0.670980 0.321493 0.018764
5 0.532279 0.514882 0.070003 0.089615
7 0.680321 0.364607 0.317345 0.019411
7 0.293752 0.499029 0.328234 0.021029
7 0.682785 0.571336 0.322790 0.020058
7 0.678377 0.390489 0.309308 0.020058
7 0.310345 0.626173 0.272232 0.021029
13 0.290640 0.462472 0.369717 0.642834
7 0.705600 0.494662 0.276640 0.016823
7 0.287270 0.652701 0.304900 0.023617
7 0.294141 0.475898 0.324345 0.023293
5 0.584781 0.410870 0.026186 0.029764
5 0.683822 0.754610 0.028260 0.052734
7 0.679803 0.596571 0.312160 0.019411
5 0.120949 0.446943 0.033964 0.042381
7 0.299196 0.553219 0.336531 0.021999
