3 0.333426 0.393939 0.044900 0.036955
7 0.322894 0.398282 0.227827 0.025314
3 0.775845 0.456116 0.041436 0.032336
7 0.323240 0.497044 0.231569 0.025499
3 0.599570 0.596637 0.045039 0.041390
7 0.321993 0.597838 0.237112 0.022727
7 0.686669 0.560421 0.213137 0.025129
7 0.321023 0.328160 0.220482 0.028455
3 0.327397 0.292498 0.043099 0.036955
7 0.325804 0.430525 0.238082 0.025129
7 0.691588 0.288156 0.226303 0.026423
7 0.322547 0.260532 0.226025 0.026977
13 0.705862 0.393939 0.281735 0.507021
7 0.695122 0.491593 0.231430 0.022727
7 0.691865 0.525499 0.224917 0.025499
7 0.695053 0.423596 0.231014 0.024945
13 0.330862 0.397450 0.281735 0.500000
7 0.320815 0.461844 0.224224 0.023097
7 0.322894 0.291574 0.228936 0.022912
7 0.693805 0.459350 0.228520 0.024760
3 0.631583 0.287879 0.046702 0.041390
7 0.696785 0.224593 0.240022 0.028271
3 0.226303 0.215262 0.044900 0.039172
7 0.320746 0.528825 0.229906 0.025129
7 0.694290 0.390983 0.229767 0.026238
7 0.696438 0.322986 0.238221 0.025499
3 0.345552 0.489560 0.048365 0.034553
7 0.322894 0.364283 0.229490 0.026423
7 0.687777 0.254342 0.215909 0.021619
7 0.315272 0.181818 0.211197 0.028825
8 0.290258 0.497598 0.431957 0.903178
8 0.730114 0.492979 0.430294 0.893939
7 0.721175 0.594050 0.190965 0.032890
3 0.727481 0.390429 0.048365 0.039172
7 0.693875 0.356061 0.232262 0.025868
7 0.696716 0.186899 0.232400 0.027901
7 0.315272 0.557373 0.216186 0.029379
3 0.632414 0.183019 0.041436 0.043792
7 0.341810 0.223392 0.185006 0.028086
