7 0.723234 0.625613 0.284216 0.013971
7 0.723694 0.644853 0.281825 0.017647
3 0.571652 0.594853 0.024099 0.023039
8 0.736663 0.491299 0.418138 0.706618
3 0.164367 0.245588 0.028514 0.030882
7 0.314018 0.249755 0.272259 0.016667
7 0.302060 0.313235 0.293230 0.017157
7 0.731420 0.286765 0.266740 0.015196
3 0.570824 0.642525 0.024283 0.017402
3 0.572480 0.425123 0.027594 0.024265
10 0.371321 0.266912 0.165747 0.016176
7 0.302244 0.402328 0.286608 0.023775
7 0.654341 0.412623 0.164827 0.015931
3 0.622241 0.663235 0.023363 0.026471
3 0.583793 0.331863 0.065673 0.047059
3 0.574319 0.467034 0.029433 0.025245
13 0.719003 0.447426 0.339404 0.471814
7 0.727097 0.602206 0.287528 0.017157
3 0.573859 0.446446 0.028514 0.018382
3 0.166575 0.425000 0.024099 0.026471
7 0.726821 0.370466 0.269684 0.015931
3 0.578182 0.362868 0.021707 0.021814
7 0.225809 0.271569 0.140361 0.017157
3 0.570456 0.572917 0.025018 0.020833
7 0.305004 0.423529 0.295806 0.025000
3 0.165287 0.491176 0.026674 0.029902
7 0.303716 0.444485 0.292127 0.022304
10 0.353569 0.464706 0.208241 0.016176
7 0.727281 0.517525 0.283113 0.018382
7 0.316409 0.664706 0.288447 0.026471
7 0.725901 0.265564 0.304268 0.018873
10 0.870493 0.327819 0.020603 0.015931
10 0.448216 0.681618 0.031089 0.026471
3 0.570824 0.530270 0.027594 0.018382
10 0.435614 0.398039 0.042311 0.018627
3 0.163539 0.335294 0.025018 0.033333
10 0.451159 0.545833 0.021523 0.019608
7 0.327999 0.552328 0.258278 0.023284
7 0.735743 0.390319 0.283113 0.016422
3 0.166667 0.621814 0.027594 0.026471
10 0.448584 0.502696 0.023363 0.023039
10 0.374356 0.639093 0.171818 0.014951
7 0.725442 0.535172 0.280169 0.017892
7 0.204930 0.470588 0.094555 0.016667
7 0.717991 0.451838 0.306107 0.023284
7 0.719463 0.349020 0.200883 0.016667
7 0.711553 0.430515 0.292127 0.017402
8 0.303532 0.496446 0.442973 0.714461
10 0.827355 0.600000 0.024099 0.022059
7 0.739514 0.245833 0.277778 0.019608
7 0.320088 0.617892 0.274467 0.025980
7 0.322296 0.529779 0.250184 0.025245
3 0.584621 0.280637 0.027594 0.029902
13 0.308223 0.467157 0.329838 0.476471
7 0.728477 0.474755 0.284768 0.020588
7 0.304452 0.687010 0.286240 0.026961
10 0.389809 0.591299 0.144224 0.018382
3 0.164367 0.578186 0.033664 0.033333
7 0.234364 0.646569 0.152318 0.021078
7 0.316317 0.380270 0.273547 0.022794
3 0.572112 0.509069 0.025018 0.022059
3 0.166207 0.380760 0.023363 0.032108
7 0.704010 0.307721 0.263797 0.017892
7 0.304636 0.292647 0.271155 0.019608
3 0.572572 0.551103 0.025938 0.020833
10 0.802336 0.408946 0.133002 0.021814
3 0.172185 0.540074 0.047461 0.044853
7 0.728385 0.578922 0.289367 0.016176
10 0.845475 0.348039 0.069169 0.017157
7 0.306291 0.356985 0.306107 0.019853
7 0.309327 0.510172 0.296726 0.025245
3 0.167862 0.664461 0.035504 0.024020
7 0.318801 0.575368 0.275570 0.025735
3 0.570364 0.619608 0.021523 0.026471
7 0.315949 0.488848 0.288631 0.025245
7 0.311902 0.334926 0.267292 0.020833
7 0.726637 0.495588 0.281825 0.016667
7 0.737675 0.328799 0.242458 0.015441
10 0.853661 0.305515 0.035504 0.014951
7 0.721486 0.556250 0.269684 0.019363
3 0.573400 0.491789 0.027594 0.021814
7 0.237859 0.599142 0.154157 0.018382
7 0.713300 0.665319 0.297093 0.018873
3 0.581218 0.387623 0.020787 0.020833
3 0.162252 0.292157 0.024283 0.027451
3 0.584621 0.238113 0.029433 0.025245
