7 0.459343 0.675111 0.662897 0.016631
7 0.456651 0.487817 0.661282 0.015278
7 0.460420 0.752272 0.661820 0.015858
7 0.456516 0.319377 0.656704 0.019919
7 0.462978 0.242216 0.664782 0.019919
7 0.458939 0.374106 0.659935 0.017985
7 0.458670 0.523787 0.664782 0.017211
7 0.461362 0.129085 0.667474 0.019532
7 0.453554 0.185941 0.654012 0.019145
7 0.457458 0.713788 0.663436 0.015858
7 0.454496 0.638755 0.665051 0.015084
7 0.459612 0.542835 0.672590 0.017018
7 0.461228 0.695030 0.667205 0.015471
7 0.455843 0.205376 0.662897 0.019725
7 0.459882 0.581609 0.668821 0.015664
7 0.456651 0.431348 0.666667 0.016438
7 0.459343 0.468285 0.680668 0.016825
7 0.458401 0.281957 0.664243 0.020499
13 0.459612 0.445368 0.682822 0.648231
7 0.456247 0.299942 0.652935 0.019339
7 0.464055 0.394024 0.673398 0.017985
7 0.456920 0.599110 0.668282 0.015858
7 0.455304 0.449720 0.672590 0.016825
7 0.457189 0.618642 0.676360 0.015858
7 0.460285 0.148037 0.670705 0.020306
7 0.462978 0.356411 0.670705 0.018952
7 0.459478 0.412686 0.664782 0.016631
8 0.502962 0.499903 0.943457 0.961903
7 0.455977 0.562077 0.662628 0.016051
7 0.464459 0.261168 0.662897 0.020692
7 0.455170 0.732644 0.654550 0.017211
7 0.461901 0.223361 0.665859 0.018952
7 0.459882 0.166989 0.668821 0.021079
7 0.459612 0.656546 0.665051 0.015858
7 0.457189 0.337652 0.650512 0.017792
7 0.457862 0.505512 0.662628 0.016631
