7 0.297048 0.763304 0.176414 0.024760
7 0.295524 0.619457 0.176136 0.021988
7 0.295662 0.485865 0.174751 0.023097
7 0.294069 0.218588 0.180432 0.023651
7 0.295455 0.511548 0.177106 0.023836
7 0.295316 0.300998 0.179324 0.024760
7 0.292822 0.245658 0.169900 0.024205
7 0.295316 0.351903 0.178215 0.024945
13 0.297810 0.477273 0.191796 0.623799
8 0.300928 0.510809 0.421425 0.864560
7 0.295455 0.540188 0.176552 0.021988
7 0.296355 0.646249 0.175582 0.022358
7 0.298088 0.566519 0.176829 0.022173
7 0.292544 0.189856 0.184035 0.023466
7 0.297672 0.459350 0.175998 0.023282
7 0.295801 0.592572 0.176691 0.021434
7 0.295732 0.324002 0.177106 0.024945
7 0.296494 0.430710 0.177522 0.023282
7 0.297118 0.405488 0.174335 0.023097
2 0.156111 0.433019 0.099085 0.538618
7 0.297048 0.732354 0.175028 0.026792
7 0.294415 0.274575 0.179185 0.025129
7 0.295455 0.672487 0.175443 0.022727
7 0.295385 0.377587 0.176691 0.026423
7 0.295039 0.703806 0.170732 0.025129
