7 0.312500 0.499692 0.264470 0.026478
9 0.307728 0.378079 0.030480 0.040640
7 0.296721 0.191708 0.234144 0.023810
7 0.324123 0.621613 0.284637 0.028530
10 0.354295 0.344109 0.150092 0.021141
7 0.343596 0.562397 0.204741 0.025862
3 0.193581 0.378797 0.033713 0.035099
7 0.325046 0.382389 0.224908 0.023810
3 0.207589 0.550698 0.062654 0.065681
7 0.230450 0.347701 0.092980 0.023810
13 0.315117 0.439142 0.334667 0.571634
10 0.388932 0.254002 0.090363 0.017857
7 0.342288 0.685550 0.213516 0.027915
7 0.329049 0.224856 0.237839 0.024425
7 0.310961 0.596162 0.259236 0.026888
7 0.307651 0.444068 0.246767 0.022783
8 0.759621 0.492919 0.467518 0.890599
3 0.192041 0.289614 0.040179 0.038177
7 0.336823 0.532738 0.192734 0.026888
7 0.305265 0.473317 0.252155 0.024631
7 0.317657 0.287459 0.209514 0.025657
7 0.262238 0.257697 0.163639 0.025657
3 0.189655 0.222085 0.038793 0.041872
7 0.303725 0.318247 0.257389 0.022373
8 0.286022 0.513855 0.470751 0.880337
3 0.205357 0.669745 0.058190 0.066502
7 0.308113 0.413793 0.253541 0.024631
7 0.339748 0.655583 0.209360 0.027915
