7 0.352679 0.276170 0.196121 0.026478
13 0.315271 0.451457 0.291564 0.624179
8 0.278479 0.502771 0.418719 0.823686
7 0.314732 0.343186 0.255696 0.028736
7 0.323738 0.310140 0.268165 0.029146
10 0.435576 0.204433 0.028171 0.029146
7 0.321583 0.730706 0.257389 0.034072
7 0.315964 0.406609 0.257851 0.027504
7 0.319427 0.441605 0.258313 0.027709
10 0.296798 0.203818 0.080357 0.027915
9 0.372691 0.202791 0.083128 0.036946
7 0.324046 0.505234 0.263239 0.028530
7 0.346675 0.244356 0.191502 0.027709
7 0.320505 0.570402 0.262315 0.028736
7 0.315733 0.598112 0.259236 0.029557
7 0.316195 0.537459 0.253079 0.028120
8 0.704510 0.503387 0.429957 0.829433
7 0.321659 0.472291 0.262469 0.028325
7 0.332358 0.178777 0.228140 0.027504
9 0.327047 0.726088 0.274169 0.060961
7 0.318735 0.375821 0.256312 0.027915
7 0.313885 0.212644 0.260776 0.030788
