2 0.415974 0.062177 0.787220 0.096107
2 0.064217 0.383741 0.100319 0.759215
7 0.476677 0.675853 0.337380 0.017913
7 0.375719 0.758526 0.532907 0.019290
7 0.416294 0.729762 0.499042 0.018257
1 0.395527 0.820358 0.336102 0.105064
2 0.115655 0.867723 0.203195 0.208750
8 0.487540 0.500517 0.959744 0.978987
13 0.381789 0.684292 0.571885 0.160179
7 0.495208 0.648812 0.292652 0.017568
2 0.450479 0.927489 0.872843 0.087151
3 0.147284 0.719773 0.082428 0.032036
7 0.500319 0.625043 0.288818 0.014123
7 0.447284 0.700827 0.191693 0.018257
2 0.711821 0.868412 0.350160 0.203238
2 0.768371 0.393903 0.229393 0.765760
3 0.221086 0.655701 0.230032 0.098174
10 0.591054 0.697726 0.100958 0.023080
0 0.374760 0.357389 0.528435 0.487427
