7 0.286715 0.304290 0.227063 0.026067
3 0.198661 0.203818 0.052494 0.037356
3 0.190810 0.427032 0.051570 0.034278
7 0.636930 0.530788 0.114070 0.021346
3 0.601139 0.590825 0.055419 0.038383
7 0.341980 0.208744 0.227679 0.032430
9 0.816502 0.279454 0.073276 0.042488
9 0.426724 0.618227 0.038793 0.044335
3 0.204972 0.629208 0.075585 0.064245
7 0.716518 0.283046 0.264317 0.023810
7 0.304110 0.369253 0.257235 0.029967
7 0.310037 0.584257 0.276786 0.027709
7 0.300262 0.520320 0.256004 0.030788
3 0.197044 0.268473 0.053879 0.037767
7 0.306342 0.490969 0.270628 0.027094
7 0.713901 0.184113 0.257235 0.025452
7 0.716749 0.252771 0.267549 0.024836
9 0.342980 0.542488 0.031712 0.040640
7 0.306342 0.459565 0.270320 0.026273
7 0.710283 0.441605 0.257081 0.026478
8 0.277863 0.475985 0.448276 0.928161
3 0.615917 0.330870 0.076663 0.067323
7 0.329895 0.432369 0.219828 0.028530
7 0.334514 0.275759 0.215517 0.030583
13 0.306265 0.424158 0.319735 0.641420
7 0.692118 0.595238 0.111761 0.026273
7 0.299261 0.679187 0.263547 0.029967
7 0.720212 0.219520 0.271090 0.024425
3 0.193427 0.332512 0.055265 0.039819
7 0.253002 0.237377 0.152555 0.027709
10 0.344751 0.177443 0.195967 0.026888
8 0.740841 0.496921 0.463516 0.930213
13 0.707358 0.379413 0.318350 0.563834
7 0.721675 0.150349 0.279865 0.025246
7 0.344058 0.618329 0.197044 0.031814
7 0.209206 0.172927 0.067118 0.025657
7 0.334052 0.338465 0.219520 0.027094
9 0.245382 0.516626 0.030480 0.040640
7 0.751308 0.317221 0.181804 0.025657
9 0.358836 0.426108 0.033251 0.048030
7 0.706897 0.497126 0.254926 0.025041
3 0.602063 0.557677 0.050800 0.023810
7 0.744227 0.564963 0.219674 0.022373
10 0.419797 0.308600 0.037254 0.028120
10 0.771629 0.526991 0.144550 0.025657
7 0.330973 0.645731 0.173645 0.031609
10 0.799415 0.591133 0.097906 0.026683
10 0.388239 0.243740 0.109298 0.023194
7 0.711977 0.470956 0.266010 0.024836
7 0.246075 0.398604 0.145474 0.026683
7 0.749384 0.346264 0.176416 0.024631
7 0.304033 0.144704 0.260776 0.033662
7 0.719905 0.379823 0.273861 0.027299
7 0.714363 0.412048 0.266164 0.023604
10 0.379387 0.403325 0.119612 0.025862
7 0.301955 0.554906 0.265240 0.024836
