9 0.733249 0.604741 0.014566 0.035345
7 0.739852 0.217529 0.279083 0.028161
2 0.923092 0.289943 0.082346 0.251149
7 0.735094 0.336638 0.276559 0.031322
2 0.774811 0.115086 0.378909 0.096264
2 0.235968 0.140230 0.274616 0.061494
9 0.178870 0.466236 0.027578 0.038793
7 0.799573 0.544253 0.146436 0.024713
9 0.291027 0.636207 0.025053 0.039080
9 0.420470 0.274713 0.048553 0.036782
4 0.658769 0.450718 0.132841 0.216954
7 0.734609 0.190517 0.285687 0.027586
9 0.176733 0.196839 0.031851 0.036782
7 0.336473 0.344253 0.209944 0.031609
13 0.730433 0.472557 0.294815 0.620977
7 0.299767 0.227155 0.270926 0.035345
7 0.799184 0.401437 0.140221 0.029885
7 0.308507 0.522270 0.275976 0.033621
9 0.731695 0.634052 0.011459 0.035345
7 0.307147 0.491667 0.276753 0.032759
9 0.201010 0.225575 0.088561 0.032759
7 0.308409 0.401293 0.277724 0.035920
7 0.333657 0.374138 0.216741 0.032759
9 0.607205 0.243678 0.014566 0.033908
7 0.801321 0.427730 0.139445 0.024425
7 0.306176 0.252586 0.276364 0.034483
7 0.311420 0.545977 0.281025 0.035632
7 0.346475 0.667816 0.204312 0.030460
7 0.298796 0.196408 0.263546 0.034195
7 0.308992 0.760345 0.297145 0.032184
7 0.307730 0.432328 0.270538 0.035920
9 0.859779 0.636351 0.013595 0.030747
13 0.310837 0.482759 0.310157 0.591379
9 0.736357 0.334483 0.285298 0.040230
7 0.730045 0.575000 0.267236 0.028161
7 0.313847 0.642098 0.283939 0.033046
3 0.197417 0.346839 0.064673 0.086782
7 0.757429 0.755029 0.217906 0.039943
9 0.609439 0.211925 0.029132 0.035345
7 0.742183 0.248132 0.278695 0.029023
7 0.309769 0.603879 0.276947 0.034195
2 0.563507 0.475575 0.047970 0.829310
7 0.797534 0.515086 0.136143 0.023851
9 0.719266 0.577874 0.017673 0.036782
7 0.760730 0.697126 0.211303 0.028736
9 0.837930 0.664080 0.059235 0.036782
9 0.861818 0.610201 0.015731 0.033621
9 0.445523 0.538362 0.022140 0.031897
7 0.308992 0.460201 0.274616 0.035345
7 0.335696 0.315086 0.213051 0.029023
7 0.727229 0.665517 0.265100 0.031034
7 0.310934 0.577586 0.284715 0.044253
7 0.735968 0.307615 0.277918 0.026724
9 0.611963 0.304310 0.030297 0.029310
7 0.760148 0.724138 0.212468 0.035632
8 0.748301 0.519253 0.444358 0.933908
8 0.282676 0.523132 0.465527 0.916379
2 0.144883 0.492960 0.052437 0.648563
7 0.732569 0.599569 0.270732 0.029023
7 0.345601 0.700431 0.204117 0.029598
9 0.654108 0.277586 0.010487 0.033908
1 0.917168 0.476149 0.087978 0.121264
9 0.429501 0.660776 0.049913 0.038793
7 0.733735 0.275862 0.271897 0.029310
7 0.303748 0.281897 0.270732 0.033333
2 0.918722 0.724713 0.074383 0.376437
1 0.734026 0.841523 0.293843 0.160632
7 0.799281 0.486207 0.141192 0.028736
9 0.601088 0.599425 0.018644 0.036782
7 0.799767 0.371695 0.146825 0.032471
3 0.621674 0.717816 0.058652 0.084483
9 0.332589 0.252155 0.027772 0.041092
7 0.731793 0.629310 0.275005 0.031034
3 0.205088 0.698563 0.058652 0.082184
9 0.386580 0.573707 0.138473 0.037069
7 0.347640 0.729598 0.206254 0.030460
7 0.800932 0.461638 0.143717 0.023851
2 0.251408 0.857040 0.324141 0.125575
9 0.348514 0.514368 0.013789 0.036782
