7 0.740165 0.675939 0.336929 0.024566
3 0.137056 0.762825 0.083756 0.058887
5 0.585977 0.701409 0.047589 0.024205
7 0.732551 0.411669 0.314086 0.021315
7 0.738261 0.357117 0.333122 0.022038
0 0.283788 0.517883 0.363261 0.342847
7 0.730806 0.167088 0.315673 0.024928
9 0.144829 0.717305 0.087246 0.037934
7 0.762056 0.276373 0.239848 0.023121
7 0.739372 0.569184 0.335343 0.021315
7 0.738896 0.730853 0.326777 0.020231
7 0.733661 0.193642 0.318845 0.025289
7 0.185279 0.334357 0.153553 0.022760
7 0.738896 0.303107 0.328046 0.023844
8 0.268242 0.505058 0.483820 0.809249
7 0.297430 0.199603 0.288388 0.031431
7 0.728744 0.439668 0.314086 0.020954
5 0.849937 0.730130 0.033629 0.028902
7 0.751745 0.648483 0.325190 0.023121
5 0.587563 0.660585 0.069797 0.050217
2 0.066307 0.534501 0.067259 0.769147
5 0.688769 0.194184 0.033629 0.033598
7 0.737310 0.385116 0.329315 0.024566
13 0.282678 0.745123 0.380076 0.089957
7 0.736358 0.702132 0.327411 0.024205
7 0.733978 0.463331 0.324556 0.023483
7 0.733820 0.542991 0.323604 0.019509
7 0.733661 0.515173 0.317576 0.022399
7 0.274270 0.227782 0.327728 0.035043
5 0.700825 0.330202 0.043147 0.032514
7 0.745717 0.222363 0.336612 0.024928
7 0.734137 0.489162 0.324873 0.021676
7 0.273953 0.303649 0.329632 0.032153
2 0.276491 0.848627 0.349937 0.112717
7 0.314086 0.740788 0.264594 0.027095
7 0.250793 0.717305 0.296003 0.024205
9 0.668306 0.621026 0.042830 0.031792
2 0.483027 0.526734 0.060596 0.756503
5 0.588515 0.540282 0.059010 0.029986
13 0.743972 0.452673 0.350888 0.625000
7 0.728585 0.623736 0.315038 0.019870
13 0.276808 0.245665 0.347398 0.187139
5 0.600730 0.258851 0.074556 0.055275
7 0.273953 0.277276 0.334074 0.030708
5 0.132614 0.193642 0.050761 0.050578
8 0.746986 0.504335 0.451459 0.817197
7 0.731440 0.330383 0.307424 0.023483
2 0.268877 0.127168 0.464150 0.048410
7 0.301555 0.170340 0.279505 0.032153
7 0.767925 0.249277 0.254124 0.021676
7 0.270622 0.253974 0.330584 0.032514
5 0.592798 0.463331 0.048541 0.027818
5 0.654981 0.382406 0.042195 0.042991
7 0.729854 0.597001 0.305520 0.022038
7 0.319480 0.767341 0.282360 0.028179
