7 0.482867 0.640743 0.516682 0.026636
8 0.500000 0.500000 0.969342 0.981585
7 0.521416 0.603256 0.418846 0.026636
7 0.473625 0.566097 0.478359 0.029924
13 0.479261 0.440973 0.546438 0.614929
2 0.870153 0.426833 0.219116 0.601776
3 0.269612 0.595035 0.098287 0.048997
7 0.506087 0.202236 0.454013 0.028938
7 0.493688 0.493094 0.490532 0.029267
3 0.270514 0.487669 0.096483 0.043407
10 0.618575 0.670010 0.247971 0.028609
3 0.280433 0.341500 0.091975 0.039790
7 0.488052 0.275238 0.511722 0.027622
7 0.377142 0.677080 0.298016 0.026307
7 0.468215 0.458895 0.475654 0.027294
10 0.679441 0.562151 0.123535 0.028609
7 0.477006 0.531240 0.506763 0.027951
10 0.683499 0.453469 0.137060 0.029596
7 0.477457 0.422065 0.506763 0.027294
7 0.479937 0.349885 0.497295 0.029596
3 0.274346 0.196153 0.101443 0.046366
7 0.512173 0.710622 0.478810 0.032226
7 0.488278 0.238737 0.511271 0.027622
7 0.474752 0.386386 0.487827 0.028938
7 0.486700 0.312562 0.501803 0.027294
7 0.487376 0.164748 0.511271 0.033542
3 0.266456 0.710457 0.104599 0.058862
10 0.638188 0.158007 0.221371 0.031897
