7 0.366667 0.194874 0.263768 0.040941
7 0.366667 0.462282 0.244444 0.034172
7 0.433816 0.693585 0.202899 0.050613
0 0.705072 0.269826 0.368599 0.203740
2 0.490097 0.507737 0.916425 0.943907
7 0.536473 0.559961 0.593720 0.030948
7 0.370290 0.229852 0.256522 0.039329
7 0.364251 0.295132 0.254106 0.032560
7 0.569324 0.524984 0.493237 0.039007
7 0.405797 0.423920 0.166184 0.039329
7 0.366667 0.324468 0.249275 0.032560
7 0.571739 0.656190 0.635266 0.040941
7 0.430193 0.626854 0.200483 0.040941
7 0.400966 0.360251 0.161353 0.035783
7 0.413043 0.262573 0.185507 0.035783
7 0.559420 0.591715 0.600966 0.029336
7 0.363043 0.392005 0.232367 0.040619
8 0.496135 0.513540 0.928502 0.955513
7 0.553623 0.488395 0.618357 0.034172
