7 0.658205 0.332843 0.155997 0.015196
7 0.624356 0.583088 0.082781 0.012745
3 0.591979 0.496446 0.029433 0.020833
7 0.663079 0.475490 0.162804 0.016176
7 0.392200 0.395588 0.137233 0.014216
3 0.304728 0.227451 0.031457 0.024020
10 0.693617 0.266054 0.089588 0.014461
7 0.394132 0.458824 0.138889 0.012255
3 0.591703 0.602696 0.029985 0.020098
10 0.407193 0.437132 0.097314 0.013480
3 0.592347 0.432843 0.029801 0.022549
7 0.327263 0.437010 0.059603 0.012745
7 0.676049 0.373652 0.128035 0.012500
7 0.377483 0.502328 0.169242 0.015931
7 0.664367 0.227574 0.167586 0.016422
10 0.428348 0.584681 0.056843 0.012010
10 0.704378 0.580515 0.071744 0.013971
10 0.416759 0.289951 0.075607 0.014216
7 0.614974 0.267034 0.064386 0.013480
7 0.379047 0.566789 0.170162 0.014951
7 0.676968 0.433701 0.133922 0.012990
7 0.663355 0.311275 0.162252 0.017647
7 0.335357 0.291667 0.085357 0.012255
7 0.657929 0.393750 0.153238 0.012010
7 0.675129 0.602696 0.128403 0.012745
3 0.592991 0.370343 0.030353 0.021569
7 0.347774 0.585294 0.099522 0.013235
7 0.373988 0.480760 0.161516 0.014461
13 0.371413 0.422059 0.212656 0.469118
7 0.372333 0.523284 0.157837 0.014706
7 0.387233 0.231005 0.132450 0.015441
7 0.372517 0.418137 0.161148 0.011765
7 0.663631 0.248652 0.163171 0.015441
7 0.373620 0.250858 0.163355 0.014951
3 0.305096 0.311397 0.030721 0.022304
7 0.662252 0.454534 0.161148 0.013480
13 0.667403 0.422917 0.208241 0.459069
7 0.664183 0.520956 0.169058 0.015441
7 0.379231 0.333946 0.173841 0.014461
7 0.660964 0.562868 0.158205 0.015441
7 0.391096 0.312377 0.138337 0.012500
7 0.658756 0.627696 0.158572 0.014216
7 0.372241 0.377696 0.158389 0.012255
7 0.386865 0.543260 0.125092 0.013480
10 0.722130 0.351103 0.039551 0.012500
8 0.323492 0.507843 0.389441 0.888235
10 0.728017 0.412623 0.020419 0.018382
7 0.649467 0.412868 0.130059 0.013480
3 0.306199 0.458211 0.032561 0.023284
7 0.390636 0.606985 0.130059 0.013971
3 0.307395 0.606495 0.031641 0.022794
3 0.305464 0.542525 0.029985 0.020833
7 0.375276 0.628431 0.161516 0.014216
7 0.664275 0.542034 0.165195 0.015441
7 0.640912 0.350858 0.118102 0.015931
7 0.677152 0.498897 0.135026 0.013480
3 0.305188 0.395588 0.030905 0.022549
7 0.383646 0.357108 0.177152 0.015196
8 0.715232 0.508824 0.376012 0.886275
3 0.593359 0.286275 0.030353 0.022549
7 0.684603 0.289216 0.143304 0.015686
7 0.377943 0.271446 0.171266 0.014461
