13 0.647954 0.453959 0.242917 0.539585
9 0.389559 0.439178 0.025184 0.033639
7 0.314271 0.666327 0.229276 0.022426
0 0.273085 0.307000 0.132739 0.233435
7 0.643363 0.561842 0.222193 0.030241
3 0.366474 0.220353 0.038825 0.062861
9 0.354145 0.405369 0.020986 0.031261
7 0.711962 0.507985 0.078174 0.023106
7 0.313877 0.693850 0.229538 0.023106
7 0.322928 0.582909 0.243442 0.021407
7 0.318599 0.554876 0.234785 0.024465
7 0.644937 0.646619 0.227440 0.031261
7 0.714586 0.454638 0.081322 0.021747
0 0.604669 0.424397 0.128017 0.227659
2 0.695698 0.813286 0.361490 0.189263
7 0.714586 0.424567 0.084470 0.022086
2 0.260887 0.802922 0.358604 0.193000
8 0.699502 0.530581 0.403200 0.914373
7 0.719570 0.395685 0.096013 0.022766
9 0.703961 0.303602 0.125131 0.032280
7 0.720226 0.481481 0.091028 0.023106
7 0.647692 0.277438 0.220881 0.031600
7 0.643101 0.590214 0.218520 0.029901
7 0.651233 0.307170 0.224292 0.031261
7 0.318861 0.611111 0.237408 0.024125
13 0.326207 0.442915 0.256296 0.522256
7 0.407922 0.242949 0.049843 0.022426
9 0.735703 0.673632 0.040661 0.036357
8 0.273085 0.518519 0.415530 0.909276
7 0.665136 0.677030 0.167629 0.028203
7 0.394019 0.300714 0.084470 0.023785
7 0.392838 0.328406 0.088405 0.022086
3 0.553384 0.677540 0.055876 0.067278
7 0.666579 0.703194 0.175236 0.024805
7 0.390346 0.413863 0.084470 0.022426
7 0.348636 0.526673 0.182057 0.021747
7 0.337880 0.499151 0.172088 0.023785
9 0.396905 0.494903 0.070829 0.034998
2 0.703830 0.148488 0.348898 0.088345
2 0.264166 0.148488 0.340504 0.071356
7 0.388641 0.386001 0.081060 0.021067
7 0.732162 0.368841 0.069780 0.022086
7 0.316763 0.639653 0.233211 0.023445
3 0.687697 0.350663 0.034365 0.065240
7 0.641789 0.619266 0.216946 0.031600
7 0.319255 0.441726 0.233998 0.025144
7 0.716553 0.537377 0.085782 0.024125
7 0.390871 0.270133 0.087618 0.022426
2 0.144019 0.506116 0.117524 0.783894
7 0.736752 0.340639 0.057975 0.022766
2 0.823846 0.503058 0.105194 0.809718
7 0.650577 0.220693 0.221406 0.032280
9 0.638379 0.583928 0.022823 0.034998
7 0.651626 0.248556 0.224554 0.032960
7 0.415005 0.214407 0.059811 0.021067
9 0.673793 0.614339 0.024921 0.031261
7 0.387329 0.357288 0.079486 0.022766
3 0.219045 0.502888 0.052991 0.057764
7 0.314402 0.469759 0.224816 0.022766
