5 0.224943 0.570089 0.029458 0.040646
7 0.680756 0.464174 0.188775 0.047160
10 0.410232 0.255472 0.038173 0.027879
2 0.328482 0.380928 0.295451 0.598228
7 0.670908 0.523580 0.169078 0.045597
10 0.386265 0.284784 0.086108 0.030745
10 0.384086 0.196717 0.088374 0.021365
5 0.619662 0.374544 0.027192 0.031006
5 0.226512 0.367118 0.026320 0.035956
10 0.371013 0.629625 0.121143 0.029442
7 0.653565 0.610083 0.147290 0.042470
7 0.306170 0.252215 0.181105 0.034393
7 0.661670 0.635357 0.161408 0.034132
10 0.781157 0.671183 0.070943 0.027619
7 0.299111 0.342626 0.160363 0.035956
7 0.680234 0.406201 0.135088 0.039083
7 0.268520 0.313314 0.151473 0.032569
10 0.401604 0.344190 0.059962 0.026055
10 0.784731 0.239317 0.090988 0.025795
10 0.817065 0.209875 0.026320 0.025795
7 0.270699 0.374414 0.158271 0.034393
7 0.735663 0.203491 0.143803 0.044815
10 0.390622 0.225378 0.077392 0.026055
10 0.784731 0.410240 0.081227 0.029442
10 0.787171 0.439031 0.069723 0.028140
7 0.663849 0.318134 0.154959 0.039083
2 0.286474 0.456748 0.377375 0.752996
10 0.385742 0.311751 0.091686 0.019541
7 0.309918 0.458442 0.236709 0.035696
3 0.626198 0.212220 0.081750 0.078426
7 0.704811 0.236712 0.081750 0.029442
7 0.271309 0.222903 0.165766 0.034132
10 0.782639 0.497394 0.078787 0.024492
7 0.700453 0.549766 0.234443 0.048984
7 0.653565 0.377671 0.138574 0.044033
7 0.268520 0.282308 0.151473 0.035696
8 0.278891 0.469776 0.442740 0.854091
10 0.777846 0.584810 0.077567 0.031006
2 0.675353 0.504039 0.302074 0.649036
7 0.736971 0.205706 0.143978 0.045597
5 0.614781 0.578166 0.028238 0.040646
7 0.707513 0.291298 0.244379 0.043773
7 0.669862 0.435513 0.175702 0.042470
10 0.389576 0.375195 0.084016 0.026055
10 0.776190 0.640047 0.076347 0.031006
10 0.771135 0.383924 0.106676 0.030485
7 0.275057 0.399687 0.162454 0.035956
10 0.803992 0.268108 0.047586 0.027097
10 0.387398 0.486191 0.086282 0.026055
10 0.782639 0.326863 0.086805 0.029442
7 0.676399 0.664539 0.142758 0.044033
7 0.282116 0.484497 0.132996 0.032569
10 0.408140 0.428999 0.044797 0.029442
7 0.694963 0.344320 0.171170 0.048723
7 0.305648 0.544033 0.223636 0.034393
10 0.386875 0.601094 0.091511 0.024492
7 0.251612 0.631318 0.124281 0.039083
10 0.372669 0.514721 0.119923 0.021105
5 0.619139 0.373632 0.030678 0.039083
7 0.253791 0.514721 0.128639 0.034132
10 0.392365 0.403856 0.076347 0.024492
10 0.770786 0.610735 0.095869 0.024492
10 0.799460 0.355003 0.048283 0.029442
10 0.795799 0.468473 0.054210 0.028140
2 0.728778 0.458442 0.380687 0.740229
7 0.670385 0.577384 0.146069 0.042209
7 0.312620 0.572564 0.207251 0.042470
7 0.676399 0.491793 0.140666 0.040907
8 0.729301 0.468994 0.436116 0.836373
7 0.280024 0.195935 0.122189 0.029182
7 0.303382 0.428999 0.173436 0.032569
7 0.266951 0.600313 0.157051 0.039083
7 0.700453 0.265242 0.175527 0.047421
