7 0.758384 0.318089 0.076358 0.020880
7 0.364260 0.413803 0.173088 0.021619
7 0.339177 0.640336 0.221037 0.023836
7 0.422118 0.157613 0.037694 0.021434
7 0.694637 0.518939 0.213553 0.024205
2 0.289634 0.113636 0.336197 0.056911
7 0.340978 0.499169 0.224917 0.021988
8 0.736766 0.483186 0.450249 0.859571
7 0.403271 0.270972 0.092849 0.025684
9 0.387957 0.378141 0.066380 0.033075
7 0.339385 0.526515 0.217572 0.022727
7 0.406735 0.242147 0.090355 0.022727
7 0.336890 0.555155 0.213137 0.023836
7 0.684590 0.546471 0.197339 0.024205
7 0.337791 0.471637 0.216879 0.022727
9 0.267461 0.321877 0.016630 0.038803
7 0.330862 0.384885 0.207178 0.021434
7 0.692697 0.627864 0.217988 0.021434
7 0.776330 0.263027 0.047118 0.020880
7 0.697478 0.405211 0.220344 0.024021
13 0.337930 0.395418 0.232123 0.516630
7 0.691935 0.375647 0.213415 0.022173
7 0.338276 0.612435 0.224778 0.024945
9 0.297949 0.348670 0.022173 0.040650
7 0.755266 0.290928 0.081208 0.020880
7 0.721314 0.599963 0.171563 0.022542
10 0.436253 0.381282 0.021896 0.024945
7 0.401954 0.214431 0.076081 0.022358
3 0.732192 0.249353 0.053076 0.066704
7 0.404656 0.299335 0.090632 0.024021
2 0.744249 0.103659 0.339939 0.066888
7 0.774252 0.235218 0.042960 0.021064
7 0.353243 0.441981 0.176275 0.023282
7 0.684313 0.153455 0.209812 0.026053
9 0.744526 0.189856 0.073309 0.058943
7 0.745219 0.209257 0.061946 0.021619
7 0.423018 0.187639 0.032567 0.019771
7 0.715909 0.573171 0.158537 0.021803
3 0.382068 0.175628 0.057373 0.072247
7 0.690895 0.488821 0.212722 0.026423
7 0.745912 0.181541 0.068598 0.021619
7 0.336752 0.356430 0.217018 0.021803
0 0.288387 0.224039 0.122783 0.163895
7 0.691865 0.347284 0.225471 0.024945
7 0.693182 0.432650 0.210643 0.027162
3 0.243556 0.420177 0.059451 0.063932
8 0.286516 0.488174 0.450249 0.862897
13 0.692212 0.387934 0.243348 0.508315
2 0.167336 0.449741 0.094096 0.735772
7 0.334257 0.583888 0.213969 0.023651
9 0.694013 0.511086 0.024945 0.036955
7 0.340355 0.328899 0.222561 0.022173
9 0.768708 0.539727 0.033259 0.031412
9 0.635116 0.487990 0.018016 0.042498
2 0.864676 0.434682 0.106569 0.728936
7 0.695399 0.461844 0.217295 0.024945
3 0.605044 0.584812 0.065687 0.059867
2 0.751802 0.721452 0.344789 0.152069
2 0.286516 0.738174 0.339939 0.162232
0 0.640798 0.247321 0.135532 0.167221
