8 0.714108 0.495565 0.389412 0.772727
7 0.690826 0.395048 0.188193 0.028455
10 0.418168 0.321508 0.085227 0.045085
7 0.686045 0.539911 0.185560 0.027716
7 0.379019 0.359756 0.142738 0.030673
7 0.378187 0.251663 0.156874 0.031412
7 0.345344 0.468219 0.132761 0.028086
7 0.368902 0.577790 0.186530 0.031412
7 0.365299 0.393570 0.177106 0.030673
7 0.381860 0.503326 0.147866 0.028086
3 0.594789 0.549335 0.055987 0.152254
3 0.600679 0.345621 0.058343 0.130636
13 0.356707 0.405303 0.236973 0.401146
3 0.275291 0.250000 0.065272 0.082409
13 0.684798 0.419161 0.239606 0.414819
7 0.693944 0.358370 0.186946 0.029379
7 0.338900 0.322801 0.134008 0.028455
7 0.629642 0.284553 0.070261 0.029933
8 0.324349 0.506837 0.395371 0.774575
7 0.701012 0.507576 0.147866 0.025868
10 0.719581 0.287324 0.137611 0.042129
10 0.731846 0.464523 0.085089 0.051367
7 0.645995 0.468034 0.109063 0.029194
7 0.362597 0.287879 0.192489 0.029933
10 0.435075 0.464616 0.051414 0.041944
7 0.689163 0.253049 0.189302 0.027901
7 0.364884 0.432742 0.176275 0.033259
7 0.705446 0.322894 0.161447 0.030118
3 0.272381 0.385255 0.068875 0.113452
3 0.278201 0.496489 0.068875 0.083888
7 0.685629 0.576404 0.185283 0.028640
7 0.369803 0.537417 0.191103 0.033075
7 0.682234 0.433296 0.186253 0.028086
