13 0.426070 0.438840 0.264657 0.513784
7 0.716080 0.558199 0.223694 0.022667
7 0.420588 0.594752 0.096848 0.027159
7 0.430181 0.532979 0.222628 0.034715
7 0.413202 0.276394 0.216690 0.028385
7 0.426450 0.387584 0.231613 0.032673
7 0.713644 0.473862 0.224303 0.022667
7 0.408101 0.244946 0.208619 0.026751
13 0.715547 0.446906 0.262829 0.525424
7 0.451119 0.622932 0.154865 0.031244
3 0.338358 0.612824 0.061824 0.064529
7 0.682808 0.647641 0.158368 0.022667
7 0.424928 0.418317 0.225826 0.034511
7 0.705878 0.241270 0.230699 0.027159
7 0.708467 0.417296 0.220649 0.022259
7 0.701462 0.210843 0.221867 0.025526
7 0.421425 0.446089 0.227958 0.032469
7 0.710675 0.386155 0.228719 0.022463
7 0.422796 0.473453 0.218517 0.033286
7 0.424623 0.502757 0.219126 0.032673
7 0.413202 0.215132 0.226435 0.024709
7 0.712654 0.620176 0.223847 0.022871
7 0.712502 0.587809 0.223542 0.021442
7 0.713720 0.358383 0.236029 0.025322
7 0.437110 0.652644 0.233744 0.039208
7 0.712197 0.530733 0.218669 0.021237
7 0.708695 0.273433 0.226587 0.024913
7 0.703670 0.304268 0.218974 0.024096
7 0.711588 0.502859 0.226587 0.023484
7 0.424014 0.359914 0.232831 0.030018
7 0.419217 0.565959 0.204355 0.034919
8 0.383204 0.501021 0.364398 0.799469
7 0.415334 0.332551 0.221562 0.028793
7 0.417162 0.304574 0.228872 0.025934
7 0.707629 0.329794 0.224760 0.024096
8 0.746536 0.476823 0.341861 0.787829
7 0.702299 0.444354 0.208314 0.022054
