7 0.173591 0.467573 0.181275 0.020895
7 0.170176 0.538045 0.175868 0.019909
9 0.257114 0.442933 0.030450 0.026020
5 0.298022 0.432091 0.037137 0.053617
9 0.677291 0.161049 0.064599 0.020895
7 0.816306 0.615514 0.170461 0.016755
9 0.858566 0.824167 0.018213 0.026809
7 0.820361 0.520698 0.172595 0.017938
9 0.406588 0.609501 0.017786 0.025626
9 0.643497 0.610290 0.012664 0.023655
7 0.379909 0.397891 0.187251 0.019515
7 0.375071 0.515573 0.185544 0.012419
9 0.701409 0.469348 0.018640 0.033511
9 0.256047 0.369998 0.018640 0.026020
7 0.168540 0.654544 0.178856 0.024640
9 0.658936 0.335403 0.014229 0.026217
7 0.629909 0.825843 0.156232 0.020304
9 0.736767 0.513601 0.013375 0.020698
7 0.185330 0.679874 0.161781 0.019712
9 0.406019 0.514390 0.014940 0.023063
7 0.821713 0.212399 0.179567 0.014784
5 0.544892 0.809679 0.040837 0.052632
7 0.377134 0.301695 0.179994 0.017150
9 0.621087 0.373743 0.009960 0.022866
9 0.164698 0.559432 0.010387 0.024837
7 0.830891 0.381333 0.147553 0.010447
7 0.621087 0.448453 0.170461 0.018135
9 0.644636 0.586241 0.009533 0.023655
9 0.573634 0.337571 0.014656 0.020698
7 0.617530 0.682338 0.166192 0.021881
7 0.622652 0.340331 0.180990 0.014390
9 0.609633 0.467771 0.016932 0.023655
7 0.630549 0.801892 0.151821 0.017347
5 0.738759 0.360142 0.037279 0.060714
7 0.616534 0.398384 0.163062 0.015770
7 0.621941 0.636901 0.173876 0.017347
8 0.737692 0.508181 0.479084 0.928050
5 0.120589 0.511433 0.023478 0.025034
7 0.377348 0.278435 0.188958 0.018727
7 0.619664 0.254189 0.173307 0.015967
9 0.228088 0.652474 0.071998 0.024837
9 0.623648 0.355411 0.011098 0.016952
7 0.817658 0.803864 0.171172 0.016558
7 0.377205 0.232604 0.177291 0.018924
9 0.330748 0.677114 0.021770 0.025232
5 0.736483 0.646166 0.044678 0.061896
7 0.818014 0.475951 0.173876 0.011630
9 0.227020 0.132565 0.089215 0.021092
5 0.153173 0.151587 0.026608 0.036665
7 0.821642 0.852848 0.182555 0.016361
9 0.900541 0.634142 0.018213 0.025232
7 0.167758 0.847822 0.175868 0.021289
7 0.180492 0.227873 0.185117 0.019318
7 0.621727 0.753893 0.172880 0.021881
9 0.678145 0.204613 0.016221 0.023655
9 0.607356 0.727479 0.010672 0.024246
7 0.829610 0.638577 0.153244 0.016361
7 0.379269 0.493495 0.191662 0.010842
7 0.816093 0.281983 0.172595 0.016755
7 0.170888 0.607234 0.182129 0.021881
7 0.821500 0.712202 0.183409 0.016558
7 0.618526 0.496058 0.166762 0.017150
7 0.621372 0.378277 0.173876 0.014587
7 0.622154 0.360240 0.171457 0.013996
5 0.088005 0.494678 0.041690 0.048295
7 0.383182 0.138478 0.179567 0.021881
9 0.086796 0.269761 0.006830 0.023063
7 0.813105 0.591859 0.166050 0.018332
7 0.175299 0.298936 0.176153 0.021486
9 0.222183 0.773704 0.039983 0.024443
7 0.623862 0.708259 0.178856 0.023655
7 0.174872 0.702444 0.160501 0.020698
7 0.619664 0.320225 0.173307 0.015967
9 0.600100 0.316381 0.011525 0.022472
9 0.678714 0.774394 0.068014 0.024246
7 0.629624 0.543268 0.145418 0.022472
7 0.376281 0.709836 0.185401 0.018924
13 0.618739 0.495466 0.205891 0.776464
7 0.172382 0.725508 0.180848 0.024246
9 0.434405 0.253597 0.013090 0.027794
7 0.574417 0.138971 0.087080 0.016952
7 0.817587 0.189829 0.169323 0.017741
7 0.182271 0.158289 0.178714 0.019712
9 0.846329 0.253893 0.013375 0.023655
9 0.614186 0.492115 0.167758 0.021881
7 0.817445 0.497832 0.173876 0.012419
8 0.258680 0.511532 0.464713 0.945791
13 0.823990 0.496550 0.198065 0.778632
7 0.375996 0.473586 0.179994 0.011630
9 0.322923 0.801991 0.014371 0.024640
7 0.391577 0.351764 0.144565 0.017544
7 0.644138 0.565050 0.126636 0.019909
7 0.372795 0.830179 0.179852 0.018727
9 0.455250 0.561502 0.015509 0.020698
7 0.376352 0.659472 0.187536 0.021881
9 0.226309 0.510940 0.013233 0.022078
7 0.175299 0.442933 0.179283 0.022866
7 0.181346 0.776069 0.149260 0.020106
9 0.374573 0.346738 0.013802 0.020106
7 0.173876 0.394343 0.176153 0.020304
9 0.415552 0.541199 0.012664 0.023063
9 0.357499 0.851271 0.011525 0.020304
7 0.815737 0.452691 0.165339 0.016361
9 0.415694 0.659077 0.010672 0.025034
7 0.177149 0.204218 0.167046 0.019712
7 0.172311 0.370097 0.174730 0.021881
7 0.382968 0.186477 0.184832 0.022472
9 0.636170 0.562389 0.013090 0.025232
7 0.821571 0.689336 0.179283 0.017347
7 0.817018 0.401538 0.171315 0.017347
7 0.373933 0.732407 0.181844 0.017938
5 0.548591 0.537946 0.055919 0.070175
7 0.178500 0.275379 0.185686 0.018135
7 0.627490 0.850582 0.181559 0.022866
7 0.170746 0.750345 0.178714 0.024246
7 0.621087 0.471614 0.175583 0.018332
7 0.392288 0.614922 0.148549 0.016755
9 0.216989 0.605460 0.011098 0.021092
9 0.426224 0.585650 0.079824 0.026414
7 0.622795 0.589986 0.173876 0.018135
9 0.318156 0.535778 0.011098 0.022078
7 0.393284 0.635324 0.148549 0.015770
9 0.844337 0.301005 0.011098 0.023655
7 0.188603 0.490735 0.148976 0.019909
7 0.182982 0.135127 0.169607 0.020304
9 0.693725 0.513897 0.036283 0.018135
7 0.818298 0.781490 0.171315 0.017938
7 0.615467 0.279716 0.165766 0.009068
7 0.810757 0.330278 0.151394 0.018727
7 0.817871 0.306032 0.167900 0.020304
7 0.171030 0.583383 0.179283 0.023063
5 0.298805 0.618076 0.040125 0.043170
13 0.381261 0.499409 0.203614 0.788685
7 0.382043 0.209935 0.186397 0.022472
9 0.346898 0.772620 0.019067 0.024246
7 0.816591 0.757146 0.169038 0.019318
9 0.225598 0.271240 0.013233 0.026020
9 0.231218 0.487483 0.076836 0.028780
5 0.090211 0.685295 0.038702 0.053420
5 0.087223 0.774591 0.040125 0.053420
9 0.150896 0.344076 0.031161 0.031737
7 0.634035 0.185985 0.161070 0.017150
5 0.162706 0.461561 0.030307 0.030554
9 0.560259 0.611473 0.010672 0.021289
7 0.829112 0.356692 0.145987 0.016755
7 0.372652 0.757737 0.178145 0.020106
7 0.641577 0.518529 0.131474 0.017544
7 0.816022 0.733787 0.172453 0.018332
9 0.705748 0.275084 0.011383 0.023063
7 0.818369 0.235068 0.175726 0.011630
7 0.178856 0.181155 0.176153 0.021289
9 0.608495 0.226887 0.013802 0.020895
9 0.769351 0.561798 0.012237 0.025232
7 0.371727 0.590183 0.175441 0.019712
7 0.615609 0.732111 0.164627 0.019318
7 0.174089 0.823871 0.184832 0.023063
5 0.539698 0.171989 0.036426 0.057757
7 0.622154 0.778336 0.173734 0.019909
9 0.192373 0.582988 0.014513 0.027794
7 0.179994 0.252316 0.185259 0.020895
7 0.822567 0.827518 0.180137 0.016952
9 0.461013 0.397004 0.030450 0.028780
9 0.243312 0.631382 0.009676 0.022866
7 0.176437 0.324069 0.179567 0.020501
7 0.617743 0.231421 0.172311 0.018135
9 0.604439 0.208457 0.009106 0.024640
5 0.537422 0.725606 0.024474 0.033116
7 0.375000 0.781884 0.188532 0.016361
7 0.371941 0.372955 0.175868 0.017741
9 0.366676 0.397595 0.009960 0.020895
7 0.367743 0.684605 0.164058 0.020501
7 0.815168 0.142913 0.168184 0.017741
7 0.817587 0.166568 0.171884 0.016558
7 0.829539 0.663118 0.155948 0.018529
7 0.177647 0.515573 0.170319 0.015967
9 0.392573 0.631382 0.019067 0.024837
7 0.379269 0.163217 0.174587 0.020501
9 0.603870 0.295092 0.092487 0.022472
9 0.363048 0.826927 0.013802 0.024049
7 0.180492 0.419968 0.163773 0.021486
7 0.377490 0.425784 0.166477 0.013799
7 0.171172 0.561206 0.182413 0.021683
7 0.391577 0.330869 0.156232 0.016361
7 0.378415 0.256653 0.180563 0.018135
7 0.374146 0.541691 0.178856 0.018529
9 0.203116 0.675537 0.022055 0.028780
9 0.089215 0.576779 0.015936 0.028780
7 0.173805 0.348019 0.172595 0.010842
7 0.177718 0.799921 0.168469 0.021683
9 0.620874 0.633550 0.010672 0.022472
7 0.814599 0.427361 0.169892 0.017741
9 0.877775 0.326533 0.028173 0.026217
9 0.115538 0.152770 0.050655 0.024837
9 0.160572 0.698995 0.013233 0.024049
7 0.391648 0.450128 0.148691 0.010842
7 0.374146 0.807215 0.176295 0.020501
9 0.420248 0.298738 0.109419 0.027794
7 0.634960 0.164006 0.142715 0.018135
9 0.183836 0.749359 0.011098 0.027006
7 0.814314 0.544451 0.169892 0.016558
9 0.536853 0.354524 0.013090 0.023063
7 0.372937 0.565445 0.174730 0.017938
7 0.621656 0.424009 0.177860 0.016164
7 0.622652 0.302188 0.179283 0.012222
7 0.375925 0.853046 0.188958 0.017544
9 0.406375 0.325646 0.016505 0.031540
7 0.816093 0.257047 0.165481 0.018529
7 0.624502 0.613937 0.181559 0.020304
9 0.582171 0.702346 0.012664 0.023655
7 0.622083 0.659570 0.169607 0.020106
13 0.176366 0.487778 0.194792 0.765425
5 0.299232 0.330672 0.040979 0.048295
9 0.704610 0.563473 0.027319 0.030554
9 0.259178 0.391583 0.013802 0.025034
7 0.621016 0.209541 0.180279 0.017741
7 0.171457 0.630790 0.176153 0.024837
7 0.812251 0.568007 0.166050 0.016361
