5 0.223482 0.559573 0.066487 0.061150
5 0.213682 0.275176 0.079170 0.054356
7 0.515757 0.639408 0.673328 0.026207
7 0.569370 0.258796 0.643736 0.028391
7 0.518832 0.606892 0.657955 0.024751
7 0.560723 0.291191 0.624904 0.026693
7 0.528632 0.095972 0.692929 0.026935
9 0.198117 0.154695 0.048809 0.030818
7 0.571868 0.733924 0.617986 0.026450
7 0.512683 0.191337 0.658724 0.026450
5 0.442929 0.700679 0.033436 0.017229
8 0.496157 0.504853 0.960799 0.966028
7 0.532475 0.323344 0.712913 0.031303
7 0.571291 0.767047 0.624520 0.025237
7 0.568025 0.574254 0.607225 0.029362
7 0.372598 0.702499 0.366257 0.022325
9 0.215603 0.668163 0.046887 0.032274
7 0.524020 0.434118 0.523059 0.026207
7 0.413528 0.386921 0.465027 0.023053
9 0.209262 0.636011 0.051115 0.037370
7 0.413336 0.128731 0.460799 0.027906
9 0.528632 0.441398 0.530746 0.060665
7 0.539585 0.829653 0.710223 0.027663
7 0.545734 0.671196 0.707148 0.025722
9 0.554381 0.498180 0.157187 0.037370
9 0.203113 0.188182 0.054958 0.028391
7 0.536318 0.500364 0.145657 0.024751
7 0.511337 0.224703 0.124904 0.023781
7 0.565719 0.544285 0.634128 0.028634
7 0.534204 0.463844 0.308224 0.023053
7 0.536126 0.798107 0.704842 0.027178
7 0.538048 0.356224 0.720215 0.027178
13 0.537279 0.461902 0.764796 0.788401
5 0.466564 0.221427 0.039201 0.028391
5 0.224443 0.746906 0.082244 0.057753
7 0.449654 0.160277 0.553420 0.026935
