7 0.355529 0.682188 0.148420 0.027347
2 0.235657 0.463969 0.085504 0.531042
7 0.652993 0.659183 0.188747 0.028640
7 0.653132 0.429693 0.189024 0.027901
13 0.792059 0.726164 0.084119 0.029194
7 0.786516 0.753418 0.006790 0.027901
13 0.786793 0.754712 0.022034 0.024205
7 0.374446 0.649298 0.190410 0.027347
8 0.723323 0.496951 0.424473 0.842018
7 0.673088 0.231153 0.152993 0.028455
7 0.652023 0.625831 0.190410 0.029933
3 0.578991 0.243163 0.043514 0.055802
7 0.383869 0.482446 0.173226 0.029933
7 0.651469 0.690965 0.191242 0.027531
2 0.793999 0.475702 0.085504 0.537140
7 0.379989 0.319752 0.195399 0.026423
10 0.450319 0.682927 0.045039 0.019217
7 0.377979 0.351718 0.196646 0.027531
7 0.377079 0.383962 0.194568 0.026977
7 0.652508 0.495011 0.188609 0.030303
3 0.291921 0.482354 0.028963 0.036401
7 0.232816 0.716556 0.047118 0.028825
7 0.653271 0.593404 0.191796 0.028640
13 0.378187 0.465355 0.199557 0.526792
7 0.793514 0.728289 0.074557 0.031227
8 0.301206 0.490392 0.418653 0.846637
7 0.670940 0.263950 0.152855 0.028271
7 0.653478 0.396803 0.188331 0.028271
13 0.651538 0.474039 0.196924 0.537140
7 0.654102 0.560421 0.191519 0.028455
7 0.379642 0.285939 0.191103 0.027901
7 0.377910 0.583149 0.197062 0.026977
7 0.378811 0.219882 0.194152 0.026608
7 0.378950 0.614468 0.189717 0.028640
7 0.378880 0.254065 0.197616 0.027347
7 0.375831 0.450203 0.190965 0.027531
7 0.377494 0.548873 0.195676 0.027901
7 0.651608 0.724409 0.190687 0.026053
7 0.654102 0.330469 0.187639 0.030118
7 0.652924 0.527254 0.191657 0.029379
10 0.736280 0.723670 0.026608 0.019401
3 0.291089 0.615299 0.030626 0.034368
7 0.652023 0.462306 0.190687 0.027347
7 0.376732 0.515891 0.190826 0.026608
7 0.376871 0.418237 0.196924 0.027531
7 0.653963 0.297302 0.189024 0.028086
7 0.653825 0.363082 0.189302 0.028086
13 0.232192 0.714893 0.054462 0.029194
