7 0.306952 0.169918 0.251132 0.014136
7 0.276042 0.468617 0.191576 0.014419
7 0.306046 0.370229 0.250226 0.014419
7 0.307971 0.151682 0.255888 0.014984
3 0.199841 0.398360 0.042346 0.041278
2 0.314878 0.121289 0.285100 0.027707
10 0.392097 0.291490 0.086277 0.021487
13 0.305820 0.309726 0.264266 0.349166
7 0.303216 0.190133 0.243659 0.014419
7 0.307518 0.211479 0.249547 0.014702
7 0.306046 0.349873 0.253850 0.014984
10 0.361866 0.269013 0.153080 0.021770
2 0.316916 0.689002 0.281024 0.027707
7 0.327559 0.388889 0.213542 0.014419
2 0.448370 0.405146 0.015399 0.595420
7 0.309669 0.428895 0.256567 0.015267
7 0.302083 0.231128 0.248641 0.014984
7 0.275928 0.291490 0.182292 0.015267
7 0.307745 0.450523 0.255435 0.015550
10 0.398777 0.466921 0.079257 0.015550
3 0.193161 0.305768 0.032156 0.026293
7 0.303216 0.250777 0.245471 0.011874
7 0.308311 0.330930 0.253850 0.013854
7 0.328918 0.409669 0.216259 0.014136
7 0.312726 0.311563 0.240942 0.016398
1 0.120131 0.406135 0.104393 0.600792
7 0.246037 0.268589 0.137002 0.016398
