3 0.305363 0.558574 0.025915 0.029194
3 0.578021 0.353751 0.026330 0.026792
7 0.375208 0.419623 0.166159 0.025129
3 0.539634 0.582317 0.039080 0.054139
7 0.379642 0.275314 0.166713 0.032520
3 0.440826 0.300628 0.026608 0.031412
7 0.363706 0.712860 0.038941 0.017369
7 0.373822 0.347284 0.158952 0.027901
7 0.597630 0.449926 0.160061 0.018847
3 0.552591 0.255451 0.030349 0.036401
8 0.315687 0.476903 0.329268 0.742055
7 0.595274 0.307742 0.157567 0.021988
7 0.370496 0.585366 0.169207 0.021434
7 0.391630 0.394863 0.135532 0.025499
9 0.633800 0.253141 0.018431 0.025499
9 0.640868 0.350425 0.096037 0.031227
7 0.599363 0.399298 0.167406 0.027347
3 0.307927 0.387749 0.031874 0.033075
3 0.443944 0.253049 0.020926 0.041574
7 0.377287 0.298965 0.167267 0.036585
7 0.376386 0.322154 0.165743 0.030857
7 0.373060 0.463415 0.167129 0.031412
9 0.604629 0.531135 0.178492 0.045639
7 0.601788 0.282151 0.171147 0.030673
7 0.603312 0.328529 0.172810 0.025499
7 0.374792 0.370011 0.160892 0.027901
7 0.599709 0.255266 0.167544 0.035292
13 0.365715 0.462953 0.220344 0.540096
9 0.625000 0.326497 0.022450 0.025499
7 0.600540 0.470898 0.165327 0.020880
7 0.580516 0.547857 0.125000 0.016630
7 0.598185 0.425074 0.164218 0.016814
8 0.646965 0.495843 0.327190 0.724871
7 0.389066 0.562823 0.137888 0.022173
7 0.619041 0.591094 0.115299 0.023282
7 0.618625 0.496120 0.142184 0.019217
13 0.599917 0.443829 0.220898 0.543607
9 0.521203 0.329823 0.014967 0.029933
7 0.602065 0.353751 0.170593 0.028271
3 0.390105 0.465355 0.034368 0.030118
7 0.372644 0.490115 0.163803 0.024945
7 0.602481 0.521896 0.166159 0.017923
3 0.532913 0.498245 0.026746 0.029010
7 0.598392 0.377772 0.164357 0.022727
7 0.370358 0.538248 0.165327 0.025499
9 0.666366 0.493348 0.050028 0.025499
7 0.368625 0.515429 0.160477 0.024575
7 0.372228 0.442258 0.166574 0.026792
7 0.620912 0.568921 0.117655 0.023282
7 0.380266 0.251109 0.166851 0.035846
9 0.599640 0.423873 0.170177 0.113452
