7 0.356065 0.457923 0.147475 0.022578
7 0.673337 0.252566 0.193966 0.024836
7 0.674184 0.453612 0.191656 0.024631
10 0.734760 0.475062 0.064039 0.017447
7 0.607913 0.565784 0.058498 0.019499
7 0.336823 0.625821 0.205973 0.026273
7 0.672799 0.422414 0.192888 0.026273
7 0.616764 0.282635 0.080819 0.022167
7 0.697044 0.593801 0.147475 0.024220
7 0.363147 0.287869 0.155480 0.023604
3 0.257543 0.282225 0.053571 0.031609
7 0.289486 0.535406 0.105142 0.024836
3 0.598830 0.594520 0.044951 0.035099
10 0.412331 0.258415 0.059267 0.025862
7 0.696429 0.508518 0.141626 0.024425
10 0.389163 0.536433 0.087438 0.024015
8 0.730065 0.507697 0.446890 0.877463
10 0.715902 0.277709 0.101755 0.020115
3 0.257697 0.452689 0.045259 0.030172
7 0.342288 0.315476 0.207358 0.026273
10 0.708359 0.560550 0.131927 0.017652
7 0.689039 0.310447 0.134544 0.024425
13 0.665871 0.436371 0.217826 0.412972
3 0.596444 0.511186 0.054649 0.032635
2 0.831897 0.429803 0.107451 0.409688
7 0.637315 0.481117 0.117303 0.019704
7 0.317580 0.369869 0.163793 0.023810
3 0.254926 0.562192 0.043411 0.027504
7 0.333744 0.428366 0.194273 0.025041
7 0.332897 0.483067 0.189193 0.025246
7 0.358528 0.400246 0.149938 0.025452
2 0.171875 0.433498 0.107605 0.407225
7 0.693812 0.395525 0.146552 0.025862
3 0.257389 0.394807 0.046182 0.037151
13 0.339286 0.438321 0.217672 0.412767
8 0.272783 0.506466 0.448892 0.879926
3 0.596136 0.311782 0.046952 0.032841
10 0.418334 0.371100 0.035868 0.018473
7 0.334360 0.509031 0.197968 0.020525
7 0.335976 0.593493 0.201509 0.027299
7 0.675108 0.625308 0.191656 0.023604
7 0.341056 0.341646 0.207974 0.024425
7 0.675108 0.537664 0.192272 0.024425
7 0.354680 0.564963 0.151478 0.029351
7 0.675877 0.368021 0.194735 0.017652
3 0.596136 0.395833 0.039563 0.035099
7 0.668488 0.338362 0.181496 0.026888
7 0.307882 0.257902 0.144397 0.026067
