7 0.652993 0.339339 0.199557 0.020880
7 0.368279 0.694013 0.203575 0.014043
3 0.663733 0.408352 0.032289 0.021434
7 0.373961 0.180987 0.207178 0.016075
3 0.566103 0.297210 0.041020 0.036031
7 0.653132 0.199834 0.212583 0.020880
7 0.660546 0.753326 0.206901 0.018847
3 0.439856 0.582687 0.029933 0.023097
7 0.371397 0.638119 0.214800 0.014967
3 0.706693 0.457871 0.031735 0.020695
3 0.404379 0.691796 0.029933 0.020695
2 0.355183 0.136641 0.300166 0.062639
8 0.680086 0.508130 0.324972 0.828529
9 0.474085 0.551737 0.013858 0.025868
3 0.639551 0.249261 0.031042 0.021434
7 0.674751 0.569937 0.167683 0.017923
3 0.560906 0.588599 0.022312 0.019401
7 0.655349 0.677199 0.197616 0.017738
3 0.625485 0.354860 0.030626 0.022358
3 0.686738 0.691704 0.031735 0.021249
9 0.626802 0.267461 0.022173 0.019771
7 0.368210 0.656227 0.211475 0.014228
7 0.407774 0.586936 0.135394 0.014597
7 0.659922 0.659553 0.205654 0.017554
9 0.580723 0.513766 0.015382 0.023836
7 0.651192 0.410661 0.197062 0.020880
7 0.665466 0.730783 0.186807 0.019217
7 0.655834 0.496120 0.204130 0.019956
9 0.731846 0.283259 0.055987 0.025129
7 0.369595 0.673780 0.213969 0.015336
3 0.670108 0.318736 0.032289 0.019217
7 0.358232 0.219143 0.174335 0.012565
9 0.746951 0.528640 0.025776 0.024390
9 0.400707 0.550721 0.023697 0.017184
7 0.656874 0.462306 0.209534 0.020695
7 0.656735 0.604582 0.204545 0.018108
3 0.634770 0.603381 0.027855 0.021988
7 0.649460 0.232169 0.201081 0.020880
7 0.664288 0.390613 0.193875 0.020325
3 0.568528 0.562361 0.038664 0.033075
7 0.674058 0.284553 0.166851 0.018477
3 0.566588 0.731430 0.024806 0.021249
7 0.676483 0.302846 0.170870 0.018847
7 0.658121 0.641353 0.204268 0.018108
7 0.653478 0.373614 0.203853 0.021064
3 0.695953 0.747506 0.031042 0.022727
7 0.406874 0.620750 0.139967 0.014597
3 0.623337 0.638858 0.029102 0.020140
7 0.651330 0.428307 0.200111 0.021434
7 0.405211 0.603936 0.137749 0.013489
7 0.655072 0.267738 0.212306 0.019956
9 0.321300 0.547764 0.131236 0.021619
7 0.673365 0.549889 0.166851 0.019217
10 0.464246 0.218404 0.032982 0.014782
13 0.373961 0.465170 0.216879 0.604398
3 0.562361 0.394401 0.027716 0.023097
2 0.791366 0.461197 0.063054 0.596452
7 0.653201 0.320214 0.201358 0.020325
7 0.655904 0.623337 0.202051 0.017554
7 0.653686 0.445492 0.202605 0.021434
3 0.315618 0.638119 0.029795 0.021988
7 0.653132 0.532058 0.203160 0.021249
0 0.372713 0.383869 0.209950 0.315780
7 0.409437 0.567812 0.136779 0.012934
7 0.373753 0.202698 0.206486 0.013673
3 0.276815 0.671563 0.029518 0.024205
7 0.657913 0.513950 0.208287 0.019401
3 0.583634 0.216925 0.032289 0.021434
7 0.656596 0.589339 0.203160 0.016814
2 0.490022 0.438747 0.026330 0.646896
7 0.368556 0.750185 0.208564 0.015521
7 0.368279 0.712121 0.203853 0.014412
9 0.625069 0.533814 0.016768 0.021803
7 0.654448 0.355691 0.203021 0.020695
7 0.653963 0.250000 0.208703 0.021803
7 0.655072 0.479582 0.205100 0.020510
13 0.654171 0.466925 0.221037 0.601256
2 0.232262 0.434220 0.061807 0.657797
8 0.350818 0.507299 0.328575 0.833518
3 0.299543 0.590724 0.070538 0.075018
7 0.655211 0.715078 0.197339 0.017369
7 0.367378 0.731800 0.203714 0.014228
7 0.659784 0.696693 0.206486 0.018293
7 0.651400 0.214246 0.206070 0.019771
7 0.652162 0.182557 0.210089 0.021803
7 0.371743 0.549242 0.214108 0.013858
3 0.634701 0.180063 0.034091 0.024575
3 0.733370 0.653271 0.028548 0.021988
3 0.394817 0.729120 0.030765 0.022542
9 0.652578 0.283629 0.021341 0.023282
1 0.350818 0.821231 0.301414 0.116962
