13 0.722963 0.456939 0.430428 0.450296
8 0.645642 0.498913 0.631061 0.696340
3 0.585652 0.278838 0.050492 0.024520
7 0.714464 0.492270 0.391768 0.022346
3 0.842193 0.473548 0.051658 0.023070
7 0.713298 0.470528 0.391768 0.024520
7 0.710882 0.640778 0.393601 0.023916
7 0.726296 0.385554 0.405766 0.020292
7 0.704216 0.577485 0.384269 0.024882
3 0.589485 0.552845 0.054491 0.025124
7 0.706382 0.618613 0.389268 0.023312
3 0.783703 0.325462 0.055324 0.026452
7 0.716214 0.427346 0.396267 0.025607
3 0.540243 0.401075 0.060323 0.028143
3 0.781536 0.647059 0.055991 0.035995
7 0.717464 0.346660 0.389435 0.024399
7 0.704883 0.512743 0.375937 0.026815
7 0.741543 0.407416 0.341610 0.021017
7 0.702883 0.597778 0.377937 0.022225
7 0.727545 0.304203 0.404933 0.022346
7 0.709798 0.450175 0.387769 0.024158
7 0.708465 0.534787 0.387435 0.026452
7 0.716131 0.281314 0.381436 0.028506
7 0.721046 0.325764 0.401933 0.019568
7 0.711465 0.556710 0.397767 0.025124
7 0.724463 0.259512 0.404099 0.032009
7 0.710798 0.365080 0.376771 0.017756
