9 0.563931 0.156066 0.517176 0.036066
7 0.578006 0.498525 0.531966 0.027869
7 0.761689 0.297377 0.172233 0.024262
7 0.755964 0.363934 0.157920 0.023607
7 0.743321 0.399508 0.168893 0.023279
7 0.569418 0.666230 0.527195 0.024918
7 0.626431 0.631639 0.427481 0.022623
7 0.581107 0.733279 0.549618 0.026557
7 0.572996 0.700000 0.522901 0.026230
7 0.777433 0.198361 0.094943 0.020984
8 0.499761 0.498197 0.951813 0.966885
7 0.578006 0.465738 0.538645 0.027213
2 0.510735 0.111311 0.663645 0.069836
9 0.690363 0.489836 0.050573 0.038689
7 0.557013 0.165246 0.524332 0.011803
7 0.583969 0.530820 0.541031 0.029508
7 0.762882 0.264262 0.181298 0.023607
2 0.237118 0.494098 0.135496 0.841967
9 0.804866 0.553443 0.099237 0.040000
2 0.508349 0.829344 0.682729 0.171475
7 0.574905 0.565082 0.521947 0.029180
7 0.768607 0.330984 0.174618 0.024590
7 0.625477 0.605902 0.459924 0.051148
0 0.481632 0.290984 0.372615 0.236393
13 0.571088 0.446557 0.571565 0.603934
7 0.786498 0.229836 0.084447 0.022295
3 0.704437 0.207049 0.092080 0.054754
3 0.349714 0.608689 0.113550 0.066557
7 0.572758 0.430820 0.525286 0.026885
