7 0.340979 0.284893 0.205665 0.018062
3 0.254464 0.387110 0.041872 0.027915
7 0.355603 0.256055 0.152401 0.020320
3 0.560499 0.358682 0.041872 0.035920
7 0.355065 0.386494 0.154095 0.019294
3 0.559652 0.589901 0.051262 0.032430
3 0.255234 0.201457 0.043411 0.031814
13 0.339748 0.405993 0.218596 0.449097
7 0.294104 0.436884 0.111915 0.018678
7 0.642087 0.385365 0.197352 0.023604
7 0.642934 0.195197 0.197506 0.030378
7 0.328664 0.230911 0.179803 0.019704
7 0.652863 0.132081 0.060961 0.020320
3 0.562038 0.511905 0.043411 0.029967
2 0.180342 0.397167 0.103294 0.419130
10 0.666025 0.560755 0.134083 0.017652
3 0.256081 0.538075 0.040486 0.031814
7 0.357066 0.335591 0.156866 0.016420
10 0.407097 0.359195 0.050954 0.016010
10 0.669566 0.434524 0.130080 0.017652
7 0.571429 0.436268 0.056650 0.019499
7 0.642934 0.485530 0.193812 0.018268
3 0.254464 0.336617 0.044951 0.034893
7 0.360607 0.203510 0.159945 0.018678
10 0.392241 0.309113 0.068966 0.015599
10 0.413485 0.512110 0.032020 0.014368
7 0.362531 0.461104 0.169335 0.019499
10 0.394397 0.436063 0.073276 0.017857
2 0.791872 0.391112 0.098830 0.427135
7 0.333436 0.411125 0.189347 0.018883
13 0.636776 0.362685 0.217211 0.516010
7 0.661176 0.355603 0.153017 0.024015
7 0.371228 0.563732 0.137469 0.018678
3 0.559113 0.283354 0.043411 0.024015
3 0.255927 0.258005 0.044797 0.029967
7 0.663331 0.459770 0.154865 0.021757
7 0.642395 0.536125 0.193042 0.018883
7 0.374615 0.590312 0.143319 0.019704
7 0.666564 0.509339 0.158251 0.020320
7 0.310037 0.361043 0.139470 0.017652
8 0.703510 0.488916 0.416256 0.870279
7 0.660945 0.277094 0.153479 0.022578
7 0.613762 0.253900 0.144397 0.021346
7 0.296105 0.305624 0.114070 0.019294
3 0.257158 0.462644 0.035868 0.027915
3 0.561268 0.227422 0.041872 0.032020
7 0.641164 0.408867 0.198276 0.020936
8 0.276093 0.493842 0.417642 0.868227
7 0.578587 0.330152 0.068812 0.020731
7 0.354141 0.537459 0.151632 0.023604
7 0.338131 0.486351 0.198738 0.019089
7 0.564578 0.564347 0.042334 0.012521
7 0.642087 0.303571 0.198584 0.023810
7 0.661715 0.226601 0.155018 0.023399
7 0.317657 0.511700 0.154403 0.018062
10 0.713208 0.252463 0.043411 0.013957
3 0.561653 0.461617 0.044797 0.029967
3 0.270089 0.580768 0.061422 0.047824
7 0.664871 0.588875 0.157635 0.019704
10 0.678264 0.330460 0.114224 0.018883
