3 0.320890 0.338875 0.020166 0.021757
7 0.172799 0.547722 0.071583 0.013752
7 0.355373 0.447352 0.195659 0.016215
7 0.172260 0.280788 0.074815 0.016420
7 0.335206 0.151580 0.234452 0.020731
8 0.283790 0.493021 0.399169 0.876437
7 0.167257 0.582512 0.071890 0.013957
3 0.227525 0.404762 0.020320 0.024220
7 0.401786 0.195094 0.104372 0.018678
7 0.332358 0.534175 0.229680 0.010878
7 0.381927 0.258005 0.140086 0.016831
7 0.355065 0.425698 0.193504 0.016420
7 0.685884 0.796388 0.219058 0.025862
7 0.381619 0.279351 0.138547 0.017241
3 0.710976 0.774938 0.016472 0.023604
7 0.382697 0.236761 0.139470 0.016626
7 0.382774 0.300800 0.140856 0.017036
7 0.392626 0.342878 0.120228 0.012110
3 0.227909 0.382697 0.021398 0.021962
9 0.420643 0.528941 0.053110 0.029146
7 0.172106 0.314963 0.077586 0.014984
8 0.687808 0.503489 0.416256 0.877668
7 0.335591 0.513034 0.233990 0.017857
3 0.321429 0.361556 0.022167 0.020731
7 0.172953 0.297824 0.078972 0.016420
9 0.401324 0.168719 0.058190 0.027915
3 0.407789 0.147989 0.025862 0.023399
7 0.346367 0.406609 0.212746 0.016420
2 0.468211 0.432369 0.026324 0.734195
3 0.360837 0.168103 0.018165 0.019704
0 0.264547 0.272886 0.090979 0.186576
9 0.441425 0.487274 0.019858 0.020936
3 0.263008 0.615866 0.021090 0.026888
7 0.335822 0.491585 0.234760 0.017241
1 0.330819 0.738608 0.236453 0.121716
3 0.676801 0.792590 0.018319 0.027709
2 0.334744 0.087849 0.231373 0.049261
7 0.334975 0.468904 0.236453 0.017447
3 0.230142 0.124589 0.021244 0.023399
0 0.699046 0.407430 0.314347 0.667898
10 0.414409 0.612787 0.081281 0.015805
3 0.237377 0.436576 0.040025 0.041872
3 0.401016 0.318247 0.020936 0.023194
7 0.325123 0.172414 0.213362 0.013136
9 0.321121 0.399836 0.024938 0.026273
13 0.666564 0.771449 0.264778 0.085181
3 0.226370 0.552853 0.018011 0.022783
13 0.170643 0.562808 0.080819 0.059934
7 0.401555 0.216133 0.103294 0.012315
1 0.172106 0.164614 0.083744 0.205665
9 0.450200 0.300595 0.014624 0.027709
3 0.436422 0.126642 0.020320 0.022578
1 0.170567 0.698481 0.083744 0.211412
9 0.324969 0.613608 0.098214 0.038793
9 0.423183 0.510160 0.018781 0.027709
7 0.687962 0.753079 0.217672 0.022167
9 0.428879 0.401888 0.048953 0.025041
7 0.348445 0.128900 0.211977 0.014778
3 0.383929 0.528736 0.016933 0.025452
9 0.227448 0.165948 0.025092 0.024836
13 0.173568 0.295361 0.083898 0.055829
7 0.382697 0.320094 0.139470 0.017447
3 0.362069 0.377874 0.022167 0.025452
3 0.556188 0.765497 0.041872 0.074097
1 0.524554 0.436474 0.037100 0.721880
3 0.328818 0.198481 0.033867 0.043924
7 0.686499 0.774631 0.217211 0.023399
13 0.334437 0.394602 0.242149 0.564245
7 0.325046 0.619048 0.096213 0.017241
7 0.393627 0.362172 0.120074 0.017036
7 0.345597 0.385263 0.211515 0.017241
7 0.341672 0.554803 0.208898 0.010263
3 0.779018 0.754721 0.021706 0.026683
10 0.442426 0.167282 0.018473 0.008621
1 0.173568 0.428058 0.083898 0.205460
7 0.170490 0.564758 0.076509 0.013342
2 0.828510 0.777915 0.057882 0.075534
