2 0.250000 0.789931 0.328909 0.166830
1 0.576327 0.789441 0.315634 0.158011
0 0.544063 0.327903 0.490782 0.458844
2 0.820059 0.790666 0.186578 0.160461
7 0.676991 0.683366 0.267699 0.022293
2 0.847529 0.478442 0.127212 0.777560
7 0.678650 0.651519 0.252581 0.023763
3 0.415560 0.633880 0.249263 0.137923
3 0.655236 0.644047 0.081858 0.041646
2 0.181600 0.477707 0.188422 0.791279
7 0.672382 0.586355 0.259218 0.022293
13 0.552544 0.636453 0.519543 0.145517
8 0.498341 0.493631 0.883112 0.906418
7 0.666482 0.620284 0.237094 0.023518
