3 0.198829 0.561611 0.068737 0.034016
10 0.434827 0.179104 0.370672 0.019438
3 0.194246 0.473447 0.077902 0.029157
3 0.205703 0.293822 0.087576 0.032280
3 0.198320 0.383200 0.084012 0.033322
7 0.414969 0.563867 0.353360 0.021867
13 0.391293 0.396737 0.455703 0.481083
10 0.568992 0.536619 0.106415 0.019438
7 0.389511 0.505033 0.453157 0.022215
7 0.427953 0.446720 0.367108 0.022215
8 0.505346 0.497397 0.944501 0.962860
7 0.430244 0.386324 0.363544 0.020826
3 0.195265 0.439951 0.079939 0.031586
10 0.514257 0.417563 0.206721 0.014578
7 0.437373 0.296425 0.377800 0.022909
7 0.284878 0.415307 0.252037 0.022562
7 0.383147 0.591114 0.464868 0.024991
7 0.387220 0.325755 0.442464 0.021173
7 0.333758 0.533495 0.347760 0.022909
7 0.224542 0.355085 0.121181 0.020826
7 0.429481 0.475703 0.385438 0.023256
3 0.205957 0.204790 0.097251 0.029157
10 0.553462 0.266227 0.137475 0.019438
7 0.204175 0.176328 0.094705 0.022215
10 0.459776 0.355259 0.329939 0.022562
7 0.386711 0.233947 0.458758 0.022215
7 0.439664 0.206178 0.368126 0.023603
7 0.322047 0.265533 0.313136 0.022215
7 0.427444 0.624089 0.386456 0.025686
3 0.194756 0.620791 0.080957 0.035751
