7 0.197891 0.422927 0.106989 0.011289
7 0.772321 0.373255 0.128695 0.021141
7 0.774323 0.416872 0.133313 0.016010
9 0.628310 0.286022 0.054649 0.024015
7 0.373615 0.531814 0.078818 0.011084
3 0.152478 0.575123 0.019858 0.024631
7 0.223060 0.688834 0.084052 0.010673
3 0.568735 0.318658 0.038023 0.042898
3 0.565117 0.523502 0.019704 0.017857
7 0.355296 0.642036 0.111145 0.017241
7 0.361299 0.225062 0.127771 0.018678
13 0.204972 0.455973 0.134698 0.636905
7 0.359529 0.600369 0.123922 0.016420
7 0.357682 0.401786 0.122691 0.016215
7 0.355911 0.269294 0.120690 0.016420
2 0.732759 0.833333 0.364224 0.135468
7 0.195120 0.534278 0.108528 0.017241
7 0.617072 0.485940 0.124230 0.017857
7 0.616456 0.615456 0.119920 0.017857
3 0.571198 0.578612 0.030634 0.045567
3 0.564809 0.545053 0.019089 0.019910
3 0.158559 0.695608 0.041256 0.046798
9 0.305881 0.374282 0.020936 0.033456
10 0.260776 0.420772 0.012623 0.011494
7 0.201893 0.663793 0.118073 0.018883
7 0.377848 0.686166 0.089132 0.013136
13 0.361068 0.456691 0.139317 0.632594
7 0.204587 0.314963 0.126847 0.016626
7 0.767626 0.309011 0.120844 0.019089
7 0.616995 0.746613 0.118227 0.016626
3 0.150708 0.442323 0.017857 0.025041
7 0.619227 0.268370 0.131312 0.018268
9 0.366764 0.396552 0.020782 0.028736
7 0.362993 0.730398 0.125924 0.012521
7 0.201047 0.267857 0.118842 0.016831
7 0.769474 0.199507 0.127001 0.018062
7 0.204357 0.466851 0.124538 0.016215
7 0.615225 0.186679 0.125154 0.017447
7 0.774323 0.181856 0.088978 0.015189
7 0.198507 0.402812 0.117457 0.016626
7 0.620844 0.721983 0.125000 0.016626
2 0.247229 0.113506 0.358990 0.053366
3 0.725908 0.230501 0.041102 0.043514
7 0.790563 0.218904 0.086669 0.019089
7 0.372229 0.664614 0.076355 0.010673
7 0.215209 0.512828 0.108682 0.016626
7 0.360914 0.467570 0.127617 0.018062
7 0.380080 0.511186 0.092672 0.010878
7 0.206512 0.643883 0.128233 0.015599
7 0.359298 0.754208 0.118534 0.017036
7 0.628079 0.526888 0.101293 0.016420
7 0.619304 0.463259 0.129002 0.020115
7 0.633621 0.593493 0.089901 0.012931
7 0.209821 0.228756 0.096983 0.012110
7 0.615917 0.680419 0.115456 0.016831
7 0.615994 0.701560 0.116225 0.015189
7 0.214132 0.291154 0.101601 0.010878
2 0.727063 0.110940 0.355911 0.063424
7 0.203664 0.487993 0.120998 0.016626
2 0.873999 0.489532 0.082666 0.819376
7 0.611607 0.205665 0.117303 0.017652
7 0.222291 0.710078 0.084667 0.011289
7 0.609760 0.376232 0.110530 0.018473
7 0.620151 0.659072 0.126078 0.017241
7 0.619304 0.637213 0.128079 0.017447
7 0.199200 0.188218 0.116995 0.015599
7 0.358990 0.423645 0.126847 0.017241
7 0.786330 0.241071 0.077586 0.011700
7 0.616225 0.165640 0.128387 0.019704
7 0.771475 0.391112 0.125770 0.019910
7 0.778017 0.457718 0.094828 0.013136
3 0.151016 0.507492 0.020320 0.024425
10 0.241841 0.553674 0.053571 0.012521
7 0.616687 0.354167 0.127463 0.019499
7 0.612454 0.398091 0.116533 0.019089
9 0.362146 0.181342 0.018319 0.027709
7 0.355757 0.165948 0.116995 0.016215
7 0.359606 0.249589 0.126232 0.015189
7 0.353294 0.313116 0.114532 0.015805
3 0.151401 0.288075 0.020166 0.024425
7 0.360991 0.357451 0.130542 0.017857
7 0.205280 0.601088 0.121151 0.015394
8 0.719982 0.511802 0.451970 0.892241
7 0.364147 0.554700 0.120844 0.016215
2 0.100831 0.498153 0.071736 0.823892
7 0.217134 0.578818 0.106373 0.011494
7 0.618688 0.506363 0.128695 0.016010
2 0.693889 0.453407 0.015856 0.625616
7 0.632543 0.310858 0.086823 0.012110
7 0.618304 0.225575 0.130080 0.020115
7 0.205588 0.208539 0.125770 0.018062
7 0.361607 0.709667 0.124692 0.013752
8 0.257466 0.510878 0.461053 0.894089
9 0.618611 0.503387 0.127617 0.024425
7 0.603679 0.290230 0.103294 0.012726
3 0.722522 0.499282 0.018011 0.019910
7 0.614224 0.419951 0.122845 0.017241
7 0.356065 0.621100 0.114840 0.011494
9 0.405172 0.223112 0.045874 0.026683
9 0.769474 0.196018 0.126693 0.025041
7 0.360607 0.577484 0.122999 0.017036
3 0.718057 0.180419 0.021398 0.018883
9 0.237839 0.659585 0.057266 0.027709
7 0.774554 0.161227 0.098368 0.013342
7 0.212208 0.380131 0.101139 0.018062
7 0.188347 0.357964 0.092211 0.012726
10 0.821583 0.499897 0.025246 0.010468
7 0.360376 0.290025 0.129310 0.016831
13 0.771860 0.451457 0.140702 0.622126
7 0.628541 0.332307 0.076355 0.012726
3 0.312038 0.516626 0.041564 0.046798
9 0.153479 0.593801 0.024015 0.029146
9 0.746305 0.433292 0.016626 0.022989
7 0.202124 0.336515 0.123153 0.018268
3 0.315040 0.671490 0.034945 0.046593
7 0.773707 0.350780 0.135468 0.020115
7 0.617303 0.441708 0.125616 0.020525
2 0.244304 0.842467 0.359298 0.137315
3 0.715209 0.160509 0.015702 0.018883
7 0.767549 0.329228 0.119458 0.018062
7 0.177956 0.554392 0.069273 0.016831
7 0.773476 0.434524 0.126385 0.016420
7 0.630311 0.548337 0.106373 0.017447
7 0.612608 0.247947 0.122691 0.018883
7 0.769781 0.501847 0.072506 0.014778
7 0.788254 0.264368 0.082050 0.017241
10 0.251616 0.354475 0.027555 0.009442
7 0.636161 0.571531 0.095597 0.018268
7 0.205588 0.250924 0.127617 0.016626
3 0.151940 0.376950 0.019089 0.023194
2 0.281712 0.457410 0.021244 0.636905
7 0.788639 0.285201 0.082512 0.012521
3 0.718596 0.456178 0.021244 0.021962
7 0.362069 0.380029 0.133313 0.016626
7 0.206512 0.756773 0.128541 0.016831
7 0.208744 0.446736 0.094520 0.011289
3 0.726216 0.274015 0.040486 0.043514
7 0.204741 0.166667 0.128387 0.015599
7 0.365071 0.488814 0.128541 0.017447
9 0.824892 0.432882 0.025708 0.025862
3 0.150015 0.225883 0.018319 0.021962
7 0.203587 0.734606 0.124230 0.016010
7 0.204357 0.622640 0.123922 0.016215
13 0.618073 0.454023 0.137931 0.623974
10 0.667719 0.286741 0.014932 0.012726
7 0.363993 0.445505 0.132235 0.017447
9 0.771860 0.498666 0.076047 0.038793
7 0.361222 0.335386 0.130080 0.018473
7 0.355065 0.186782 0.115917 0.015599
7 0.355603 0.207102 0.120382 0.016420
