7 0.710510 0.253006 0.213223 0.020387
7 0.335209 0.641140 0.198151 0.020387
2 0.119574 0.416100 0.092444 0.511239
7 0.667002 0.495295 0.206994 0.021432
7 0.299337 0.473079 0.260249 0.021955
7 0.298834 0.398589 0.258842 0.022478
13 0.685993 0.433481 0.304461 0.575274
7 0.692826 0.643884 0.260651 0.023262
8 0.263867 0.500784 0.457395 0.910089
7 0.696041 0.597622 0.265876 0.022216
10 0.799136 0.494119 0.054059 0.015944
7 0.692725 0.424334 0.260048 0.023785
9 0.173633 0.320962 0.023312 0.026137
3 0.219755 0.635781 0.026728 0.024830
7 0.716137 0.277182 0.223272 0.019603
7 0.308280 0.183351 0.269293 0.021694
7 0.205486 0.665578 0.081391 0.016466
7 0.297930 0.544694 0.261455 0.021955
10 0.339027 0.667930 0.182476 0.021694
7 0.706592 0.396890 0.231913 0.022739
13 0.308883 0.421720 0.303457 0.535024
3 0.184285 0.623758 0.040595 0.047308
9 0.738445 0.493335 0.064510 0.024307
9 0.676849 0.470335 0.022910 0.025353
7 0.692122 0.227784 0.266881 0.022216
7 0.302552 0.447465 0.265072 0.023001
7 0.694735 0.570700 0.267283 0.024830
3 0.579783 0.261631 0.042203 0.047569
7 0.296423 0.569394 0.258842 0.021171
7 0.289691 0.592917 0.249397 0.023262
2 0.875301 0.419629 0.090233 0.517250
7 0.320237 0.617355 0.225281 0.022478
7 0.302351 0.208312 0.260249 0.020387
10 0.797528 0.371406 0.053256 0.016205
7 0.318227 0.255227 0.238947 0.020648
7 0.326768 0.377026 0.227894 0.020125
7 0.694735 0.326059 0.270096 0.020648
7 0.719956 0.522086 0.221664 0.021694
7 0.692926 0.474255 0.258842 0.022216
7 0.301246 0.280188 0.260048 0.020387
7 0.694333 0.350366 0.266881 0.021694
9 0.659164 0.444198 0.019293 0.023262
7 0.323453 0.351803 0.220056 0.021955
8 0.735832 0.496994 0.449558 0.906168
9 0.412178 0.326973 0.031752 0.027182
7 0.302351 0.229613 0.260651 0.020648
3 0.584104 0.531887 0.044011 0.051228
9 0.216137 0.297700 0.018288 0.033455
3 0.571443 0.201385 0.029140 0.023262
7 0.297126 0.521432 0.265876 0.022478
7 0.299337 0.496341 0.264268 0.023001
7 0.687902 0.300836 0.255225 0.023001
3 0.570840 0.176294 0.026326 0.023262
3 0.184787 0.248040 0.026728 0.026137
9 0.716640 0.370361 0.108119 0.025091
7 0.700161 0.672765 0.271704 0.024569
7 0.702673 0.178254 0.233320 0.023001
3 0.574658 0.395714 0.029944 0.025614
7 0.696744 0.621145 0.263666 0.022216
7 0.304260 0.423811 0.272910 0.022739
3 0.190615 0.356247 0.042002 0.048615
7 0.663987 0.371798 0.211415 0.020648
7 0.719855 0.543910 0.223071 0.022478
7 0.705687 0.204130 0.236535 0.020387
7 0.303055 0.304234 0.266881 0.020387
7 0.300342 0.325405 0.261455 0.022478
9 0.359626 0.592786 0.096664 0.031364
7 0.691419 0.449556 0.258641 0.025091
