7 0.644956 0.401608 0.196785 0.017923
3 0.267461 0.679786 0.025222 0.020325
7 0.645579 0.591648 0.192489 0.019217
3 0.656804 0.443551 0.028963 0.026792
3 0.681818 0.352458 0.024113 0.024575
7 0.366616 0.639412 0.178076 0.019032
3 0.276746 0.599871 0.041851 0.041574
7 0.357677 0.470159 0.196785 0.020880
7 0.361488 0.183481 0.198864 0.024021
7 0.642946 0.639320 0.188331 0.021803
7 0.646064 0.568182 0.193459 0.019217
7 0.357747 0.256005 0.195815 0.023097
3 0.391699 0.441149 0.020649 0.025684
7 0.641976 0.686068 0.190826 0.020695
3 0.267392 0.300351 0.024529 0.025684
13 0.356777 0.429047 0.208564 0.543976
7 0.359548 0.351626 0.198309 0.021434
7 0.354629 0.566334 0.190687 0.018847
3 0.613013 0.564763 0.024806 0.029010
7 0.655349 0.496582 0.177384 0.017184
7 0.356984 0.208333 0.197616 0.023466
7 0.356707 0.663064 0.193182 0.018662
7 0.644055 0.285200 0.196369 0.019401
8 0.299127 0.498152 0.406735 0.899852
3 0.556680 0.207132 0.023282 0.023651
7 0.356984 0.398466 0.190965 0.019401
3 0.396757 0.371674 0.025222 0.023097
7 0.644263 0.378973 0.198448 0.018108
3 0.556264 0.491316 0.025776 0.023651
7 0.355391 0.446138 0.189717 0.019032
3 0.265452 0.633962 0.020649 0.021434
7 0.643847 0.309035 0.190410 0.018293
7 0.356846 0.494457 0.197894 0.019586
7 0.354351 0.518755 0.193459 0.018293
7 0.359479 0.542221 0.201220 0.017554
7 0.642877 0.424982 0.195399 0.017369
7 0.643847 0.543422 0.191796 0.018847
7 0.642461 0.355044 0.187084 0.017554
3 0.618625 0.683851 0.024945 0.024760
13 0.641145 0.431633 0.207178 0.538803
8 0.699141 0.498060 0.394401 0.898928
7 0.654241 0.213599 0.174335 0.018477
9 0.300028 0.564671 0.023559 0.029564
7 0.641145 0.189302 0.189440 0.019401
7 0.645302 0.331948 0.193320 0.018293
3 0.654033 0.260163 0.029795 0.033259
3 0.358162 0.513396 0.022589 0.023097
3 0.608162 0.304786 0.023420 0.027901
7 0.366547 0.304508 0.186807 0.021434
7 0.359964 0.281319 0.199141 0.021619
7 0.359895 0.422672 0.196785 0.019401
3 0.618279 0.634516 0.027300 0.022542
7 0.641214 0.662694 0.186530 0.020140
7 0.643639 0.473577 0.196092 0.017369
9 0.428769 0.514782 0.018016 0.029564
7 0.354836 0.328067 0.194983 0.020510
7 0.643708 0.448263 0.195676 0.018108
7 0.643986 0.236881 0.192350 0.019217
7 0.357677 0.374169 0.194013 0.019586
7 0.645094 0.615576 0.191519 0.020140
7 0.365230 0.686899 0.176136 0.018662
7 0.357816 0.231338 0.198725 0.021803
7 0.643570 0.261918 0.187639 0.020140
3 0.290743 0.225333 0.023282 0.023097
7 0.376802 0.590724 0.151885 0.018477
3 0.619457 0.396988 0.024945 0.025684
7 0.644193 0.519032 0.194429 0.018847
3 0.668930 0.514412 0.022450 0.020325
7 0.378326 0.614653 0.161031 0.020880
9 0.422603 0.563747 0.063609 0.027716
