7 0.622148 0.269443 0.211743 0.020412
2 0.305141 0.765666 0.353514 0.171464
0 0.328795 0.346397 0.243839 0.429067
7 0.633328 0.476220 0.220110 0.022862
3 0.588226 0.266381 0.040158 0.033884
2 0.170140 0.501531 0.108458 0.728720
3 0.632796 0.469994 0.043200 0.030006
2 0.459233 0.484180 0.027685 0.705858
7 0.666261 0.653807 0.202008 0.022045
7 0.632263 0.533782 0.213721 0.020412
7 0.386903 0.603082 0.108458 0.023474
7 0.394052 0.663911 0.117584 0.027557
7 0.616291 0.358849 0.193337 0.020004
7 0.649224 0.564503 0.172802 0.018575
7 0.621615 0.329659 0.205507 0.020412
7 0.661545 0.415697 0.156069 0.018167
3 0.539854 0.563789 0.044722 0.037967
3 0.417098 0.629618 0.040158 0.037763
13 0.643292 0.437028 0.296015 0.534803
7 0.631883 0.447642 0.220870 0.023270
7 0.630362 0.209737 0.228172 0.020616
7 0.626179 0.300674 0.220718 0.022454
7 0.392607 0.574913 0.122604 0.016126
7 0.625951 0.241478 0.216915 0.022454
7 0.642607 0.592876 0.228324 0.021433
7 0.658579 0.385283 0.149528 0.018983
3 0.699726 0.290263 0.043200 0.033884
7 0.391010 0.636048 0.111196 0.013880
3 0.276544 0.620637 0.107089 0.115738
3 0.546547 0.400082 0.069973 0.057971
13 0.393216 0.615942 0.126559 0.118187
8 0.667022 0.467851 0.385762 0.804246
7 0.639717 0.624719 0.221631 0.021433
3 0.541375 0.653603 0.044722 0.037967
3 0.625418 0.323331 0.043048 0.035926
3 0.684895 0.199428 0.046091 0.035926
7 0.634621 0.503878 0.219957 0.023474
8 0.296927 0.492141 0.383024 0.809553
