2 0.752386 0.742406 0.405018 0.185140
7 0.768011 0.557266 0.108067 0.022578
8 0.739301 0.497332 0.446275 0.801724
7 0.312038 0.380029 0.191195 0.028120
7 0.316656 0.409996 0.209052 0.029351
3 0.230680 0.466851 0.047260 0.037972
7 0.321506 0.320197 0.210745 0.028736
2 0.147475 0.422414 0.122537 0.451560
13 0.319889 0.359093 0.225062 0.328202
13 0.708667 0.575739 0.235068 0.138342
7 0.341826 0.468391 0.173799 0.011494
2 0.573507 0.464080 0.042026 0.728243
7 0.313193 0.257389 0.204280 0.029146
7 0.769858 0.587336 0.105911 0.021552
7 0.767010 0.525862 0.107605 0.022578
0 0.716133 0.302443 0.205049 0.404967
7 0.311422 0.440887 0.201970 0.027504
7 0.316118 0.226806 0.208590 0.029967
3 0.656173 0.571121 0.117149 0.130337
7 0.305958 0.499487 0.195659 0.025246
9 0.377309 0.435037 0.078510 0.024425
10 0.380696 0.494561 0.092365 0.022783
7 0.314578 0.289511 0.207358 0.027709
7 0.311884 0.349343 0.207512 0.027504
7 0.771013 0.617200 0.114686 0.024220
2 0.888008 0.474856 0.131312 0.733374
8 0.288023 0.504105 0.433805 0.808292
