2 0.910386 0.471127 0.134896 0.901408
7 0.440785 0.635915 0.250792 0.019718
3 0.360988 0.756514 0.126662 0.069366
13 0.580431 0.615317 0.545282 0.340493
2 0.569348 0.061092 0.796707 0.095423
13 0.905003 0.367430 0.063331 0.096127
7 0.675111 0.551232 0.306523 0.019366
7 0.906903 0.373592 0.046865 0.072535
13 0.222609 0.375880 0.055098 0.120070
13 0.620013 0.089437 0.214060 0.027465
7 0.571564 0.690845 0.528816 0.020423
7 0.687777 0.470423 0.310323 0.019718
3 0.401837 0.498415 0.228626 0.115845
10 0.710260 0.627113 0.302090 0.014789
2 0.537682 0.854225 0.884104 0.142254
3 0.341672 0.657218 0.071564 0.036268
3 0.340722 0.599296 0.077264 0.031690
7 0.218493 0.381690 0.046865 0.076761
7 0.585814 0.778873 0.481317 0.019718
7 0.577581 0.718310 0.528182 0.022535
7 0.581064 0.664085 0.514883 0.019718
7 0.640595 0.746655 0.416086 0.017958
9 0.751108 0.713556 0.181127 0.024296
7 0.613996 0.090669 0.185560 0.027113
7 0.692844 0.525176 0.303990 0.020070
10 0.670678 0.575528 0.373654 0.022887
7 0.407220 0.577641 0.189994 0.020070
7 0.576947 0.608275 0.530716 0.021479
3 0.561431 0.515317 0.077897 0.036268
2 0.198860 0.459155 0.197593 0.895775
7 0.684611 0.497007 0.315389 0.018662
8 0.501267 0.501056 0.962001 0.986620
0 0.572514 0.276408 0.553515 0.339437
