7 0.286792 0.601293 0.256466 0.021962
3 0.170105 0.468801 0.062808 0.068966
7 0.694042 0.457410 0.270474 0.023604
7 0.700123 0.684216 0.280788 0.023604
7 0.688039 0.312500 0.257543 0.026067
7 0.695351 0.342365 0.268473 0.029146
7 0.282635 0.541359 0.250924 0.022783
8 0.263624 0.501539 0.451509 0.834770
7 0.692503 0.226909 0.272014 0.028530
7 0.305881 0.486864 0.209360 0.020936
7 0.285868 0.349754 0.253695 0.027094
7 0.694350 0.284483 0.267395 0.029557
7 0.280249 0.377874 0.246459 0.023399
13 0.701201 0.440887 0.294643 0.524631
7 0.288947 0.513547 0.262623 0.023810
7 0.717134 0.510878 0.209206 0.022578
7 0.697429 0.538998 0.273553 0.022578
7 0.692503 0.570197 0.264317 0.022578
13 0.290179 0.438321 0.277094 0.536330
7 0.289255 0.629310 0.269704 0.020525
7 0.267395 0.434011 0.222906 0.025657
7 0.714671 0.484914 0.209821 0.024425
7 0.282558 0.313629 0.252309 0.026683
7 0.693581 0.255439 0.272014 0.028530
7 0.694119 0.197250 0.270936 0.029146
7 0.275554 0.656404 0.241687 0.019294
7 0.281558 0.281096 0.245998 0.025657
3 0.581358 0.498871 0.061422 0.061371
7 0.701663 0.625821 0.274323 0.020936
8 0.718288 0.502463 0.457820 0.832923
7 0.275477 0.573276 0.244920 0.022578
7 0.693119 0.428571 0.269858 0.024631
7 0.285329 0.680932 0.264932 0.019910
7 0.282328 0.225062 0.249384 0.024425
7 0.695120 0.402299 0.272014 0.024220
7 0.697198 0.597291 0.274015 0.022167
7 0.282174 0.254618 0.253695 0.024836
7 0.698507 0.655788 0.277863 0.021346
7 0.282635 0.406609 0.249076 0.024631
7 0.690656 0.375205 0.263393 0.025041
7 0.305881 0.461412 0.208744 0.022578
7 0.282712 0.195915 0.243996 0.025657
