5 0.424314 0.556116 0.027182 0.043917
9 0.328554 0.343364 0.015212 0.024398
9 0.325810 0.257807 0.015212 0.031555
7 0.348753 0.322219 0.270075 0.032206
7 0.670324 0.548959 0.271820 0.040013
7 0.339526 0.560020 0.259601 0.028302
7 0.688653 0.697300 0.212219 0.025699
7 0.675436 0.609141 0.275561 0.038061
9 0.216085 0.309532 0.015711 0.028953
7 0.676434 0.225114 0.288529 0.037085
9 0.627431 0.274236 0.017955 0.032531
8 0.284040 0.504229 0.416958 0.942746
7 0.374314 0.411679 0.219950 0.027651
9 0.639900 0.662167 0.017955 0.031555
9 0.772818 0.701041 0.056858 0.027977
9 0.260349 0.642323 0.014464 0.024398
9 0.436908 0.647040 0.069825 0.027977
7 0.675810 0.253578 0.278803 0.038061
7 0.341646 0.619714 0.267830 0.027326
9 0.756608 0.283344 0.015960 0.032531
5 0.225686 0.694047 0.056858 0.083604
7 0.346010 0.473162 0.270574 0.027001
7 0.670823 0.670625 0.275810 0.035459
7 0.343890 0.590436 0.272319 0.028627
7 0.362344 0.711126 0.217456 0.028627
7 0.345137 0.501627 0.270823 0.028627
9 0.239526 0.280742 0.024190 0.025374
7 0.669451 0.431522 0.271571 0.034157
7 0.372818 0.382238 0.221945 0.028627
9 0.428928 0.261386 0.016459 0.026350
9 0.550998 0.301236 0.013217 0.032531
7 0.351372 0.177131 0.265337 0.028302
9 0.666334 0.695999 0.013965 0.034157
13 0.679551 0.458848 0.296259 0.600195
7 0.673067 0.637931 0.271322 0.038386
5 0.228928 0.385654 0.079800 0.081002
7 0.347631 0.233084 0.255860 0.026350
7 0.358105 0.678595 0.214963 0.026025
7 0.690898 0.728855 0.246633 0.036760
7 0.352494 0.205107 0.269077 0.028953
7 0.346883 0.351496 0.271322 0.029603
7 0.680424 0.194047 0.266584 0.036109
9 0.350000 0.525049 0.015212 0.031880
9 0.667332 0.303513 0.029925 0.035133
7 0.347631 0.442583 0.270324 0.029603
9 0.285661 0.554001 0.016708 0.035133
5 0.700623 0.305465 0.027182 0.027326
7 0.696509 0.491379 0.203491 0.034157
7 0.680299 0.372154 0.279800 0.039037
9 0.781546 0.462101 0.054863 0.028953
9 0.453616 0.351334 0.058853 0.032531
7 0.673192 0.399805 0.247132 0.039037
7 0.352993 0.264802 0.269576 0.029928
9 0.388404 0.556116 0.025686 0.028953
13 0.341397 0.443071 0.296259 0.604424
9 0.720200 0.668022 0.017955 0.034157
7 0.702494 0.522284 0.208479 0.027651
9 0.471571 0.232108 0.017456 0.036109
9 0.368329 0.582791 0.014464 0.029603
9 0.439401 0.529928 0.012469 0.030579
7 0.674439 0.312134 0.267581 0.038061
7 0.338529 0.649154 0.262594 0.028302
7 0.678803 0.341249 0.271820 0.035784
8 0.721571 0.527489 0.426683 0.943071
9 0.773566 0.641672 0.016459 0.028953
9 0.710973 0.337345 0.017456 0.030579
9 0.545387 0.384841 0.008978 0.026025
9 0.590150 0.686565 0.013716 0.033507
7 0.680673 0.283669 0.267082 0.039688
7 0.349127 0.292453 0.264339 0.029928
7 0.700125 0.461288 0.206733 0.033182
7 0.345137 0.531067 0.268828 0.028302
3 0.561970 0.476090 0.073566 0.097267
5 0.555112 0.707710 0.049377 0.081002
7 0.667332 0.578237 0.269825 0.036109
5 0.265087 0.282206 0.028429 0.032856
