7 0.307112 0.612274 0.180419 0.021346
8 0.262469 0.510160 0.434421 0.861043
3 0.584898 0.545977 0.032482 0.041051
7 0.650169 0.527504 0.159329 0.027915
10 0.728602 0.671490 0.107759 0.029762
10 0.395936 0.430316 0.061576 0.024015
3 0.583590 0.490250 0.036638 0.034278
10 0.719520 0.412151 0.118842 0.030788
2 0.649861 0.205152 0.268627 0.138957
8 0.710129 0.514163 0.450739 0.873563
3 0.584052 0.430829 0.042796 0.041051
3 0.616918 0.332923 0.113762 0.118637
7 0.621921 0.585796 0.104372 0.023399
7 0.668026 0.644704 0.211669 0.030788
7 0.646244 0.413485 0.153941 0.024425
7 0.348368 0.496203 0.165025 0.021141
13 0.673799 0.480501 0.234298 0.429803
7 0.318966 0.552750 0.198892 0.022167
7 0.323892 0.377463 0.213670 0.022989
7 0.630542 0.674158 0.133621 0.024015
7 0.724215 0.328305 0.089132 0.024015
7 0.677802 0.500924 0.189039 0.030993
3 0.580973 0.605911 0.038485 0.030788
3 0.238993 0.298645 0.058959 0.061576
7 0.316425 0.438218 0.201201 0.026683
10 0.402248 0.630439 0.060653 0.025246
7 0.690579 0.445710 0.173645 0.024836
13 0.324430 0.475369 0.233528 0.426519
7 0.319273 0.406917 0.204433 0.023604
7 0.722291 0.300595 0.087746 0.022783
10 0.365071 0.665846 0.131619 0.025041
10 0.696890 0.584360 0.164101 0.030788
3 0.242380 0.475985 0.064193 0.055829
7 0.350523 0.319889 0.163793 0.022373
7 0.295951 0.641112 0.167950 0.021962
7 0.687962 0.617303 0.173645 0.030583
10 0.701124 0.468596 0.155634 0.025041
7 0.351216 0.468391 0.155326 0.020936
7 0.321890 0.348830 0.209052 0.024836
7 0.718211 0.387007 0.094982 0.023194
7 0.743842 0.357861 0.054803 0.021141
2 0.539178 0.510160 0.052186 0.755952
7 0.607836 0.470956 0.075277 0.018268
7 0.678571 0.558908 0.185653 0.032020
7 0.323507 0.524220 0.213824 0.021757
7 0.320120 0.581486 0.207050 0.021757
7 0.267395 0.670669 0.106527 0.021962
2 0.647244 0.791256 0.263393 0.193760
3 0.691810 0.349959 0.039409 0.041051
7 0.328356 0.290948 0.200431 0.022783
10 0.713593 0.525554 0.139317 0.025246
