7 0.616088 0.629749 0.485375 0.028976
7 0.616316 0.254829 0.389854 0.028010
7 0.592550 0.348036 0.440128 0.027044
3 0.431901 0.405988 0.113346 0.045074
3 0.423903 0.251771 0.097349 0.036059
7 0.663848 0.597392 0.387112 0.028010
7 0.613574 0.411301 0.402651 0.038313
7 0.599406 0.318416 0.455667 0.026401
7 0.619287 0.567289 0.466179 0.027044
2 0.292733 0.457341 0.179616 0.662267
7 0.598263 0.474082 0.453382 0.031230
7 0.616088 0.442692 0.422303 0.028332
3 0.438985 0.589826 0.134826 0.102382
3 0.423218 0.317289 0.092322 0.047328
10 0.808272 0.497907 0.081810 0.048616
3 0.420475 0.186735 0.094150 0.041211
7 0.642596 0.189794 0.370201 0.027366
7 0.584095 0.221829 0.419561 0.027044
7 0.607633 0.498873 0.473035 0.043464
7 0.593693 0.286703 0.384826 0.028010
8 0.515996 0.494849 0.890311 0.929813
10 0.795704 0.403091 0.060329 0.041211
2 0.416590 0.716999 0.427331 0.139730
13 0.617230 0.404379 0.493144 0.489375
