7 0.441027 0.423643 0.511101 0.026488
7 0.400093 0.614127 0.417206 0.026815
7 0.441489 0.336821 0.117946 0.021583
9 0.449121 0.320961 0.481036 0.056573
7 0.427845 0.542675 0.476411 0.029758
9 0.444727 0.694572 0.530527 0.090255
7 0.451203 0.275507 0.545328 0.029104
7 0.453284 0.164160 0.543016 0.028777
8 0.492599 0.492969 0.985199 0.957816
7 0.447271 0.240026 0.533765 0.027469
7 0.438945 0.462721 0.500463 0.028123
7 0.454209 0.201275 0.533765 0.027796
7 0.444958 0.502943 0.518964 0.026815
7 0.272433 0.714846 0.162812 0.028123
7 0.444265 0.314421 0.470398 0.017332
7 0.450740 0.679039 0.519426 0.030412
13 0.451665 0.417920 0.570305 0.656638
7 0.438020 0.387999 0.520814 0.027142
7 0.454209 0.122793 0.539315 0.027796
7 0.451896 0.577665 0.531915 0.027796
