7 0.436461 0.448171 0.184451 0.018662
3 0.353520 0.599316 0.023282 0.021619
3 0.714038 0.530950 0.021757 0.022358
3 0.510671 0.624630 0.014967 0.022358
3 0.729074 0.398651 0.016630 0.021249
7 0.651192 0.267831 0.175166 0.018662
7 0.654241 0.624815 0.177661 0.019401
7 0.655488 0.675074 0.179601 0.016814
7 0.656874 0.289542 0.186253 0.020695
7 0.457040 0.515059 0.135255 0.016814
7 0.654171 0.650037 0.180294 0.018847
7 0.436876 0.470159 0.185837 0.020510
8 0.407705 0.488914 0.262195 0.598670
3 0.624099 0.624076 0.027578 0.021249
3 0.500831 0.534553 0.022173 0.024390
7 0.435213 0.289080 0.183343 0.019771
7 0.427384 0.580839 0.170177 0.019771
9 0.442627 0.420916 0.023282 0.023651
9 0.497021 0.491870 0.056957 0.031042
7 0.656042 0.602273 0.182373 0.019771
7 0.437292 0.380728 0.186114 0.019401
7 0.655349 0.513304 0.182650 0.020325
7 0.655488 0.380913 0.181541 0.017184
3 0.593889 0.353012 0.020926 0.021249
7 0.431472 0.424797 0.175859 0.019956
7 0.433204 0.266445 0.177661 0.018477
7 0.454199 0.536863 0.129019 0.016445
7 0.432165 0.650591 0.179739 0.021064
13 0.659299 0.479767 0.207178 0.465817
3 0.665466 0.287140 0.026885 0.021064
7 0.657359 0.335089 0.185837 0.018293
3 0.363151 0.521064 0.044484 0.043237
3 0.725679 0.486234 0.016768 0.020140
3 0.724432 0.442812 0.020926 0.020140
7 0.652716 0.358278 0.177384 0.018108
7 0.436391 0.560052 0.186253 0.019586
7 0.652993 0.312177 0.179878 0.019032
7 0.432858 0.626386 0.182511 0.021064
3 0.487597 0.671009 0.022589 0.025684
7 0.430432 0.673965 0.179324 0.020880
7 0.651192 0.469697 0.176829 0.019217
7 0.434451 0.402254 0.180155 0.018847
7 0.656735 0.580007 0.183204 0.021064
7 0.432303 0.492424 0.176691 0.019217
3 0.391006 0.330007 0.025360 0.022912
7 0.654310 0.447801 0.181125 0.019771
9 0.379642 0.487990 0.022312 0.024390
7 0.444360 0.603566 0.154518 0.019401
7 0.653478 0.425259 0.180017 0.017184
7 0.435144 0.358001 0.183204 0.018662
7 0.436253 0.335366 0.183758 0.019586
7 0.655488 0.490854 0.181264 0.019401
3 0.454268 0.376663 0.026330 0.021619
7 0.655626 0.536123 0.182927 0.019401
13 0.433828 0.477365 0.199418 0.463969
7 0.656181 0.403178 0.184590 0.018108
7 0.654171 0.558389 0.178631 0.018477
8 0.675097 0.493902 0.260394 0.580931
7 0.432996 0.311899 0.178631 0.019586
