7 0.756562 0.663437 0.420564 0.025318
7 0.728932 0.632390 0.467930 0.024611
7 0.723308 0.599010 0.476021 0.025743
3 0.753700 0.258204 0.093152 0.048232
7 0.723604 0.328571 0.489244 0.023197
7 0.723110 0.261386 0.488257 0.023479
3 0.510855 0.364427 0.099270 0.045969
13 0.717190 0.427723 0.535623 0.545686
3 0.498520 0.185431 0.084073 0.049222
3 0.851589 0.565983 0.084073 0.048232
8 0.633708 0.477864 0.732189 0.783451
7 0.757549 0.363437 0.409907 0.025035
7 0.751135 0.188472 0.432998 0.022772
7 0.731893 0.565276 0.492007 0.025884
7 0.732583 0.498303 0.496152 0.026591
7 0.727649 0.464144 0.485889 0.027016
7 0.730215 0.432461 0.501678 0.024187
7 0.727353 0.534724 0.494375 0.025884
3 0.781231 0.430764 0.096112 0.047100
7 0.727452 0.222914 0.501283 0.023479
3 0.500888 0.670580 0.103809 0.051485
3 0.924906 0.498091 0.090191 0.052475
7 0.722420 0.293918 0.489244 0.023197
7 0.722025 0.396959 0.484113 0.023621
