7 0.599402 0.667273 0.141006 0.019934
7 0.407573 0.195875 0.149975 0.019414
7 0.406203 0.736869 0.139761 0.020107
7 0.784629 0.448951 0.149228 0.021841
5 0.420777 0.244930 0.021425 0.028081
7 0.408321 0.245623 0.150972 0.018027
8 0.282511 0.499913 0.441704 0.912116
5 0.405331 0.438724 0.028401 0.026348
7 0.783695 0.422170 0.159068 0.022014
7 0.409068 0.269197 0.149975 0.018027
7 0.227454 0.246750 0.152466 0.020974
7 0.227080 0.568816 0.147235 0.022708
7 0.408321 0.616745 0.145989 0.018721
7 0.409442 0.292598 0.151719 0.020107
5 0.349028 0.759577 0.029646 0.028081
5 0.585575 0.319119 0.014200 0.028081
7 0.408072 0.568036 0.146487 0.021494
8 0.732187 0.501907 0.443199 0.920263
7 0.601146 0.619258 0.143996 0.018894
7 0.603014 0.568123 0.146736 0.020627
7 0.659753 0.347721 0.031016 0.015601
7 0.410065 0.712775 0.153463 0.022534
7 0.223343 0.295545 0.145491 0.021148
7 0.409816 0.687641 0.149975 0.020107
5 0.462880 0.342260 0.020179 0.024788
13 0.231627 0.458918 0.162058 0.678627
5 0.623443 0.360374 0.035625 0.047842
7 0.601644 0.493240 0.143996 0.018547
7 0.782387 0.572716 0.160688 0.022188
5 0.159940 0.571503 0.023667 0.031201
9 0.855693 0.723956 0.006602 0.019241
7 0.221973 0.543508 0.139013 0.020627
7 0.785002 0.374502 0.157449 0.020627
11 0.782075 0.755417 0.154086 0.049922
7 0.409940 0.517074 0.150722 0.020801
7 0.602765 0.468105 0.148231 0.020281
5 0.229883 0.617698 0.026034 0.021321
5 0.204410 0.761137 0.024913 0.028081
7 0.225959 0.320940 0.150722 0.021321
5 0.639574 0.570376 0.018560 0.027214
7 0.228450 0.419743 0.152965 0.021668
5 0.266069 0.665540 0.022422 0.027908
7 0.781639 0.721789 0.163179 0.022881
7 0.599651 0.790258 0.138515 0.020107
13 0.410874 0.462992 0.156328 0.698561
5 0.447434 0.487346 0.015446 0.021321
5 0.363852 0.149159 0.026158 0.024788
7 0.411560 0.490726 0.154459 0.019414
5 0.713876 0.445311 0.022671 0.023921
7 0.600648 0.642139 0.143498 0.019587
7 0.226208 0.222829 0.150972 0.022708
7 0.225336 0.739210 0.149975 0.015774
7 0.780892 0.496100 0.157200 0.024961
7 0.410563 0.542208 0.154459 0.021148
5 0.159878 0.374155 0.024290 0.025828
7 0.227392 0.763131 0.161560 0.019241
7 0.224464 0.785491 0.145989 0.019934
5 0.741405 0.397296 0.019432 0.027041
5 0.589624 0.767464 0.022546 0.025828
7 0.224340 0.592910 0.147235 0.020974
13 0.786684 0.461952 0.156328 0.684694
7 0.407573 0.642052 0.154459 0.021494
7 0.780144 0.470099 0.151968 0.022534
7 0.647920 0.375368 0.055431 0.018201
7 0.226457 0.520454 0.152466 0.021321
7 0.220478 0.346074 0.141505 0.021668
7 0.226582 0.641879 0.148729 0.019761
7 0.410563 0.149073 0.152466 0.019414
7 0.782138 0.398943 0.154210 0.021321
5 0.159131 0.421130 0.020055 0.027908
5 0.253861 0.296325 0.022920 0.025828
7 0.225212 0.271278 0.151968 0.020107
7 0.784380 0.300225 0.157200 0.021148
7 0.228575 0.128098 0.157947 0.020801
7 0.785127 0.226209 0.150722 0.022188
7 0.788490 0.349107 0.165919 0.018374
5 0.583769 0.668573 0.024539 0.027388
7 0.413179 0.785491 0.151968 0.020281
7 0.775909 0.791298 0.135277 0.019414
7 0.225959 0.617871 0.148729 0.020281
7 0.228949 0.665367 0.155954 0.017854
5 0.637643 0.468885 0.018685 0.020454
7 0.777902 0.645692 0.153712 0.024268
7 0.228201 0.392876 0.155456 0.021321
7 0.229447 0.370515 0.152466 0.022708
5 0.777965 0.596031 0.021550 0.028601
7 0.407698 0.591177 0.150224 0.018894
7 0.601271 0.518547 0.143747 0.018547
13 0.603077 0.459005 0.150598 0.682614
7 0.405954 0.318166 0.143249 0.018894
7 0.602641 0.765904 0.143498 0.019587
7 0.786248 0.200035 0.154459 0.022188
7 0.406328 0.392096 0.147484 0.018374
5 0.809791 0.176894 0.018435 0.024094
7 0.229322 0.716329 0.151719 0.018547
9 0.671276 0.176374 0.014948 0.022014
7 0.603139 0.173687 0.149477 0.016987
7 0.786061 0.250477 0.156826 0.021841
7 0.480319 0.804125 0.012955 0.018027
7 0.786248 0.177847 0.154459 0.021841
11 0.610301 0.213469 0.156328 0.051829
5 0.343112 0.641619 0.020055 0.026521
7 0.600648 0.742330 0.144494 0.020974
7 0.410688 0.368001 0.151719 0.018027
7 0.776034 0.621078 0.150473 0.023228
7 0.603637 0.592910 0.148480 0.018894
5 0.280331 0.488993 0.022546 0.021494
5 0.258844 0.148639 0.021425 0.025828
5 0.211510 0.715809 0.020179 0.023054
7 0.595914 0.323193 0.136024 0.018547
5 0.456901 0.293552 0.020179 0.023054
5 0.712444 0.546369 0.029023 0.026694
7 0.780892 0.596464 0.160688 0.022188
11 0.607374 0.287832 0.162182 0.057029
7 0.793473 0.547929 0.128052 0.021148
7 0.779023 0.521581 0.152965 0.023921
7 0.604136 0.420263 0.146986 0.019241
5 0.446251 0.691108 0.020055 0.026348
7 0.227828 0.691194 0.153214 0.019241
7 0.406328 0.439764 0.145989 0.018374
7 0.603264 0.153319 0.149228 0.017161
7 0.415670 0.762611 0.140757 0.020974
7 0.780954 0.669440 0.162307 0.022881
5 0.346101 0.195354 0.026034 0.028081
7 0.408445 0.664067 0.147733 0.018721
11 0.564337 0.357168 0.073119 0.043855
5 0.803874 0.276651 0.021550 0.022534
5 0.191455 0.249350 0.024415 0.027908
7 0.227703 0.442278 0.156203 0.022014
7 0.605007 0.250563 0.144494 0.019241
7 0.600648 0.718062 0.140508 0.019587
7 0.229073 0.466719 0.154709 0.020974
7 0.783944 0.325013 0.157075 0.021148
7 0.407449 0.415670 0.148729 0.018374
7 0.228450 0.151673 0.159442 0.021841
7 0.409193 0.128358 0.151470 0.018547
7 0.225336 0.197521 0.150722 0.023054
7 0.603388 0.128878 0.145989 0.019587
7 0.408695 0.219969 0.150224 0.018027
7 0.408072 0.465419 0.146986 0.019414
7 0.786124 0.131565 0.155705 0.021841
7 0.602641 0.443838 0.144494 0.018547
7 0.782636 0.154273 0.147235 0.020454
5 0.400598 0.566563 0.026158 0.021321
7 0.410563 0.172127 0.152965 0.019067
7 0.605194 0.396689 0.139138 0.016121
7 0.785127 0.275264 0.156702 0.021841
5 0.179497 0.467585 0.024913 0.024788
7 0.226208 0.493933 0.151968 0.019934
9 0.596350 0.395996 0.015072 0.022014
7 0.226084 0.174120 0.152466 0.022361
7 0.601769 0.544202 0.147733 0.017854
7 0.601769 0.693968 0.146736 0.019241
5 0.809230 0.472352 0.021550 0.027041
7 0.411061 0.344167 0.149477 0.019587
7 0.780892 0.694921 0.160688 0.022881
5 0.537556 0.126105 0.017813 0.027908
