7 0.651964 0.364431 0.230976 0.033376
7 0.650730 0.499523 0.222671 0.029561
7 0.651066 0.299587 0.232772 0.029561
7 0.653311 0.432295 0.227385 0.031151
7 0.638047 0.198188 0.207183 0.027654
7 0.646914 0.397171 0.219080 0.031469
7 0.647026 0.267006 0.221998 0.031151
7 0.377778 0.297997 0.147699 0.028926
9 0.420539 0.266688 0.068013 0.031151
7 0.358249 0.436427 0.228956 0.031786
7 0.362290 0.605849 0.236588 0.031786
7 0.381369 0.268913 0.149944 0.028608
8 0.721212 0.489987 0.444444 0.939924
2 0.822559 0.398284 0.124579 0.533376
7 0.361616 0.640655 0.227160 0.034011
7 0.640741 0.163223 0.213468 0.029561
7 0.629068 0.601081 0.178002 0.027972
7 0.648485 0.330896 0.224916 0.031786
7 0.355107 0.402893 0.221324 0.028290
7 0.350168 0.204704 0.214141 0.029879
7 0.356902 0.173395 0.240180 0.033376
7 0.351066 0.337413 0.218182 0.030197
9 0.425365 0.567546 0.061055 0.033376
7 0.648260 0.232994 0.232997 0.033058
7 0.360269 0.472028 0.227609 0.031786
7 0.653984 0.567387 0.228732 0.029243
13 0.646128 0.406548 0.247138 0.530197
2 0.182941 0.414018 0.118967 0.531786
9 0.716162 0.195010 0.060831 0.037190
9 0.682941 0.600922 0.072054 0.033376
9 0.319416 0.572473 0.150842 0.027336
8 0.287093 0.499841 0.435466 0.933566
7 0.652637 0.466624 0.231425 0.027972
7 0.355556 0.539097 0.217733 0.028608
13 0.361728 0.409727 0.250730 0.520025
7 0.650168 0.532899 0.225589 0.030197
7 0.355107 0.237921 0.223120 0.028926
7 0.352637 0.370470 0.217733 0.030197
7 0.356902 0.505404 0.224467 0.027972
3 0.267677 0.289733 0.078788 0.073427
7 0.653199 0.633503 0.230303 0.027972
7 0.347811 0.573903 0.202694 0.029561
