0 0.299723 0.378284 0.246613 0.381773
7 0.715363 0.234914 0.255850 0.023604
7 0.717442 0.331691 0.259390 0.024631
7 0.715363 0.266420 0.258929 0.021757
7 0.360914 0.630029 0.118073 0.024015
3 0.813193 0.555316 0.027248 0.025246
13 0.300185 0.638444 0.249384 0.128695
7 0.339286 0.686474 0.084667 0.021962
7 0.713285 0.427032 0.255696 0.026888
13 0.717672 0.459873 0.289409 0.552340
7 0.724369 0.455562 0.234144 0.024015
3 0.235299 0.639573 0.119612 0.121921
7 0.735222 0.672927 0.233067 0.025657
7 0.714055 0.518986 0.261238 0.026067
8 0.733528 0.498666 0.450739 0.829433
7 0.717903 0.642344 0.265856 0.025246
2 0.268165 0.143576 0.358990 0.096264
2 0.127078 0.477627 0.095597 0.779146
7 0.717749 0.363916 0.265856 0.024631
3 0.717442 0.396860 0.029711 0.026888
3 0.799030 0.333846 0.024784 0.023604
3 0.712746 0.235324 0.022475 0.025246
8 0.271629 0.505952 0.459514 0.828407
7 0.719597 0.205049 0.266164 0.022989
2 0.261084 0.783559 0.429803 0.162356
7 0.713516 0.583744 0.257697 0.025041
3 0.395166 0.679495 0.022475 0.028120
7 0.712592 0.616790 0.254618 0.023810
3 0.675416 0.297516 0.026016 0.026888
7 0.714055 0.551211 0.259698 0.025657
3 0.761776 0.489122 0.026016 0.028325
7 0.714748 0.297209 0.259852 0.025452
7 0.360068 0.597085 0.113916 0.022989
7 0.721906 0.703920 0.276016 0.024425
7 0.717826 0.395628 0.266933 0.024015
7 0.358836 0.657635 0.120074 0.025041
3 0.600600 0.670977 0.030326 0.031609
3 0.593827 0.452894 0.023553 0.028530
7 0.712900 0.487377 0.261084 0.022373
