7 0.402171 0.720341 0.139009 0.026067
7 0.349754 0.657841 0.254618 0.033251
13 0.353756 0.662151 0.278633 0.175287
13 0.707127 0.668206 0.269550 0.161125
7 0.751001 0.649117 0.167026 0.016215
7 0.349523 0.597804 0.253849 0.030172
7 0.349754 0.691810 0.251232 0.030583
7 0.707974 0.711002 0.250924 0.020525
7 0.753233 0.681753 0.167796 0.015394
7 0.751539 0.616071 0.167796 0.016215
8 0.302340 0.507800 0.435345 0.832923
9 0.348445 0.723112 0.264009 0.041051
8 0.741302 0.502976 0.442580 0.825739
7 0.350523 0.629413 0.252463 0.031814
10 0.276709 0.723420 0.118996 0.045772
9 0.439886 0.684113 0.093134 0.035714
