7 0.432187 0.707874 0.201168 0.020982
7 0.432836 0.664071 0.199546 0.018170
13 0.818056 0.355181 0.082252 0.048021
7 0.431944 0.453926 0.196788 0.017521
7 0.453277 0.292559 0.149254 0.019684
7 0.427644 0.223340 0.194354 0.019684
7 0.430483 0.524335 0.194841 0.018603
7 0.818624 0.807809 0.047696 0.013195
5 0.353423 0.305754 0.048183 0.050400
7 0.672372 0.298183 0.199059 0.019684
7 0.429348 0.431862 0.196139 0.018819
5 0.597421 0.496755 0.044614 0.050833
7 0.673751 0.438460 0.199870 0.020333
7 0.819435 0.341337 0.060999 0.015142
1 0.678374 0.786719 0.198410 0.125460
2 0.816272 0.275687 0.077709 0.109669
7 0.695977 0.487670 0.151849 0.019684
8 0.387086 0.526498 0.321869 0.713822
1 0.389439 0.787800 0.282122 0.123297
7 0.802239 0.358533 0.028553 0.013628
7 0.429104 0.248324 0.198897 0.019035
7 0.672696 0.555267 0.199708 0.019468
2 0.286340 0.276876 0.082090 0.099935
1 0.817164 0.697707 0.083063 0.194462
5 0.721690 0.459550 0.025470 0.027471
7 0.672777 0.621350 0.199221 0.020982
1 0.816191 0.463335 0.085010 0.162232
7 0.670993 0.251785 0.198897 0.017305
7 0.674156 0.645901 0.197437 0.021198
7 0.429835 0.361670 0.197437 0.019468
7 0.431132 0.617889 0.198086 0.020117
1 0.287476 0.585983 0.084361 0.513952
7 0.672940 0.229721 0.199221 0.018603
7 0.285853 0.508220 0.022713 0.273199
13 0.432430 0.469176 0.208793 0.513952
13 0.820328 0.818300 0.071869 0.051914
7 0.671966 0.275903 0.198572 0.019252
7 0.672534 0.669154 0.201330 0.020982
7 0.429835 0.269846 0.199384 0.018819
7 0.429186 0.476530 0.195490 0.018170
7 0.432268 0.592040 0.198086 0.019468
7 0.429348 0.570733 0.198735 0.018819
7 0.673832 0.461281 0.201006 0.020982
7 0.813433 0.577980 0.053537 0.014276
7 0.672615 0.690677 0.200195 0.021631
7 0.672128 0.390006 0.199870 0.019468
7 0.452872 0.317543 0.149091 0.019468
7 0.270685 0.517197 0.028391 0.273416
8 0.716823 0.523253 0.324951 0.707333
7 0.673589 0.715661 0.199546 0.020982
13 0.669695 0.468311 0.211551 0.516548
13 0.819517 0.572788 0.076411 0.051914
7 0.430321 0.547480 0.198735 0.018603
7 0.696707 0.509734 0.151687 0.020117
13 0.276687 0.516656 0.046236 0.292667
5 0.476476 0.271577 0.018819 0.029634
7 0.811080 0.824897 0.049481 0.012762
7 0.672047 0.577655 0.201330 0.020549
7 0.430240 0.386221 0.197923 0.017521
7 0.670993 0.369782 0.198248 0.019684
7 0.815055 0.560459 0.050941 0.012979
7 0.430483 0.409042 0.197437 0.018170
7 0.669614 0.414233 0.198735 0.019900
7 0.430970 0.640709 0.200032 0.019468
7 0.430240 0.336578 0.196301 0.017737
7 0.673102 0.322410 0.196950 0.019684
7 0.672210 0.599719 0.199059 0.020549
7 0.672859 0.531365 0.201330 0.019252
7 0.430321 0.501082 0.198086 0.018386
7 0.670506 0.346420 0.198248 0.020117
7 0.429672 0.682998 0.197761 0.019684
