7 0.337798 0.330544 0.320153 0.035864
7 0.335672 0.639420 0.320153 0.034369
8 0.496386 0.494770 0.923044 0.933951
7 0.321641 0.553796 0.301446 0.035864
7 0.380740 0.387478 0.281037 0.032576
7 0.348214 0.361476 0.312925 0.039151
7 0.376063 0.248207 0.377976 0.040944
7 0.428146 0.222056 0.204082 0.027496
7 0.353954 0.275852 0.310799 0.031082
7 0.758929 0.145099 0.146259 0.070831
7 0.345876 0.496712 0.326956 0.029289
7 0.322917 0.412134 0.285289 0.035864
2 0.511692 0.264943 0.674745 0.367304
7 0.327381 0.471458 0.308673 0.030783
7 0.381803 0.306037 0.273810 0.032875
7 0.353954 0.275852 0.310799 0.031082
7 0.367985 0.440526 0.250425 0.037657
2 0.499362 0.749701 0.673044 0.201136
3 0.242560 0.202779 0.192602 0.073222
1 0.736607 0.550807 0.173895 0.199044
7 0.359906 0.584877 0.336310 0.035864
7 0.466624 0.193664 0.289541 0.032277
7 0.373724 0.607741 0.248299 0.032576
7 0.384354 0.526898 0.273810 0.040646
7 0.470026 0.192767 0.287840 0.031082
