7 0.250539 0.209360 0.198430 0.036535
7 0.273245 0.371100 0.170259 0.036535
7 0.279403 0.279146 0.173953 0.035714
7 0.261238 0.595751 0.218596 0.037562
7 0.737608 0.652504 0.168565 0.026273
7 0.269627 0.623666 0.171644 0.037562
7 0.252694 0.501026 0.227371 0.030788
7 0.260930 0.436576 0.148707 0.036535
7 0.733682 0.624384 0.159483 0.024631
7 0.251539 0.469212 0.212131 0.040230
7 0.269243 0.530378 0.163793 0.033662
7 0.241148 0.309524 0.181188 0.036535
13 0.252694 0.412869 0.244612 0.547414
3 0.584437 0.675800 0.134698 0.139778
8 0.266780 0.500924 0.412869 0.846675
7 0.739840 0.716544 0.165640 0.023399
8 0.702894 0.504413 0.436576 0.833539
7 0.258082 0.589388 0.220905 0.040435
13 0.680881 0.673953 0.346059 0.184113
7 0.734914 0.687705 0.162562 0.024425
7 0.230603 0.658354 0.180419 0.037562
7 0.266010 0.342159 0.212131 0.036535
7 0.259467 0.407122 0.210745 0.047003
7 0.249769 0.245484 0.202740 0.029967
7 0.273245 0.178058 0.151478 0.037562
