7 0.545874 0.732575 0.521716 0.019076
7 0.547774 0.632245 0.520087 0.018709
7 0.560261 0.353081 0.550489 0.020176
7 0.612921 0.481108 0.423453 0.017241
7 0.548588 0.505686 0.538002 0.014307
9 0.567047 0.425899 0.049403 0.034483
3 0.425081 0.140132 0.054289 0.037417
3 0.696254 0.371974 0.060261 0.034483
13 0.563789 0.459281 0.579262 0.688921
7 0.556732 0.300624 0.542345 0.020910
7 0.560803 0.376559 0.557003 0.019442
7 0.563518 0.785767 0.571118 0.017608
8 0.498100 0.494864 0.949511 0.960382
3 0.460098 0.657740 0.074376 0.034483
7 0.550217 0.403705 0.541260 0.019442
3 0.608578 0.783382 0.071661 0.030448
3 0.603149 0.170946 0.054289 0.041086
7 0.547774 0.553742 0.528773 0.018709
7 0.547231 0.199193 0.535288 0.019809
3 0.767372 0.244314 0.048317 0.032282
3 0.413409 0.221203 0.059175 0.030081
7 0.560803 0.607483 0.553746 0.018342
7 0.546417 0.707263 0.538002 0.018342
3 0.438382 0.578136 0.052660 0.036684
3 0.751357 0.530081 0.043431 0.034483
7 0.551846 0.144718 0.524973 0.017975
7 0.564332 0.171864 0.559718 0.018709
7 0.548588 0.760271 0.533659 0.019442
7 0.585776 0.428650 0.496200 0.017975
7 0.568404 0.454512 0.568947 0.019076
3 0.653637 0.298606 0.061889 0.034483
2 0.232356 0.459831 0.056460 0.765591
3 0.333605 0.491930 0.147123 0.054292
3 0.645223 0.680301 0.063518 0.035583
2 0.557003 0.093727 0.705755 0.037784
2 0.879750 0.459281 0.049403 0.778430
7 0.555375 0.327219 0.543974 0.019809
7 0.567861 0.274578 0.566775 0.018709
7 0.554832 0.222854 0.542888 0.019442
7 0.556189 0.527880 0.538002 0.021277
7 0.542888 0.682869 0.530945 0.017975
3 0.316504 0.424248 0.069490 0.032649
7 0.558903 0.581805 0.556460 0.019076
3 0.718512 0.603448 0.059175 0.034483
9 0.681325 0.454329 0.053203 0.029714
7 0.562432 0.246698 0.561346 0.020910
3 0.480185 0.349413 0.074376 0.037784
3 0.685396 0.501834 0.060261 0.030081
7 0.562975 0.657190 0.560261 0.018709
2 0.555917 0.830154 0.697068 0.036684
3 0.386265 0.756787 0.063518 0.029347
