9 0.930283 0.141747 0.101307 0.033572
7 0.793573 0.064967 0.337691 0.021759
7 0.799564 0.324215 0.348584 0.023003
7 0.272331 0.684022 0.462963 0.023314
7 0.577070 0.618278 0.800109 0.026111
7 0.501906 0.414517 0.940632 0.022692
0 0.254085 0.188530 0.429739 0.301212
7 0.726852 0.236711 0.496187 0.023314
7 0.500272 0.444824 0.939542 0.024868
7 0.503813 0.649829 0.941176 0.025179
9 0.517157 0.031551 0.918845 0.037613
9 0.918028 0.260957 0.135621 0.022070
7 0.500272 0.385763 0.944989 0.022381
7 0.796024 0.294374 0.342593 0.021759
7 0.563725 0.588592 0.769063 0.023935
7 0.724129 0.122319 0.492919 0.022070
7 0.501089 0.475132 0.943355 0.022692
3 0.548475 0.304942 0.141612 0.054709
7 0.498638 0.530308 0.951525 0.027976
13 0.499183 0.357165 0.952614 0.685732
7 0.501362 0.356233 0.946078 0.022381
3 0.108115 0.603823 0.135621 0.056264
7 0.801471 0.093721 0.346950 0.023935
7 0.726852 0.207025 0.496187 0.021759
9 0.729303 0.200964 0.083878 0.030774
9 0.711329 0.556108 0.246187 0.032328
10 0.907680 0.554243 0.138889 0.023003
7 0.730120 0.178893 0.488562 0.021449
7 0.448529 0.562170 0.829521 0.023935
7 0.720044 0.149674 0.478214 0.020205
7 0.552288 0.034815 0.831155 0.023624
8 0.497549 0.479950 0.962418 0.950575
10 0.735566 0.675629 0.488562 0.018340
3 0.555283 0.072739 0.153050 0.059061
7 0.500545 0.502487 0.921569 0.021449
7 0.724401 0.265154 0.493464 0.021138
