7 0.385394 0.580931 0.200111 0.019956
7 0.392669 0.362528 0.210227 0.018108
7 0.679739 0.542775 0.194845 0.019401
7 0.675374 0.307188 0.191103 0.017184
7 0.384077 0.255266 0.195261 0.017184
7 0.681610 0.586013 0.203853 0.017184
7 0.675305 0.348577 0.192905 0.017923
9 0.679185 0.535939 0.024390 0.023097
7 0.391006 0.383500 0.207733 0.019771
9 0.469789 0.620750 0.034091 0.027162
7 0.400499 0.667129 0.171563 0.017184
7 0.390244 0.278271 0.205100 0.019217
9 0.433065 0.578991 0.028548 0.027901
9 0.746328 0.580931 0.021480 0.026977
7 0.673088 0.282613 0.189302 0.018293
9 0.586405 0.476256 0.026192 0.023097
7 0.676829 0.242239 0.194568 0.016999
2 0.242032 0.446415 0.076358 0.464523
7 0.388373 0.603936 0.207178 0.017184
7 0.676968 0.389505 0.198725 0.019586
13 0.675443 0.455654 0.216186 0.463045
7 0.386364 0.405765 0.200665 0.021434
7 0.673711 0.649667 0.182788 0.018847
7 0.676552 0.499353 0.194568 0.017554
7 0.679739 0.607169 0.197616 0.016999
7 0.379850 0.625739 0.193182 0.016814
7 0.673503 0.326127 0.190410 0.017738
7 0.679047 0.564117 0.198448 0.018108
7 0.384285 0.472838 0.194568 0.018847
9 0.755820 0.645325 0.034645 0.028640
7 0.381098 0.557742 0.198725 0.021619
9 0.291366 0.553492 0.024529 0.032705
7 0.385116 0.342387 0.194013 0.019217
7 0.676067 0.431911 0.191103 0.018293
2 0.817905 0.449649 0.083980 0.458056
7 0.390313 0.537602 0.216048 0.020880
7 0.678423 0.478566 0.192489 0.016999
7 0.678908 0.671933 0.197616 0.016445
7 0.384354 0.515244 0.194983 0.020510
7 0.675443 0.261641 0.190687 0.017738
7 0.386572 0.428677 0.198309 0.018847
7 0.677176 0.519956 0.189994 0.017369
3 0.302730 0.654287 0.050028 0.050628
13 0.394678 0.451866 0.222838 0.465447
7 0.678562 0.412694 0.197201 0.019771
7 0.676067 0.628049 0.188886 0.018847
7 0.677037 0.454453 0.194152 0.019032
7 0.677522 0.369457 0.192627 0.018662
9 0.472700 0.644586 0.042406 0.022358
8 0.349917 0.492517 0.351718 0.714893
7 0.389135 0.236419 0.204823 0.017923
7 0.408814 0.646064 0.156596 0.017554
7 0.384424 0.320214 0.193736 0.019217
8 0.706347 0.496766 0.356430 0.716371
7 0.387680 0.494642 0.197478 0.020325
7 0.385532 0.452143 0.197062 0.019217
7 0.394332 0.299889 0.214939 0.021064
