7 0.276170 0.637521 0.325431 0.036535
7 0.669566 0.887521 0.082974 0.026683
7 0.720443 0.359093 0.306342 0.033867
7 0.276940 0.258415 0.326663 0.035304
9 0.880619 0.686166 0.053417 0.056650
13 0.729064 0.473830 0.364532 0.694376
7 0.279942 0.734709 0.332050 0.037562
7 0.721367 0.644807 0.312808 0.035509
7 0.721290 0.216749 0.307728 0.032841
7 0.756158 0.408456 0.255234 0.034893
3 0.758005 0.680008 0.060653 0.054598
7 0.730834 0.264470 0.331743 0.036741
7 0.276709 0.543617 0.337284 0.036330
7 0.302186 0.160406 0.268473 0.032635
3 0.649477 0.162664 0.056958 0.047824
13 0.277248 0.466954 0.359298 0.697865
9 0.424954 0.348112 0.053417 0.067323
7 0.264240 0.210591 0.305265 0.034072
3 0.186499 0.483374 0.055881 0.041461
8 0.256466 0.501642 0.460899 0.916667
7 0.273091 0.591749 0.318658 0.035714
7 0.271167 0.450328 0.316349 0.032841
13 0.734914 0.867098 0.251232 0.085181
7 0.273014 0.686782 0.308959 0.033251
7 0.732451 0.690989 0.331281 0.037151
3 0.588747 0.538793 0.064501 0.062808
7 0.319735 0.350985 0.228756 0.035304
3 0.148707 0.365148 0.096675 0.109195
8 0.725831 0.496511 0.467365 0.909688
7 0.316964 0.400657 0.233374 0.032841
3 0.593750 0.744561 0.091749 0.090928
7 0.723753 0.598317 0.313885 0.033662
7 0.714440 0.169951 0.316502 0.034893
7 0.271167 0.494458 0.314193 0.036946
3 0.741918 0.253695 0.063270 0.057882
7 0.280557 0.303161 0.339132 0.034483
7 0.730296 0.454228 0.299261 0.034483
7 0.724138 0.311371 0.317426 0.033251
3 0.349523 0.580870 0.057112 0.057882
7 0.752309 0.550185 0.269704 0.036741
7 0.716441 0.502668 0.300185 0.034893
7 0.737916 0.857861 0.222752 0.042488
7 0.766010 0.788075 0.227217 0.034688
3 0.593673 0.398194 0.069427 0.059524
9 0.310037 0.294540 0.059421 0.052956
7 0.770089 0.740045 0.231989 0.037562
3 0.131927 0.146141 0.058190 0.054598
7 0.280865 0.784688 0.330203 0.038998
