7 0.545680 0.330751 0.433393 0.025379
7 0.573807 0.199572 0.487849 0.025379
7 0.565482 0.267139 0.485599 0.024061
7 0.572907 0.160844 0.482448 0.027686
13 0.568632 0.423533 0.515302 0.577456
7 0.567732 0.577620 0.475698 0.031312
7 0.575608 0.470995 0.489649 0.028345
7 0.569307 0.686058 0.483348 0.030653
9 0.684743 0.470007 0.046355 0.035597
3 0.545455 0.195781 0.084608 0.037574
7 0.569532 0.367007 0.479298 0.026038
7 0.569982 0.233026 0.473897 0.024390
7 0.568857 0.616018 0.484248 0.030982
7 0.568182 0.436058 0.479298 0.028345
3 0.783303 0.332070 0.046355 0.042518
8 0.496850 0.499835 0.960396 0.975280
7 0.568632 0.402604 0.481098 0.025379
7 0.574032 0.508075 0.490999 0.028675
7 0.570882 0.296968 0.478398 0.025049
3 0.722547 0.264173 0.082358 0.037904
7 0.569307 0.651285 0.483348 0.030323
7 0.574482 0.543013 0.493699 0.028016
