7 0.279403 0.586617 0.227217 0.032841
7 0.670951 0.573378 0.297568 0.017857
8 0.686115 0.496613 0.437500 0.849959
7 0.630927 0.220854 0.205511 0.022989
7 0.278864 0.352422 0.218442 0.029967
8 0.247460 0.491687 0.447198 0.873358
7 0.635314 0.392549 0.219828 0.024015
7 0.281558 0.294130 0.221675 0.029967
7 0.584744 0.511802 0.124846 0.023604
7 0.634390 0.423645 0.225677 0.021757
9 0.280634 0.578510 0.253387 0.075739
7 0.266780 0.207410 0.196736 0.028530
7 0.311961 0.238711 0.167642 0.027504
7 0.661484 0.276375 0.174877 0.025246
7 0.632389 0.454741 0.219828 0.024425
7 0.631927 0.483374 0.212438 0.023810
3 0.544797 0.255131 0.074200 0.066913
13 0.669874 0.386494 0.324969 0.416667
7 0.278941 0.412356 0.226293 0.030788
7 0.278556 0.381773 0.222137 0.028736
7 0.662869 0.248563 0.163485 0.026683
9 0.568658 0.210181 0.031712 0.036946
7 0.277786 0.441913 0.226139 0.031199
3 0.190194 0.241585 0.071890 0.075534
7 0.213978 0.468493 0.100677 0.021962
7 0.279634 0.323789 0.222445 0.028530
7 0.636161 0.364224 0.222752 0.022783
7 0.634390 0.335283 0.221675 0.021962
7 0.313039 0.267960 0.175954 0.030583
7 0.631389 0.304906 0.212900 0.023604
13 0.274246 0.391523 0.261238 0.453407
9 0.335052 0.201252 0.062654 0.033456
