9 0.858516 0.486939 0.146867 0.024150
7 0.425221 0.670897 0.308343 0.013061
7 0.808727 0.544850 0.244137 0.013307
7 0.776432 0.509118 0.307958 0.012814
7 0.432334 0.156111 0.307190 0.013553
7 0.424837 0.598324 0.305267 0.013800
9 0.643214 0.702070 0.045367 0.020207
7 0.426182 0.545712 0.307190 0.013061
7 0.774894 0.348324 0.311034 0.013553
7 0.776817 0.139601 0.311803 0.013553
3 0.661669 0.282898 0.091503 0.037950
3 0.652826 0.621488 0.076894 0.037950
9 0.716455 0.168679 0.031911 0.017496
9 0.822760 0.154017 0.023068 0.014786
3 0.319685 0.285239 0.094963 0.033268
7 0.774318 0.121365 0.303729 0.014046
7 0.426759 0.437408 0.309112 0.012814
7 0.424260 0.616313 0.304883 0.013307
7 0.802576 0.295219 0.242599 0.013307
7 0.422914 0.563701 0.306036 0.013061
9 0.322760 0.398226 0.033449 0.021193
7 0.811611 0.418433 0.225298 0.013800
9 0.815456 0.720429 0.226836 0.020453
7 0.774318 0.242238 0.304498 0.013307
13 0.425221 0.442459 0.335256 0.678413
9 0.513841 0.397856 0.038062 0.020453
7 0.425606 0.509857 0.309112 0.012814
7 0.430796 0.121858 0.307190 0.014046
9 0.632449 0.204041 0.039216 0.018236
9 0.883506 0.683095 0.093810 0.021193
7 0.429642 0.347955 0.307958 0.012814
7 0.427143 0.242607 0.302191 0.013061
9 0.904652 0.119147 0.065359 0.020946
9 0.292388 0.239404 0.057286 0.017496
7 0.428681 0.383317 0.312188 0.014046
7 0.428105 0.207122 0.307958 0.013061
7 0.801999 0.739897 0.238370 0.013061
7 0.771434 0.562839 0.303345 0.013307
9 0.491926 0.489280 0.027297 0.019468
7 0.777586 0.313085 0.311034 0.013061
7 0.774318 0.382208 0.305267 0.013307
9 0.839677 0.345983 0.175317 0.019221
9 0.454248 0.379867 0.063437 0.021439
7 0.771626 0.581198 0.301423 0.013061
8 0.501346 0.498768 0.963476 0.974864
7 0.427528 0.527723 0.304498 0.013061
9 0.343137 0.488418 0.149558 0.021193
3 0.665129 0.406235 0.080738 0.036718
9 0.777970 0.136151 0.030373 0.017989
9 0.887928 0.172006 0.030373 0.018236
13 0.775471 0.444677 0.322184 0.687777
9 0.424644 0.632701 0.321799 0.127896
9 0.294694 0.702563 0.052672 0.021193
7 0.773549 0.156481 0.300654 0.013307
9 0.428489 0.257270 0.317186 0.020207
7 0.427912 0.365081 0.312957 0.012568
7 0.772780 0.687408 0.310650 0.014046
7 0.426567 0.723139 0.300269 0.014046
7 0.772587 0.651552 0.303345 0.014293
7 0.810458 0.527107 0.243752 0.014293
7 0.776048 0.330212 0.311803 0.012814
7 0.424452 0.313455 0.303729 0.013307
7 0.775279 0.472523 0.311803 0.014046
7 0.770088 0.669542 0.299885 0.013307
3 0.660707 0.725973 0.071895 0.037950
7 0.463476 0.295343 0.233372 0.014046
7 0.777393 0.190611 0.314494 0.014046
7 0.767782 0.757393 0.301423 0.013553
7 0.773356 0.436422 0.304883 0.013307
3 0.303345 0.746673 0.098424 0.042385
7 0.799116 0.634056 0.250288 0.013800
7 0.774318 0.259980 0.306036 0.013307
7 0.456363 0.758625 0.234525 0.013553
7 0.818916 0.400197 0.234525 0.013800
7 0.431949 0.139108 0.312572 0.014539
7 0.771434 0.207368 0.310265 0.013061
7 0.430796 0.224372 0.307958 0.013553
7 0.769704 0.598448 0.302960 0.013061
7 0.435602 0.260596 0.299116 0.013061
9 0.629566 0.170527 0.033449 0.021193
9 0.531334 0.470922 0.099962 0.017250
7 0.775087 0.224741 0.306805 0.013800
7 0.816225 0.615451 0.231449 0.014046
7 0.431565 0.172992 0.307190 0.014293
9 0.524414 0.560128 0.119185 0.021193
7 0.427912 0.455520 0.310650 0.013061
9 0.777009 0.240389 0.312957 0.050517
7 0.427528 0.419295 0.304498 0.013061
7 0.426182 0.652908 0.312572 0.013553
7 0.422145 0.705643 0.304498 0.013061
7 0.770473 0.704534 0.303729 0.013800
9 0.779316 0.117669 0.039985 0.020946
9 0.281046 0.506284 0.028451 0.020453
9 0.429835 0.534377 0.311419 0.039675
9 0.861592 0.397363 0.146867 0.019468
7 0.471165 0.277846 0.214917 0.013061
9 0.777778 0.505298 0.320646 0.022425
9 0.422530 0.719936 0.314494 0.017496
7 0.465206 0.740020 0.234525 0.013800
9 0.444444 0.705890 0.040754 0.020453
7 0.773164 0.454904 0.303729 0.013800
9 0.552288 0.737432 0.063437 0.021439
9 0.816225 0.595490 0.231449 0.020453
7 0.774125 0.491868 0.302576 0.013307
7 0.429835 0.330705 0.309112 0.012321
9 0.430988 0.169172 0.322184 0.122474
7 0.425798 0.190365 0.307958 0.013553
9 0.388504 0.416708 0.152634 0.021193
9 0.715686 0.187038 0.027297 0.017250
7 0.430411 0.400567 0.312572 0.013061
7 0.774894 0.173361 0.312572 0.013061
7 0.425413 0.634795 0.301807 0.013307
7 0.810458 0.721784 0.222991 0.014293
9 0.777009 0.369640 0.316032 0.035978
7 0.425606 0.473016 0.308343 0.013553
7 0.421184 0.581814 0.314110 0.012321
7 0.817378 0.277846 0.216840 0.013553
3 0.651865 0.533760 0.082661 0.041400
9 0.518262 0.239897 0.131488 0.016511
7 0.775471 0.364835 0.305267 0.014046
9 0.853902 0.701577 0.137639 0.023164
7 0.428489 0.491745 0.307958 0.014539
7 0.423683 0.688640 0.303729 0.012568
