10 0.406641 0.224877 0.059787 0.024265
7 0.319536 0.240564 0.215968 0.016422
10 0.336185 0.538358 0.169058 0.034069
3 0.175681 0.568995 0.032745 0.028186
7 0.240894 0.536765 0.158756 0.022549
10 0.360835 0.645588 0.134474 0.025000
7 0.699687 0.566667 0.261038 0.016667
10 0.786148 0.549020 0.101361 0.027941
7 0.712840 0.400368 0.225533 0.011520
3 0.178532 0.624020 0.041023 0.032843
7 0.290747 0.553554 0.258830 0.022304
3 0.178716 0.494485 0.033297 0.026225
7 0.685798 0.547794 0.226637 0.018627
3 0.582046 0.281495 0.041943 0.033088
7 0.291851 0.572917 0.263613 0.021814
7 0.290103 0.349265 0.243561 0.022059
3 0.580942 0.360172 0.045254 0.031618
7 0.288171 0.627696 0.253679 0.017157
3 0.581218 0.397794 0.041391 0.033333
10 0.794978 0.456495 0.078182 0.028186
7 0.678992 0.453922 0.157469 0.014216
13 0.300221 0.434069 0.274834 0.454902
10 0.346026 0.482843 0.155629 0.028431
8 0.283940 0.493750 0.445364 0.793382
3 0.268488 0.425858 0.034032 0.027206
7 0.724246 0.531005 0.222958 0.015441
9 0.822756 0.624755 0.022627 0.025490
13 0.698951 0.444363 0.282745 0.500000
7 0.619113 0.266667 0.095107 0.017157
7 0.293046 0.590564 0.252024 0.014951
7 0.701987 0.342892 0.269684 0.021569
7 0.697940 0.586520 0.254231 0.017647
7 0.703274 0.325613 0.259014 0.022304
3 0.187178 0.468995 0.049117 0.046324
10 0.407837 0.408578 0.041207 0.023529
7 0.696468 0.233578 0.257542 0.022549
7 0.701527 0.379167 0.262141 0.018137
10 0.760946 0.380147 0.159860 0.028431
7 0.335449 0.425490 0.160596 0.018627
2 0.227373 0.164093 0.227741 0.098775
7 0.719371 0.509804 0.221670 0.019118
7 0.316409 0.258333 0.215232 0.016176
7 0.716887 0.254534 0.226637 0.017402
10 0.744297 0.269363 0.185063 0.022549
3 0.581218 0.427696 0.041391 0.030882
10 0.751840 0.324387 0.166299 0.026716
9 0.702539 0.545466 0.064386 0.027696
3 0.365986 0.518137 0.039551 0.026471
3 0.583977 0.452328 0.042494 0.030147
8 0.710725 0.505882 0.433591 0.790196
7 0.713300 0.363480 0.228293 0.015686
7 0.721210 0.641667 0.224614 0.017157
7 0.698216 0.624142 0.256255 0.018382
7 0.311994 0.463971 0.211921 0.016176
7 0.715876 0.662500 0.220935 0.018627
2 0.219463 0.711765 0.240986 0.131863
7 0.715416 0.438113 0.229213 0.016422
3 0.179360 0.547181 0.032009 0.026225
7 0.326343 0.407353 0.142016 0.018627
7 0.236019 0.480270 0.054452 0.014951
10 0.795254 0.491789 0.072112 0.023284
7 0.303808 0.518627 0.223510 0.016176
7 0.715324 0.290074 0.231972 0.018873
7 0.263429 0.222304 0.186166 0.017647
7 0.699595 0.606005 0.257542 0.018382
7 0.260946 0.646078 0.197020 0.021078
3 0.198859 0.402696 0.110375 0.109804
3 0.266740 0.404534 0.026490 0.022794
3 0.581218 0.337745 0.043598 0.032353
3 0.177980 0.513603 0.034768 0.026225
7 0.699503 0.473284 0.257726 0.014706
7 0.338944 0.388725 0.163539 0.016667
9 0.754507 0.587377 0.019684 0.030147
7 0.297553 0.314828 0.258830 0.019363
10 0.394960 0.446814 0.057763 0.025980
7 0.299025 0.331005 0.254047 0.020343
5 0.777962 0.363480 0.019132 0.022059
2 0.136773 0.440931 0.072664 0.625000
3 0.187270 0.243995 0.046358 0.045343
7 0.287987 0.496324 0.253679 0.024020
10 0.753311 0.416912 0.158940 0.027941
7 0.299393 0.279534 0.255887 0.018382
9 0.340784 0.446078 0.062362 0.026961
3 0.582873 0.249510 0.046909 0.032353
7 0.295714 0.297426 0.252208 0.014951
7 0.718267 0.308088 0.233812 0.018137
7 0.340416 0.369608 0.165011 0.018137
9 0.334345 0.222426 0.046542 0.024265
3 0.585449 0.650245 0.060890 0.051471
3 0.583977 0.224877 0.036976 0.034559
7 0.310982 0.445833 0.113135 0.016667
7 0.263153 0.608456 0.199227 0.018382
5 0.378219 0.572794 0.021707 0.021078
7 0.680740 0.491422 0.222038 0.019118
10 0.342623 0.611152 0.160964 0.025735
7 0.628219 0.418382 0.114054 0.016667
3 0.584253 0.513725 0.058499 0.050000
3 0.576803 0.302451 0.044702 0.036765
