7 0.683316 0.572144 0.151810 0.026611
7 0.660519 0.601807 0.197746 0.030762
7 0.660519 0.296997 0.192281 0.032959
13 0.322404 0.444702 0.231899 0.501709
7 0.656165 0.511719 0.184597 0.030762
7 0.320526 0.511230 0.204577 0.035645
7 0.317281 0.662109 0.204918 0.036133
7 0.658214 0.234009 0.192794 0.032471
7 0.663593 0.630493 0.193306 0.028564
7 0.318989 0.447388 0.197404 0.032959
8 0.696807 0.500000 0.427083 0.857422
7 0.312244 0.568848 0.195184 0.035645
7 0.319416 0.601196 0.205430 0.033447
7 0.663849 0.421753 0.200307 0.031006
7 0.659836 0.393311 0.190574 0.031738
7 0.318733 0.479858 0.200307 0.032959
8 0.273736 0.497314 0.430669 0.859375
7 0.318221 0.417969 0.196551 0.032715
7 0.659665 0.361450 0.195697 0.031982
7 0.656848 0.264893 0.193818 0.032227
7 0.659068 0.451538 0.184255 0.029541
7 0.317111 0.631470 0.205943 0.033447
13 0.662398 0.453491 0.212432 0.498291
7 0.314464 0.539673 0.197575 0.036377
7 0.665642 0.661255 0.194672 0.030518
3 0.582223 0.562744 0.049693 0.074707
7 0.322148 0.324829 0.198258 0.033447
7 0.324539 0.357056 0.204064 0.033936
7 0.324880 0.231201 0.196892 0.033691
7 0.321636 0.263672 0.193818 0.034180
7 0.666752 0.480591 0.200990 0.031494
7 0.321636 0.296509 0.194501 0.032471
7 0.315147 0.389404 0.192111 0.033203
7 0.679389 0.541626 0.151810 0.029541
7 0.662995 0.331543 0.197575 0.032715
2 0.525700 0.489990 0.077698 0.588379
