7 0.337618 0.264453 0.219486 0.028125
7 0.342760 0.228125 0.215156 0.032813
10 0.416509 0.494336 0.087686 0.027734
3 0.242896 0.430078 0.039783 0.041406
9 0.802706 0.475977 0.067659 0.040234
3 0.607442 0.356836 0.051691 0.051953
7 0.712991 0.420898 0.239513 0.028516
7 0.710149 0.320117 0.224087 0.033984
3 0.612585 0.483984 0.039783 0.039062
7 0.732476 0.488867 0.190798 0.030078
7 0.344249 0.703906 0.225710 0.028125
7 0.345737 0.635742 0.222733 0.027734
7 0.705548 0.391797 0.219215 0.031250
7 0.348038 0.367773 0.231664 0.024609
2 0.283627 0.150195 0.328552 0.106641
7 0.717456 0.355273 0.197564 0.033203
13 0.715020 0.451172 0.270095 0.511719
8 0.751556 0.528906 0.433018 0.912500
7 0.715968 0.455469 0.228687 0.032031
3 0.605413 0.421289 0.047632 0.040234
3 0.248444 0.531250 0.038430 0.041406
10 0.395535 0.596680 0.122057 0.023047
7 0.733559 0.522852 0.164817 0.027734
3 0.608119 0.254492 0.040595 0.040234
7 0.710419 0.290430 0.228958 0.030859
7 0.742084 0.552734 0.185115 0.028906
2 0.161570 0.478320 0.087686 0.763672
2 0.897835 0.462695 0.105277 0.746484
7 0.343978 0.601758 0.222463 0.029297
7 0.705954 0.255078 0.223275 0.032031
7 0.346685 0.500781 0.227334 0.028125
10 0.767930 0.214453 0.105277 0.024219
3 0.243708 0.224219 0.041407 0.046094
10 0.797429 0.646289 0.068471 0.020703
2 0.774696 0.781250 0.346685 0.132031
2 0.759134 0.141211 0.344249 0.101172
10 0.793099 0.312109 0.064682 0.024219
7 0.711502 0.655859 0.219215 0.026562
3 0.614614 0.587500 0.037348 0.039062
7 0.346279 0.668945 0.223275 0.027734
3 0.248579 0.630078 0.043031 0.036719
7 0.705277 0.221094 0.227334 0.032031
8 0.306766 0.536328 0.444655 0.917188
2 0.285521 0.792188 0.337212 0.140625
7 0.342490 0.297656 0.219486 0.028125
7 0.344249 0.570117 0.224087 0.024609
7 0.721922 0.689844 0.233018 0.036719
10 0.446820 0.393164 0.022192 0.020703
3 0.617456 0.691016 0.044655 0.050781
13 0.336130 0.458789 0.250068 0.512891
7 0.345196 0.433984 0.237889 0.025781
7 0.717321 0.622266 0.224899 0.030469
7 0.346143 0.467969 0.225169 0.025781
3 0.246143 0.291797 0.041407 0.041406
7 0.726252 0.588867 0.214614 0.033984
7 0.341949 0.333008 0.228146 0.026953
7 0.343302 0.536523 0.222733 0.026953
7 0.344655 0.400977 0.228146 0.028516
3 0.623816 0.536328 0.062246 0.065625
