13 0.271519 0.823757 0.312106 0.066634
10 0.708362 0.195316 0.017845 0.018831
3 0.497726 0.203525 0.028341 0.026557
3 0.498251 0.143650 0.033590 0.033317
7 0.607243 0.594157 0.229881 0.032352
7 0.626837 0.258329 0.185794 0.028006
7 0.611617 0.135925 0.210637 0.030420
2 0.440693 0.457267 0.026942 0.835345
8 0.249125 0.475616 0.407278 0.948334
2 0.260322 0.833414 0.376487 0.094640
10 0.704689 0.284404 0.026592 0.013520
7 0.612841 0.168276 0.200490 0.035249
10 0.709237 0.165862 0.012596 0.026557
7 0.603744 0.288508 0.229881 0.035249
3 0.523093 0.546837 0.064381 0.059392
8 0.679496 0.474891 0.435269 0.919845
7 0.643282 0.531144 0.173898 0.029937
7 0.600770 0.319652 0.219034 0.033800
7 0.621239 0.225978 0.185794 0.028006
7 0.611966 0.620473 0.237929 0.033800
7 0.610917 0.200628 0.210637 0.030420
2 0.260322 0.067117 0.378586 0.064703
7 0.609342 0.411878 0.231980 0.035732
3 0.512246 0.248914 0.058782 0.057460
10 0.720084 0.613955 0.018195 0.027523
7 0.278341 0.828102 0.290763 0.042492
7 0.608467 0.502414 0.226732 0.031386
13 0.606543 0.383631 0.255073 0.517141
10 0.700840 0.132786 0.027992 0.015451
7 0.603044 0.379285 0.217985 0.034283
7 0.601645 0.441091 0.229181 0.035249
2 0.101470 0.456543 0.058782 0.833897
0 0.274668 0.444230 0.285514 0.689522
7 0.620539 0.558909 0.206088 0.030420
7 0.602519 0.349590 0.224633 0.030903
3 0.498950 0.173105 0.030791 0.032352
7 0.607768 0.473684 0.228831 0.030903
