7 0.679670 0.589246 0.056957 0.017369
7 0.371535 0.235588 0.196231 0.027716
3 0.599363 0.588877 0.098115 0.088322
13 0.368625 0.409276 0.210643 0.413895
7 0.362943 0.453806 0.184590 0.024760
2 0.824626 0.220806 0.109063 0.209165
7 0.390382 0.321785 0.151885 0.027531
3 0.292891 0.295916 0.060560 0.070399
13 0.668999 0.592203 0.198864 0.092757
2 0.319568 0.739283 0.308758 0.165558
7 0.365854 0.589708 0.202051 0.030118
2 0.221799 0.455100 0.109895 0.711382
7 0.368417 0.347838 0.193598 0.027162
9 0.466186 0.264597 0.026330 0.031412
8 0.728520 0.513950 0.442073 0.857908
0 0.826705 0.436715 0.109895 0.211567
7 0.708911 0.562084 0.115992 0.022542
7 0.364191 0.262010 0.184867 0.026977
0 0.669831 0.740392 0.197201 0.183296
0 0.670247 0.337121 0.194706 0.405950
2 0.328368 0.166574 0.299473 0.129897
7 0.393154 0.294069 0.134978 0.026792
7 0.388927 0.509054 0.144817 0.026608
7 0.362251 0.561992 0.194845 0.027531
3 0.289357 0.483647 0.052938 0.061160
7 0.369734 0.399760 0.193736 0.027162
9 0.429462 0.425166 0.016630 0.024021
7 0.721383 0.616962 0.075804 0.022912
2 0.537694 0.692350 0.060421 0.286401
7 0.365854 0.426183 0.191242 0.026423
7 0.368625 0.372598 0.197616 0.026423
8 0.300305 0.504435 0.412694 0.883592
7 0.389482 0.481892 0.137057 0.024390
2 0.539773 0.235403 0.061253 0.202513
7 0.362251 0.534553 0.189302 0.027716
10 0.739052 0.583241 0.057095 0.021249
0 0.539773 0.442350 0.062916 0.204730
9 0.436391 0.451959 0.047118 0.033259
9 0.394263 0.392923 0.015244 0.033075
3 0.664357 0.611234 0.026885 0.034738
2 0.821716 0.691796 0.111558 0.291944
