7 0.636641 0.379157 0.190965 0.026238
7 0.660754 0.603751 0.162694 0.022727
7 0.369110 0.572986 0.182788 0.025868
7 0.637403 0.506652 0.202190 0.025499
7 0.636641 0.477642 0.190133 0.025868
3 0.398975 0.407613 0.034368 0.040281
7 0.371120 0.378880 0.190410 0.026053
7 0.655141 0.636456 0.160892 0.023466
7 0.642877 0.344143 0.200388 0.026423
7 0.371605 0.345898 0.186391 0.024760
3 0.309867 0.565318 0.027439 0.039357
8 0.301552 0.512565 0.375831 0.826312
7 0.638581 0.311253 0.187084 0.026053
9 0.721660 0.602458 0.063609 0.034922
7 0.637057 0.446138 0.188470 0.027162
7 0.371050 0.541667 0.179185 0.023836
3 0.392115 0.635717 0.028686 0.039357
13 0.650291 0.467018 0.226857 0.444383
7 0.367932 0.445861 0.185144 0.024390
7 0.368279 0.601996 0.190826 0.024021
7 0.635948 0.568367 0.191242 0.026977
3 0.606361 0.403086 0.029518 0.040096
3 0.555017 0.620196 0.043237 0.075942
3 0.575873 0.502772 0.030072 0.040281
7 0.372021 0.311715 0.189717 0.025129
9 0.723046 0.566519 0.038664 0.036955
7 0.375069 0.277624 0.191657 0.025684
7 0.369180 0.507668 0.183481 0.028640
3 0.317420 0.503234 0.032844 0.041205
7 0.637403 0.539172 0.203021 0.029933
7 0.636225 0.411955 0.187639 0.027901
13 0.371535 0.457964 0.213969 0.429601
8 0.696785 0.530303 0.371674 0.832964
7 0.640313 0.277069 0.191657 0.024945
7 0.367863 0.478012 0.185560 0.020325
7 0.370150 0.634516 0.189856 0.022542
7 0.369942 0.412509 0.184728 0.023836
3 0.307788 0.304324 0.035754 0.043976
