7 0.449865 0.541086 0.736960 0.019335
7 0.640513 0.269690 0.438399 0.020756
7 0.445369 0.677140 0.785522 0.024168
7 0.447617 0.434319 0.802608 0.020188
2 0.223696 0.371481 0.352968 0.035542
3 0.486960 0.148706 0.120504 0.056298
7 0.250674 0.708416 0.406025 0.021325
3 0.105665 0.633779 0.134892 0.061985
9 0.788669 0.209980 0.075540 0.036110
3 0.481790 0.361530 0.117356 0.055445
7 0.487410 0.621126 0.630396 0.021894
7 0.627698 0.191925 0.413669 0.019335
9 0.628597 0.264856 0.061151 0.032130
7 0.441322 0.566818 0.797212 0.027580
7 0.481565 0.105630 0.692446 0.015070
7 0.685027 0.165340 0.292716 0.021325
2 0.377698 0.252061 0.062950 0.265283
7 0.626124 0.323429 0.416817 0.019619
7 0.689523 0.349730 0.270234 0.018766
7 0.437275 0.460478 0.777428 0.021325
2 0.232464 0.127523 0.349820 0.029855
13 0.455486 0.410151 0.848022 0.634916
7 0.394784 0.596958 0.687050 0.022462
7 0.623201 0.216804 0.401079 0.018482
7 0.647482 0.242536 0.437950 0.021041
7 0.447167 0.515923 0.798112 0.021894
8 0.474595 0.498721 0.911421 0.922377
9 0.466502 0.104919 0.739658 0.029571
7 0.684353 0.138612 0.280576 0.020188
7 0.517761 0.647853 0.694694 0.025306
9 0.614209 0.589565 0.199640 0.029855
7 0.697392 0.377026 0.326439 0.019903
7 0.438624 0.407307 0.777428 0.020756
7 0.628372 0.297128 0.415018 0.021609
9 0.784397 0.319591 0.111960 0.025590
2 0.093300 0.251493 0.082284 0.273244
0 0.236736 0.242678 0.250450 0.215809
7 0.436376 0.488911 0.785522 0.022462
10 0.774730 0.588996 0.125899 0.027580
10 0.637365 0.702303 0.432104 0.039807
