8 0.678959 0.486867 0.338009 0.852189
7 0.636652 0.619742 0.186652 0.021974
7 0.369457 0.303691 0.197059 0.017854
7 0.643439 0.237167 0.188009 0.018369
7 0.365385 0.666524 0.185747 0.018026
7 0.369683 0.611588 0.195928 0.018712
7 0.367873 0.276652 0.190724 0.019399
7 0.368326 0.254764 0.195928 0.014764
7 0.366120 0.448069 0.182240 0.018884
7 0.636878 0.643691 0.188688 0.024549
7 0.640215 0.574592 0.194910 0.023004
2 0.226301 0.424206 0.084276 0.510558
2 0.782070 0.432189 0.079299 0.519313
7 0.639140 0.549185 0.191629 0.021288
7 0.639367 0.666695 0.193665 0.021803
7 0.640385 0.596395 0.193213 0.020944
7 0.369231 0.234506 0.195701 0.017854
7 0.642873 0.257597 0.186652 0.018712
7 0.643326 0.428326 0.189367 0.020601
7 0.641912 0.524464 0.193778 0.020601
7 0.367308 0.350300 0.187783 0.019399
7 0.363631 0.375279 0.186538 0.018884
7 0.364423 0.494850 0.183824 0.017682
7 0.365667 0.471073 0.181787 0.018541
7 0.367760 0.519142 0.190498 0.019227
13 0.638801 0.430386 0.210407 0.512961
7 0.647059 0.192275 0.191855 0.017854
7 0.364027 0.209442 0.182127 0.017167
7 0.368552 0.589785 0.191855 0.019399
7 0.641686 0.404034 0.189932 0.019056
7 0.642986 0.352704 0.193213 0.021803
7 0.365554 0.564120 0.185633 0.019227
7 0.639310 0.327983 0.183371 0.022146
7 0.635690 0.451416 0.178394 0.020773
7 0.645758 0.380515 0.196267 0.019742
7 0.370475 0.543348 0.195928 0.017511
7 0.362613 0.402833 0.178846 0.019399
7 0.643439 0.280944 0.183258 0.020773
7 0.639819 0.476481 0.187330 0.023176
7 0.639027 0.499227 0.188914 0.022661
13 0.372002 0.426009 0.202149 0.516910
8 0.330204 0.477511 0.344570 0.841030
7 0.368835 0.326094 0.194683 0.019742
7 0.644910 0.305579 0.190045 0.020601
7 0.370588 0.425751 0.193213 0.018884
7 0.647398 0.215708 0.192760 0.019056
7 0.367025 0.637511 0.189480 0.019056
7 0.369118 0.186781 0.191629 0.018197
