2 0.727505 0.443633 0.257167 0.798395
7 0.391428 0.228965 0.386602 0.028389
2 0.138093 0.447645 0.113823 0.799424
7 0.376668 0.194199 0.354811 0.010697
7 0.248226 0.303436 0.102469 0.011109
7 0.382345 0.626311 0.369004 0.029006
7 0.390009 0.266920 0.382061 0.022835
9 0.376526 0.615305 0.382345 0.047727
2 0.487369 0.102139 0.737440 0.110883
8 0.509509 0.502160 0.925915 0.960708
10 0.439966 0.295104 0.275334 0.017898
13 0.394408 0.407015 0.397105 0.490228
2 0.468919 0.745320 0.768095 0.199547
