7 0.643759 0.663875 0.447305 0.027915
7 0.593978 0.594089 0.559495 0.029557
9 0.592521 0.456158 0.089364 0.044007
7 0.582322 0.155008 0.543953 0.020361
7 0.599320 0.530542 0.562409 0.028571
7 0.577222 0.497537 0.510442 0.027586
7 0.647644 0.628571 0.486158 0.026273
9 0.793589 0.521839 0.045653 0.038752
7 0.596649 0.562397 0.550267 0.033169
7 0.821515 0.189491 0.089849 0.017734
9 0.862312 0.618555 0.087907 0.038424
7 0.600049 0.427586 0.591064 0.021675
7 0.776833 0.293596 0.134531 0.029557
3 0.739194 0.196552 0.079650 0.058785
7 0.783876 0.259278 0.191355 0.026601
3 0.357941 0.641215 0.110733 0.073235
7 0.829043 0.223645 0.088392 0.025616
8 0.501214 0.501478 0.954832 0.970772
7 0.594220 0.731199 0.536668 0.027258
7 0.593006 0.698194 0.546867 0.032184
13 0.603205 0.436289 0.581836 0.606568
7 0.788975 0.329064 0.155901 0.027586
7 0.778776 0.393596 0.140359 0.025944
7 0.776833 0.361412 0.151044 0.027915
0 0.491986 0.281281 0.369111 0.230870
7 0.606848 0.463218 0.565809 0.025944
9 0.589607 0.153366 0.548810 0.036125
