9 0.318735 0.487993 0.049723 0.035099
9 0.351909 0.545259 0.027709 0.035099
13 0.698507 0.445608 0.273553 0.500000
7 0.274554 0.548851 0.227371 0.021346
7 0.725523 0.601088 0.178264 0.027709
7 0.298645 0.374282 0.179803 0.024425
2 0.540563 0.446531 0.060807 0.481732
7 0.614763 0.665948 0.082974 0.021552
7 0.717980 0.314963 0.196429 0.021552
7 0.716364 0.228243 0.198122 0.023810
7 0.726139 0.369561 0.170259 0.023194
9 0.342211 0.517549 0.019397 0.031404
10 0.802802 0.537254 0.022783 0.022373
7 0.297183 0.258826 0.192272 0.025452
7 0.694273 0.429598 0.234298 0.023810
10 0.796644 0.478756 0.022783 0.020320
3 0.588593 0.309216 0.047876 0.028941
9 0.770859 0.533251 0.029095 0.033251
7 0.678725 0.515291 0.213362 0.021141
10 0.800185 0.507492 0.025554 0.023604
7 0.732913 0.342159 0.184421 0.024631
3 0.600062 0.354577 0.077586 0.061371
7 0.276324 0.520833 0.239224 0.024425
7 0.695813 0.573584 0.237069 0.014163
10 0.367765 0.285509 0.058498 0.021346
9 0.811730 0.306240 0.033251 0.029557
13 0.277786 0.441400 0.264624 0.491585
7 0.205973 0.667693 0.100062 0.025862
8 0.705357 0.509955 0.447352 0.832718
9 0.790256 0.562808 0.045720 0.033251
10 0.372537 0.487993 0.055419 0.019089
9 0.375462 0.309011 0.030480 0.035099
7 0.296798 0.232451 0.192734 0.021962
9 0.210052 0.663383 0.098368 0.045977
9 0.771552 0.507389 0.036022 0.036946
10 0.377694 0.634750 0.019243 0.024015
7 0.310268 0.609093 0.165794 0.024425
3 0.598907 0.610632 0.067580 0.059113
2 0.109221 0.440784 0.093442 0.485016
3 0.173030 0.253284 0.046490 0.030378
7 0.281635 0.578818 0.241533 0.024631
10 0.797183 0.624384 0.047568 0.019704
3 0.178648 0.355090 0.056496 0.059934
9 0.387931 0.571121 0.036022 0.031404
3 0.172568 0.220341 0.049261 0.036741
7 0.710437 0.285201 0.181650 0.024015
7 0.306034 0.638649 0.158251 0.023604
7 0.293565 0.315887 0.191810 0.026683
7 0.695274 0.400657 0.248922 0.025452
3 0.587823 0.222393 0.052802 0.031404
7 0.265086 0.435447 0.235222 0.022373
7 0.299107 0.346162 0.178571 0.022373
7 0.249230 0.492611 0.191810 0.022167
7 0.691964 0.543822 0.227217 0.026067
9 0.748692 0.481527 0.051262 0.036946
7 0.681727 0.486248 0.215671 0.023810
9 0.740379 0.631158 0.070659 0.033251
7 0.719982 0.254310 0.201663 0.027915
3 0.588439 0.283149 0.048491 0.029762
3 0.173799 0.309011 0.046798 0.032225
9 0.329126 0.634852 0.064963 0.033251
7 0.266857 0.463773 0.222752 0.021962
10 0.379695 0.543617 0.015548 0.017036
7 0.280942 0.287151 0.164409 0.024631
7 0.690579 0.457204 0.226601 0.024836
3 0.173491 0.280686 0.047414 0.024425
10 0.795182 0.279454 0.048799 0.024425
10 0.375462 0.518781 0.048337 0.019910
8 0.269550 0.519089 0.441502 0.821018
9 0.617842 0.654146 0.082974 0.042282
3 0.185499 0.612890 0.076355 0.061166
3 0.589671 0.253181 0.049107 0.030172
7 0.713516 0.631979 0.146244 0.021757
7 0.266318 0.404044 0.219520 0.012521
