7 0.657545 0.351066 0.231818 0.027725
7 0.304000 0.258412 0.233818 0.032938
8 0.707455 0.517299 0.416364 0.809479
7 0.305818 0.520379 0.224364 0.027962
5 0.676636 0.319550 0.036909 0.031991
7 0.661091 0.523697 0.231636 0.025118
7 0.304000 0.347986 0.225091 0.028199
7 0.310273 0.318720 0.231818 0.032701
7 0.661818 0.639929 0.225091 0.026303
7 0.309091 0.610900 0.220727 0.028910
7 0.304091 0.434597 0.226727 0.032701
7 0.308727 0.404028 0.236000 0.032701
5 0.344909 0.404621 0.033455 0.036730
7 0.662636 0.292654 0.245273 0.033649
7 0.666000 0.609123 0.235273 0.026777
7 0.662273 0.468957 0.231455 0.025592
13 0.671182 0.452725 0.278000 0.439100
7 0.661818 0.377962 0.238545 0.028436
5 0.606091 0.440284 0.040545 0.034597
5 0.344818 0.552962 0.030000 0.034360
7 0.325182 0.492180 0.191091 0.027014
7 0.665455 0.583531 0.230182 0.027725
5 0.629909 0.495498 0.031818 0.029858
7 0.664364 0.438863 0.232000 0.030332
7 0.664545 0.498223 0.230909 0.026303
8 0.261091 0.523104 0.430545 0.807346
7 0.307909 0.580687 0.219818 0.022512
5 0.250455 0.317180 0.031818 0.036730
7 0.662545 0.407701 0.232000 0.029621
7 0.308818 0.289573 0.233273 0.029858
7 0.652545 0.264929 0.217091 0.027014
7 0.304000 0.375711 0.223636 0.022512
7 0.315000 0.462915 0.244182 0.033886
7 0.652909 0.317417 0.218909 0.029621
5 0.209000 0.489692 0.033636 0.036730
9 0.309727 0.610071 0.023455 0.036256
7 0.662273 0.554028 0.231818 0.024645
9 0.408000 0.615521 0.020727 0.036256
13 0.304364 0.463389 0.277091 0.476066
7 0.308000 0.551896 0.236000 0.029858
3 0.217818 0.649882 0.061818 0.061374
7 0.335182 0.642891 0.166727 0.024171
5 0.738455 0.550711 0.030000 0.029858
