7 0.651659 0.640643 0.198503 0.033918
2 0.816168 0.455848 0.116754 0.428655
7 0.670275 0.269591 0.157224 0.028070
10 0.360279 0.427193 0.124039 0.033333
7 0.335593 0.278509 0.168151 0.019006
13 0.332760 0.425877 0.209025 0.417251
7 0.650951 0.422222 0.164306 0.029240
10 0.420983 0.328070 0.037434 0.032164
7 0.330635 0.327047 0.182922 0.023684
8 0.701538 0.534649 0.409955 0.916082
13 0.653278 0.447661 0.203764 0.445029
7 0.668151 0.560526 0.157831 0.030409
7 0.340045 0.458918 0.175435 0.024269
7 0.323553 0.512135 0.185350 0.021930
10 0.369486 0.532602 0.112505 0.037135
7 0.657325 0.397222 0.191218 0.033626
7 0.603501 0.317836 0.082355 0.024561
3 0.575374 0.331725 0.037030 0.044737
10 0.366046 0.614620 0.114124 0.032164
7 0.645589 0.610819 0.184743 0.032749
3 0.568798 0.436111 0.032780 0.035965
3 0.576791 0.255117 0.039862 0.044737
2 0.163699 0.429094 0.131121 0.441228
7 0.328511 0.403363 0.189195 0.023684
3 0.242918 0.449561 0.032578 0.037135
7 0.337212 0.566813 0.162890 0.022515
7 0.664508 0.449123 0.165925 0.029825
3 0.242007 0.558333 0.036423 0.042398
7 0.328612 0.484357 0.192230 0.022515
3 0.568697 0.532018 0.045123 0.064035
7 0.342169 0.353509 0.147713 0.019883
7 0.322744 0.593129 0.182922 0.023099
7 0.657730 0.295906 0.192028 0.029825
3 0.241603 0.269152 0.037232 0.039474
3 0.251416 0.354094 0.049575 0.061404
7 0.656718 0.371637 0.188790 0.032749
10 0.693545 0.323538 0.126467 0.038304
7 0.649433 0.583187 0.190813 0.033041
7 0.279239 0.537427 0.099555 0.019298
7 0.667544 0.533187 0.148523 0.030117
7 0.350668 0.379094 0.151356 0.021345
7 0.655605 0.505263 0.191825 0.036257
7 0.335087 0.250000 0.196277 0.022222
9 0.707305 0.532310 0.069405 0.030117
7 0.654897 0.477632 0.192837 0.034795
7 0.328410 0.302924 0.190611 0.020468
7 0.672197 0.347661 0.161068 0.030409
8 0.278025 0.519152 0.409551 0.907310
7 0.268515 0.617690 0.076892 0.020175
9 0.733610 0.450877 0.035006 0.031579
7 0.271044 0.427632 0.077094 0.021345
