7 0.657322 0.295336 0.154718 0.017814
7 0.656633 0.318054 0.156097 0.018014
7 0.428539 0.341573 0.153339 0.017414
13 0.431756 0.424239 0.172641 0.319255
7 0.433977 0.408727 0.163297 0.016413
7 0.658624 0.406225 0.156710 0.018615
7 0.429458 0.362790 0.157935 0.021417
7 0.653799 0.362590 0.146140 0.017814
7 0.427849 0.541633 0.155331 0.022018
7 0.653033 0.385508 0.146752 0.016813
7 0.425398 0.451161 0.147059 0.018014
7 0.656710 0.453463 0.155944 0.027822
8 0.380898 0.483687 0.308977 0.646317
7 0.658548 0.497998 0.159620 0.018014
7 0.656327 0.520516 0.150888 0.017414
8 0.695466 0.482986 0.313419 0.646117
7 0.424939 0.565653 0.149203 0.018415
7 0.428232 0.497098 0.155484 0.018615
7 0.427619 0.297338 0.153646 0.017814
7 0.427237 0.517914 0.154718 0.018615
7 0.429764 0.430444 0.153952 0.016213
7 0.655867 0.476481 0.154871 0.021817
7 0.651042 0.340472 0.141850 0.016813
7 0.427773 0.385809 0.149050 0.017814
7 0.655101 0.565853 0.149050 0.019215
7 0.427007 0.320056 0.151195 0.016813
7 0.659314 0.541333 0.153493 0.023018
7 0.656097 0.430645 0.152267 0.017414
7 0.430453 0.473679 0.159314 0.020216
13 0.656403 0.432446 0.172488 0.312450
