7 0.724827 0.302935 0.394071 0.016826
7 0.627115 0.368460 0.189947 0.017932
10 0.839536 0.410341 0.167875 0.019160
7 0.747704 0.480287 0.358627 0.019528
5 0.529563 0.345185 0.054455 0.032547
7 0.701466 0.651744 0.323828 0.017809
7 0.641856 0.246070 0.221041 0.017318
10 0.841067 0.603353 0.176736 0.012405
7 0.721041 0.502763 0.391977 0.019528
10 0.861608 0.563498 0.126631 0.020142
5 0.524488 0.254790 0.058805 0.044829
10 0.896971 0.651069 0.079426 0.022599
5 0.546560 0.587079 0.050105 0.029231
10 0.774770 0.321665 0.300306 0.023581
7 0.720235 0.219049 0.403577 0.013633
7 0.736910 0.524011 0.395682 0.019528
7 0.737313 0.437300 0.348800 0.022476
7 0.731916 0.265475 0.369583 0.018300
7 0.679797 0.567060 0.289512 0.018669
5 0.542774 0.628592 0.048655 0.033653
7 0.723377 0.390936 0.373772 0.024564
7 0.664814 0.416360 0.263412 0.018914
7 0.582165 0.330386 0.109715 0.017440
13 0.718785 0.443380 0.462220 0.482682
7 0.745207 0.628961 0.373933 0.016212
8 0.659900 0.469172 0.600934 0.722918
7 0.724182 0.458794 0.375705 0.018791
5 0.536249 0.479919 0.047205 0.025915
5 0.538424 0.543294 0.051555 0.031319
5 0.532544 0.433309 0.054616 0.026775
10 0.826325 0.367662 0.206219 0.023459
5 0.540599 0.394559 0.058805 0.034758
7 0.723860 0.348809 0.409215 0.026283
7 0.743918 0.588000 0.361044 0.015352
7 0.722732 0.284205 0.392460 0.013756
7 0.749074 0.544584 0.346544 0.019651
10 0.817384 0.240727 0.217980 0.023581
7 0.711455 0.606669 0.348316 0.022476
