13 0.358720 0.430025 0.208241 0.453186
7 0.616538 0.397549 0.130427 0.017647
7 0.653790 0.507230 0.142384 0.015931
7 0.359731 0.440564 0.161700 0.017892
7 0.628771 0.440564 0.157469 0.017402
8 0.692053 0.516789 0.377483 0.874265
7 0.633186 0.357598 0.170346 0.016176
7 0.357340 0.376103 0.163171 0.016912
7 0.357432 0.272917 0.162987 0.015931
7 0.360375 0.482966 0.163723 0.017402
7 0.605040 0.567279 0.111111 0.016912
7 0.353845 0.251471 0.159124 0.015686
13 0.635854 0.439093 0.208057 0.487010
7 0.629599 0.614583 0.165011 0.017402
7 0.627759 0.462745 0.158021 0.020098
7 0.346302 0.637255 0.142200 0.018137
7 0.602189 0.313235 0.094739 0.014706
8 0.301049 0.515809 0.383554 0.876225
7 0.352741 0.505270 0.153974 0.017402
7 0.356972 0.355270 0.162068 0.016912
10 0.685982 0.314338 0.059971 0.013971
7 0.363319 0.611765 0.172921 0.023529
7 0.358628 0.550735 0.161700 0.018137
7 0.635578 0.379044 0.171818 0.017892
3 0.562086 0.502083 0.032561 0.022304
7 0.669794 0.272549 0.102649 0.013235
3 0.578826 0.248407 0.073767 0.065931
7 0.652962 0.591054 0.141464 0.016422
7 0.631898 0.636765 0.166299 0.019118
7 0.627116 0.482598 0.156733 0.019118
7 0.373620 0.315441 0.110375 0.016176
3 0.562454 0.414338 0.029617 0.020343
7 0.361663 0.398284 0.170714 0.018627
7 0.358904 0.462377 0.161148 0.017402
9 0.319169 0.251348 0.017660 0.023284
10 0.687546 0.568505 0.048381 0.014461
7 0.649558 0.420098 0.139073 0.018627
7 0.367458 0.593015 0.181199 0.018873
7 0.634842 0.295711 0.166667 0.016912
3 0.293506 0.322917 0.042862 0.043873
7 0.356236 0.418382 0.159860 0.017647
7 0.356972 0.231127 0.162804 0.016667
3 0.562822 0.333701 0.028146 0.022794
7 0.357800 0.571324 0.161516 0.019118
7 0.380611 0.330392 0.121045 0.023039
7 0.636038 0.548407 0.173473 0.016912
7 0.667586 0.252941 0.100809 0.017157
10 0.697296 0.398162 0.025570 0.013971
3 0.562270 0.587500 0.030721 0.022549
7 0.635486 0.527083 0.170898 0.017892
7 0.651490 0.335907 0.148087 0.014951
7 0.337932 0.292157 0.119573 0.012255
10 0.416391 0.291299 0.032929 0.015931
7 0.666483 0.233088 0.097498 0.017647
7 0.355868 0.524755 0.163907 0.022549
