7 0.685811 0.600210 0.467117 0.021334
7 0.679054 0.575270 0.463514 0.021935
7 0.667117 0.668119 0.416216 0.018930
7 0.703829 0.547326 0.417568 0.024940
8 0.535360 0.490385 0.849099 0.908053
7 0.687613 0.699369 0.453604 0.023137
7 0.690991 0.397386 0.475676 0.020132
7 0.687838 0.498047 0.458559 0.024339
7 0.675676 0.449820 0.478378 0.021635
7 0.652703 0.272686 0.431532 0.021334
7 0.681306 0.474609 0.473423 0.021935
7 0.676577 0.425481 0.448649 0.019231
13 0.688739 0.458834 0.509009 0.519832
7 0.660811 0.351112 0.436036 0.020733
7 0.688063 0.628305 0.462613 0.019832
7 0.676802 0.375300 0.471622 0.017428
7 0.702477 0.521935 0.451802 0.021635
7 0.671622 0.324219 0.445946 0.020433
7 0.680180 0.219651 0.463063 0.025240
7 0.671171 0.299579 0.449550 0.021635
7 0.636036 0.247145 0.386486 0.024339
