3 0.686776 0.617766 0.076952 0.039494
2 0.671005 0.688087 0.540186 0.041971
2 0.636994 0.754367 0.721832 0.095803
2 0.426183 0.457117 0.040661 0.499218
7 0.778548 0.577750 0.259738 0.029327
0 0.680790 0.334398 0.429793 0.415146
2 0.968839 0.465394 0.060042 0.667231
7 0.784724 0.545034 0.263728 0.022028
2 0.925708 0.457117 0.036101 0.509124
13 0.780448 0.578989 0.283298 0.179614
7 0.781588 0.515446 0.259738 0.024896
2 0.346855 0.464481 0.146494 0.672185
7 0.776268 0.613204 0.258218 0.028285
9 0.785769 0.513165 0.261638 0.037800
7 0.774368 0.647224 0.247577 0.023071
3 0.554627 0.595542 0.182405 0.123566
8 0.630249 0.483511 0.727722 0.739703
