7 0.699217 0.462111 0.244738 0.028028
7 0.363926 0.503979 0.224670 0.030796
7 0.695546 0.353979 0.233480 0.027682
7 0.626530 0.716090 0.097406 0.026644
3 0.593490 0.417301 0.055311 0.051903
7 0.701664 0.500173 0.245717 0.027336
3 0.272149 0.271453 0.049437 0.050173
7 0.721977 0.426471 0.201175 0.026644
7 0.369799 0.574913 0.234949 0.028028
3 0.268600 0.532353 0.061429 0.048097
7 0.403451 0.723702 0.154919 0.024567
3 0.587004 0.560727 0.047234 0.051557
7 0.365027 0.354152 0.223935 0.029412
7 0.307513 0.241176 0.104503 0.026990
9 0.414953 0.642042 0.023740 0.041176
7 0.390602 0.539100 0.190406 0.026990
10 0.468429 0.499827 0.036711 0.030104
10 0.750857 0.527336 0.139011 0.028374
13 0.368820 0.474740 0.254528 0.559862
7 0.682942 0.388754 0.212188 0.026644
7 0.388155 0.391176 0.194322 0.029412
3 0.277411 0.699827 0.090798 0.100000
7 0.673642 0.279758 0.181840 0.028028
7 0.370534 0.428547 0.235928 0.029412
8 0.735438 0.519031 0.415076 0.925260
7 0.714635 0.317647 0.196769 0.026990
7 0.691140 0.607266 0.226628 0.030450
7 0.696280 0.243080 0.228096 0.028720
7 0.391336 0.279758 0.188448 0.028028
7 0.694200 0.644637 0.233235 0.027682
10 0.786711 0.275606 0.074156 0.031488
7 0.720999 0.570934 0.215370 0.026990
7 0.374572 0.317128 0.241067 0.028028
3 0.601077 0.306401 0.054332 0.046713
7 0.699951 0.680277 0.246207 0.026990
7 0.643417 0.534256 0.126774 0.026990
10 0.737274 0.710727 0.166177 0.031834
10 0.416667 0.236505 0.151982 0.030104
10 0.793196 0.387197 0.049437 0.028374
8 0.327704 0.516609 0.422907 0.937024
7 0.368209 0.611592 0.240578 0.030104
7 0.397699 0.691176 0.155164 0.033564
13 0.699584 0.478201 0.258199 0.546713
7 0.369187 0.464706 0.237151 0.029758
7 0.370044 0.648616 0.246207 0.031488
3 0.271659 0.384775 0.046011 0.049827
