7 0.254406 0.693237 0.329755 0.039474
7 0.252380 0.831548 0.322463 0.039474
7 0.725339 0.445073 0.332186 0.029682
7 0.734758 0.785955 0.348187 0.033966
7 0.266964 0.347307 0.345959 0.037332
7 0.266559 0.175031 0.344744 0.032436
7 0.720984 0.272797 0.331173 0.035802
8 0.260482 0.500000 0.463844 0.930233
13 0.266052 0.479498 0.366417 0.761934
7 0.727567 0.169829 0.340288 0.034884
7 0.732429 0.582160 0.339883 0.036414
7 0.723719 0.342411 0.329350 0.031824
7 0.262102 0.591799 0.340288 0.044064
7 0.729694 0.548807 0.341300 0.031518
7 0.256735 0.419523 0.328742 0.036108
7 0.729694 0.823133 0.329957 0.036108
7 0.260381 0.455018 0.334009 0.035496
8 0.731011 0.501836 0.463034 0.922277
7 0.264027 0.557528 0.348997 0.039780
7 0.731315 0.306610 0.349808 0.031212
7 0.730302 0.376683 0.345351 0.029988
7 0.736783 0.513311 0.353048 0.030906
7 0.727972 0.714657 0.331780 0.033966
7 0.726555 0.205936 0.342313 0.035496
7 0.265039 0.278611 0.334819 0.032742
7 0.266457 0.208690 0.344946 0.034272
7 0.253393 0.764535 0.332996 0.039474
7 0.265242 0.488831 0.348187 0.035190
7 0.731112 0.751683 0.333603 0.037026
7 0.733036 0.615361 0.339883 0.034272
7 0.259874 0.661567 0.347174 0.039168
7 0.268584 0.312424 0.354061 0.034272
7 0.730201 0.648868 0.334211 0.029682
7 0.721288 0.136628 0.343123 0.030906
7 0.258051 0.140912 0.331375 0.034578
7 0.731011 0.681763 0.336237 0.036108
7 0.261495 0.242044 0.339477 0.030600
7 0.256431 0.521879 0.335021 0.035190
7 0.256836 0.798042 0.339072 0.040392
13 0.733745 0.474143 0.376139 0.748776
7 0.724225 0.407742 0.330768 0.035802
7 0.249646 0.625918 0.323881 0.041310
7 0.724124 0.477968 0.330160 0.031212
7 0.255823 0.727203 0.333806 0.040086
7 0.727770 0.239137 0.336642 0.032742
7 0.263925 0.385557 0.343934 0.034272
