3 0.678585 0.637623 0.039890 0.033578
13 0.313235 0.435662 0.265809 0.485049
7 0.312224 0.418995 0.225184 0.024265
7 0.719853 0.580270 0.117647 0.020343
0 0.662408 0.325245 0.232537 0.372549
7 0.309467 0.388358 0.228493 0.024265
7 0.667555 0.609681 0.015625 0.020833
7 0.335846 0.326103 0.177206 0.022794
7 0.290901 0.645466 0.189154 0.024265
7 0.313143 0.262745 0.234007 0.025000
10 0.734467 0.605637 0.101287 0.029902
3 0.220312 0.339706 0.079963 0.071078
7 0.312040 0.231740 0.228125 0.024265
7 0.314890 0.449510 0.230515 0.025490
2 0.692187 0.737377 0.381434 0.148775
8 0.691636 0.489216 0.384743 0.753431
7 0.311857 0.577696 0.233272 0.024510
13 0.666085 0.587255 0.243934 0.143137
7 0.309283 0.294363 0.222243 0.024020
2 0.514430 0.468995 0.055331 0.690931
7 0.306618 0.611642 0.218382 0.024755
2 0.835018 0.468382 0.097978 0.686765
3 0.602849 0.587990 0.113787 0.137745
7 0.738603 0.642157 0.078676 0.021569
7 0.720129 0.550245 0.118566 0.022059
9 0.324908 0.644485 0.134743 0.044853
7 0.343566 0.354044 0.166176 0.025245
7 0.311489 0.546446 0.235110 0.025245
9 0.388787 0.295221 0.080147 0.035539
7 0.307537 0.512990 0.219485 0.023529
7 0.311305 0.480515 0.229228 0.025245
8 0.298621 0.492770 0.380699 0.774265
