13 0.336900 0.437705 0.241841 0.460796
3 0.262315 0.487582 0.054187 0.036741
10 0.716441 0.481527 0.118842 0.021757
7 0.284868 0.540538 0.090055 0.019089
10 0.731373 0.234298 0.096675 0.026478
13 0.680804 0.429598 0.245536 0.454023
7 0.254233 0.346470 0.034637 0.017241
7 0.674569 0.371511 0.187500 0.021757
7 0.631773 0.233169 0.100369 0.016010
7 0.360914 0.373666 0.147321 0.022783
7 0.356527 0.263034 0.144704 0.019910
7 0.339671 0.623563 0.195351 0.023810
7 0.273938 0.236864 0.078048 0.018473
7 0.647475 0.592365 0.142857 0.020525
7 0.331281 0.427750 0.187808 0.024631
7 0.363224 0.566297 0.138393 0.022989
10 0.373692 0.236453 0.119920 0.028736
3 0.265240 0.567837 0.049877 0.032635
3 0.598676 0.618534 0.049261 0.032635
7 0.332281 0.399631 0.188885 0.024220
7 0.680881 0.428777 0.208128 0.020936
7 0.332204 0.292488 0.198276 0.021346
7 0.699969 0.398296 0.139163 0.018678
7 0.331743 0.455768 0.183805 0.023604
7 0.675877 0.344314 0.195351 0.020320
7 0.335052 0.317016 0.200277 0.021552
8 0.715363 0.496511 0.404249 0.767241
10 0.385237 0.536843 0.107913 0.027709
7 0.670951 0.452381 0.185807 0.020936
7 0.705049 0.621511 0.157943 0.019704
7 0.673030 0.535099 0.193042 0.020936
3 0.604064 0.260160 0.048030 0.035509
7 0.616456 0.479782 0.077740 0.019089
7 0.337284 0.510878 0.196429 0.024631
7 0.699815 0.261084 0.141318 0.022167
7 0.676801 0.315168 0.195659 0.019910
3 0.601832 0.507287 0.049415 0.034688
10 0.354680 0.344930 0.163485 0.024425
10 0.748845 0.591749 0.054033 0.024631
3 0.258852 0.266010 0.046336 0.034483
7 0.673491 0.564758 0.195197 0.019910
3 0.601909 0.398912 0.048337 0.036741
7 0.337669 0.597085 0.192272 0.025452
7 0.363224 0.483067 0.146706 0.023194
3 0.259083 0.373255 0.044951 0.032225
8 0.298876 0.498768 0.411176 0.767241
7 0.690964 0.507594 0.129156 0.019294
7 0.681265 0.287869 0.200277 0.021962
