7 0.600032 0.554179 0.109362 0.021954
3 0.332630 0.408560 0.035048 0.032427
3 0.555817 0.580060 0.032939 0.027392
7 0.353237 0.544109 0.072043 0.027996
7 0.674185 0.229305 0.181730 0.025982
7 0.435178 0.373112 0.172643 0.034038
10 0.441749 0.456495 0.113094 0.023565
10 0.438261 0.535247 0.138244 0.039678
7 0.436313 0.403323 0.174266 0.034038
3 0.566364 0.305539 0.030018 0.029809
3 0.345692 0.686908 0.034886 0.034844
7 0.447266 0.648439 0.174753 0.033233
7 0.660717 0.663746 0.181405 0.026788
10 0.503326 0.640282 0.025961 0.020947
7 0.663962 0.366264 0.214506 0.025982
10 0.493266 0.671903 0.044134 0.032226
3 0.337660 0.572608 0.036995 0.029809
7 0.665504 0.611782 0.180269 0.025579
7 0.658283 0.418630 0.207042 0.027593
10 0.700957 0.557704 0.110985 0.017321
7 0.431202 0.318530 0.175402 0.032830
3 0.568392 0.276939 0.036021 0.032226
3 0.565796 0.225378 0.035048 0.033434
3 0.318189 0.243404 0.032127 0.034844
10 0.703472 0.504230 0.112121 0.027190
7 0.660879 0.473212 0.206393 0.028802
7 0.435583 0.427291 0.175726 0.036052
10 0.678403 0.394864 0.106117 0.022356
8 0.699903 0.515408 0.327276 0.757704
3 0.558819 0.608056 0.026935 0.028600
7 0.638488 0.635146 0.186922 0.019537
10 0.656417 0.448338 0.132241 0.032226
7 0.675807 0.338872 0.181081 0.025982
7 0.675888 0.283484 0.177349 0.025176
7 0.657066 0.392346 0.217913 0.030211
7 0.442155 0.565358 0.176213 0.034240
3 0.323706 0.301208 0.033101 0.023565
3 0.342690 0.628499 0.033101 0.027190
3 0.560847 0.466969 0.032939 0.032427
3 0.559792 0.523565 0.035048 0.036052
7 0.427227 0.265458 0.176862 0.033031
10 0.706474 0.312286 0.061983 0.021148
3 0.556791 0.655791 0.029044 0.027392
7 0.443615 0.593253 0.170696 0.036052
3 0.563362 0.411078 0.027908 0.029809
7 0.673536 0.258107 0.179783 0.025579
3 0.338634 0.602417 0.036995 0.027392
3 0.321191 0.275730 0.031965 0.027392
8 0.348126 0.521551 0.374331 0.747835
3 0.324680 0.326586 0.035048 0.027190
3 0.564822 0.334038 0.033101 0.032427
3 0.344151 0.655186 0.036021 0.026183
7 0.590054 0.443505 0.092325 0.020544
7 0.357943 0.462236 0.086322 0.027795
7 0.655200 0.583585 0.198605 0.027593
7 0.608632 0.499396 0.130131 0.023565
10 0.724485 0.341490 0.025961 0.022356
7 0.446698 0.676133 0.171670 0.038671
13 0.659987 0.447734 0.233166 0.480564
3 0.335713 0.517925 0.036995 0.027190
10 0.725945 0.589325 0.021094 0.023766
10 0.709963 0.284995 0.046893 0.026183
7 0.442966 0.508963 0.180107 0.035045
3 0.563849 0.359517 0.036995 0.028600
3 0.334172 0.491843 0.036184 0.027392
7 0.674915 0.312890 0.180918 0.028399
10 0.688463 0.640282 0.094110 0.026183
3 0.330196 0.437764 0.036021 0.025982
13 0.416761 0.452769 0.241279 0.488218
7 0.434448 0.345720 0.177349 0.034441
7 0.667694 0.529104 0.185624 0.026586
7 0.429904 0.291138 0.171832 0.034844
3 0.327113 0.381873 0.036021 0.035851
7 0.447347 0.620040 0.171345 0.036858
3 0.324193 0.352769 0.036021 0.022356
3 0.566364 0.248943 0.033912 0.028600
7 0.425361 0.239476 0.179620 0.032628
7 0.437530 0.482175 0.174104 0.034642
