7 0.632172 0.645508 0.151981 0.021973
7 0.297131 0.374390 0.109973 0.025146
7 0.626281 0.459351 0.155908 0.026611
7 0.286202 0.431641 0.147541 0.027344
7 0.623548 0.377808 0.158641 0.014404
7 0.631062 0.298096 0.105704 0.017578
7 0.654457 0.487061 0.139173 0.021484
7 0.282018 0.346680 0.140198 0.027344
3 0.571294 0.251343 0.089652 0.074463
7 0.627135 0.323975 0.155908 0.022461
7 0.300888 0.402832 0.183060 0.024414
7 0.626878 0.432861 0.158128 0.020020
7 0.643357 0.569214 0.111851 0.027100
7 0.290471 0.317505 0.156079 0.026611
8 0.677937 0.509521 0.388320 0.831543
7 0.300632 0.590332 0.114583 0.027344
7 0.623805 0.597290 0.143101 0.018799
7 0.277749 0.538574 0.135758 0.027344
7 0.281506 0.565186 0.131660 0.022949
13 0.634051 0.459717 0.212090 0.474609
7 0.657958 0.349487 0.158470 0.022217
3 0.250854 0.509399 0.034495 0.041260
7 0.275871 0.264282 0.139515 0.028076
7 0.622524 0.544678 0.137807 0.023438
7 0.644553 0.621460 0.113217 0.016846
7 0.619792 0.514771 0.142247 0.025146
7 0.639430 0.240479 0.043204 0.028320
7 0.280396 0.646118 0.135929 0.028076
7 0.265796 0.452881 0.046277 0.024414
3 0.592982 0.517456 0.034665 0.032959
7 0.289447 0.236694 0.157104 0.022705
7 0.296363 0.291748 0.106045 0.021973
3 0.587090 0.325684 0.031762 0.037109
7 0.288678 0.482422 0.157616 0.028809
7 0.316001 0.506836 0.105020 0.024414
3 0.251622 0.318359 0.030225 0.035156
7 0.624232 0.404297 0.144980 0.021973
7 0.622097 0.673096 0.143101 0.021973
2 0.550376 0.401978 0.165984 0.623291
8 0.270919 0.513794 0.417179 0.843994
13 0.300717 0.439209 0.203552 0.445801
7 0.276639 0.619507 0.127391 0.017334
