7 0.802195 0.577299 0.129540 0.021839
7 0.805593 0.465230 0.135172 0.025287
7 0.801515 0.521264 0.130122 0.023563
9 0.623908 0.247126 0.062342 0.024713
7 0.801029 0.551006 0.129928 0.023851
7 0.734414 0.340517 0.277141 0.025862
7 0.801709 0.486782 0.129734 0.023563
7 0.732861 0.366236 0.277141 0.023276
2 0.558555 0.494253 0.049330 0.591379
7 0.728685 0.749569 0.272286 0.038218
5 0.717421 0.687069 0.021752 0.032184
2 0.740629 0.883333 0.422801 0.173563
7 0.803263 0.633046 0.132453 0.021839
7 0.734123 0.219684 0.280054 0.039943
5 0.788406 0.488362 0.021558 0.027299
13 0.730530 0.498707 0.288406 0.600287
7 0.728685 0.664655 0.271897 0.028736
4 0.662653 0.527299 0.143329 0.223563
7 0.728782 0.280029 0.271703 0.024425
7 0.735968 0.252443 0.277141 0.034195
8 0.746747 0.531897 0.463003 0.922414
9 0.736454 0.217960 0.279666 0.037069
7 0.735191 0.312069 0.279083 0.027011
2 0.748301 0.155172 0.435036 0.091379
7 0.803748 0.607040 0.131482 0.020977
7 0.802486 0.425862 0.128957 0.025862
7 0.726258 0.775144 0.277141 0.031322
7 0.732375 0.396552 0.273451 0.025862
7 0.728879 0.719684 0.273063 0.026149
2 0.916392 0.502155 0.073995 0.597989
7 0.728491 0.691667 0.271121 0.028736
