7 0.713772 0.706467 0.306587 0.039379
7 0.685479 0.480491 0.279940 0.033237
7 0.743413 0.297868 0.295210 0.037934
7 0.603293 0.657695 0.100599 0.024205
7 0.719461 0.612536 0.255090 0.039379
7 0.706886 0.204841 0.337725 0.027457
7 0.694910 0.266799 0.286228 0.021315
7 0.676647 0.744220 0.232335 0.030347
5 0.591617 0.181720 0.119162 0.060694
7 0.609581 0.765354 0.088024 0.027095
7 0.714371 0.229769 0.247305 0.026012
7 0.691916 0.245665 0.282635 0.020954
7 0.602695 0.326770 0.101796 0.019870
7 0.719461 0.515354 0.252695 0.024205
7 0.600749 0.349350 0.100299 0.016618
7 0.607635 0.694906 0.099102 0.025650
7 0.600150 0.406973 0.094311 0.025650
7 0.795659 0.166004 0.316467 0.042269
7 0.623353 0.729046 0.050299 0.027457
8 0.746557 0.518425 0.459581 0.806358
7 0.619012 0.363981 0.054192 0.021315
7 0.730689 0.437500 0.370359 0.046965
7 0.620210 0.423591 0.054192 0.022760
7 0.694311 0.499639 0.295210 0.031792
7 0.674251 0.460802 0.164671 0.027095
7 0.624551 0.783598 0.050299 0.027457
7 0.604491 0.287392 0.105389 0.025650
7 0.794760 0.186597 0.254790 0.021315
7 0.714371 0.633671 0.325150 0.033237
7 0.610180 0.560874 0.104192 0.024205
7 0.726946 0.671423 0.267665 0.036488
7 0.718862 0.377529 0.346707 0.039740
7 0.698653 0.539740 0.291317 0.033237
7 0.607784 0.596460 0.101796 0.026012
7 0.698204 0.572254 0.207186 0.037572
