7 0.359639 0.502451 0.161148 0.016667
7 0.356696 0.461152 0.151582 0.017402
8 0.313006 0.511029 0.397903 0.894608
7 0.358352 0.253064 0.153422 0.017402
10 0.421450 0.628676 0.027226 0.017157
7 0.665563 0.360172 0.159676 0.017892
7 0.362215 0.419118 0.158205 0.015196
7 0.355960 0.632598 0.150478 0.016667
10 0.731880 0.441667 0.023363 0.017157
7 0.356328 0.316176 0.152318 0.016667
7 0.669058 0.297181 0.165563 0.016422
7 0.362767 0.273529 0.164827 0.017157
7 0.358904 0.377819 0.153790 0.015441
8 0.707873 0.513848 0.391096 0.896814
10 0.427520 0.311520 0.016556 0.020098
7 0.364054 0.398039 0.164091 0.016176
7 0.362215 0.587745 0.164091 0.017157
7 0.690673 0.235662 0.118653 0.017402
7 0.360559 0.295588 0.162987 0.017157
7 0.383370 0.357353 0.123988 0.016667
3 0.300313 0.344240 0.053532 0.043382
7 0.668230 0.339951 0.163539 0.017157
13 0.361571 0.423039 0.186718 0.449020
7 0.667219 0.275980 0.160044 0.016176
7 0.356696 0.545956 0.153790 0.018873
9 0.367826 0.631863 0.078918 0.031373
7 0.669334 0.423652 0.167586 0.017402
7 0.361663 0.609804 0.160044 0.016176
7 0.666115 0.403431 0.167035 0.019608
7 0.364238 0.523652 0.165195 0.016422
7 0.668966 0.383211 0.166483 0.020343
3 0.605132 0.240196 0.049117 0.048039
7 0.360099 0.481863 0.156181 0.017157
7 0.358536 0.566176 0.155997 0.015686
13 0.667494 0.333211 0.181567 0.241912
7 0.359272 0.231740 0.163723 0.015931
7 0.659584 0.443995 0.150662 0.019363
7 0.384566 0.335539 0.110927 0.015196
7 0.678164 0.256373 0.146983 0.015196
7 0.668230 0.318382 0.162436 0.017647
7 0.362031 0.440564 0.163723 0.018382
