7 0.485507 0.447604 0.517391 0.027067
7 0.560870 0.637199 0.382609 0.021852
8 0.494384 0.504718 0.885145 0.916067
7 0.462500 0.378073 0.468478 0.026074
7 0.558696 0.669978 0.371739 0.025329
3 0.297283 0.652719 0.141667 0.066302
13 0.486051 0.417308 0.543116 0.517755
7 0.483514 0.513409 0.513406 0.024584
3 0.453080 0.567792 0.051812 0.029054
3 0.665580 0.404395 0.075362 0.035510
3 0.363406 0.175441 0.075362 0.034020
7 0.470471 0.212193 0.495290 0.026074
7 0.480797 0.343432 0.501449 0.026819
7 0.484783 0.414577 0.510870 0.026074
3 0.525181 0.266079 0.068478 0.034020
7 0.468841 0.276136 0.489855 0.027316
7 0.470833 0.309287 0.492391 0.029551
7 0.493297 0.607028 0.528623 0.025577
7 0.492572 0.574994 0.520652 0.025577
7 0.473370 0.242985 0.494565 0.029551
3 0.489855 0.537124 0.063768 0.032282
7 0.488043 0.181152 0.530435 0.024087
7 0.476087 0.480755 0.504348 0.025329
7 0.485688 0.544326 0.517754 0.024336
