1 0.772244 0.687295 0.073122 0.140599
7 0.669489 0.508723 0.268473 0.017857
13 0.674569 0.313526 0.271860 0.416872
10 0.760545 0.326970 0.094982 0.013957
7 0.672491 0.488403 0.267703 0.017447
8 0.714901 0.509031 0.401478 0.915025
1 0.680265 0.821942 0.187500 0.127463
2 0.663254 0.092365 0.297260 0.022578
7 0.675031 0.429085 0.270628 0.019499
7 0.655942 0.191297 0.226293 0.017652
7 0.614763 0.310447 0.147014 0.018268
10 0.795567 0.129926 0.027401 0.011084
7 0.662177 0.152094 0.238147 0.018473
10 0.766703 0.268370 0.085129 0.010057
10 0.748461 0.307369 0.116071 0.014984
7 0.725908 0.701047 0.009083 0.111453
7 0.654249 0.228961 0.049877 0.017857
3 0.542257 0.408867 0.015240 0.022578
13 0.545259 0.695710 0.018781 0.118432
10 0.789024 0.110119 0.037408 0.012521
10 0.786792 0.189655 0.036946 0.010673
7 0.661330 0.131876 0.240764 0.019089
3 0.610991 0.228038 0.019704 0.027094
1 0.680265 0.689450 0.077586 0.142447
10 0.796105 0.147989 0.026940 0.013136
7 0.623615 0.331076 0.166256 0.018062
7 0.657328 0.111864 0.232759 0.019294
7 0.607990 0.291256 0.134698 0.017241
2 0.526401 0.495998 0.020782 0.774836
13 0.634621 0.689347 0.019243 0.143883
7 0.669643 0.449097 0.267241 0.017652
8 0.322429 0.506568 0.393011 0.893678
7 0.543719 0.698378 0.009852 0.101601
7 0.675493 0.409688 0.262931 0.019704
10 0.798722 0.167590 0.028171 0.013342
7 0.632697 0.272270 0.183498 0.018268
2 0.793180 0.821018 0.035560 0.123153
1 0.562192 0.821634 0.049569 0.124384
7 0.673337 0.468904 0.267549 0.017447
10 0.738070 0.288793 0.121767 0.014778
7 0.634083 0.690579 0.010468 0.142241
1 0.588593 0.688218 0.075277 0.141215
7 0.661792 0.171593 0.240456 0.018062
10 0.737300 0.227114 0.143935 0.015394
2 0.851139 0.480603 0.077586 0.811782
13 0.727602 0.697557 0.018935 0.124179
