13 0.265648 0.458553 0.420077 0.805263
7 0.268416 0.312007 0.358690 0.043750
5 0.268536 0.724178 0.028647 0.037829
7 0.262638 0.488158 0.363505 0.044079
5 0.090876 0.292270 0.032017 0.044408
9 0.772870 0.320230 0.024795 0.037829
7 0.675494 0.289967 0.363987 0.026645
5 0.244222 0.199013 0.026721 0.042763
7 0.273110 0.383224 0.372412 0.048026
7 0.677660 0.152961 0.356765 0.028947
7 0.262398 0.626809 0.366875 0.035855
5 0.181873 0.796053 0.039721 0.060526
7 0.259027 0.766283 0.356283 0.041118
7 0.682956 0.702303 0.370246 0.028289
3 0.508666 0.383388 0.064035 0.116776
5 0.081969 0.510197 0.030573 0.051974
5 0.749519 0.110855 0.029129 0.040132
7 0.273592 0.106908 0.357968 0.051316
5 0.719066 0.491283 0.020703 0.041118
5 0.131801 0.405099 0.033462 0.048355
7 0.677901 0.219737 0.366875 0.028947
5 0.414540 0.242763 0.029369 0.044737
5 0.232547 0.585526 0.026962 0.049342
7 0.672966 0.632895 0.359413 0.027632
5 0.576553 0.282401 0.028406 0.041118
7 0.674169 0.564967 0.361820 0.025987
7 0.265648 0.695888 0.370486 0.038487
5 0.572340 0.450987 0.031536 0.034211
5 0.381560 0.099836 0.027443 0.045724
7 0.672966 0.667105 0.363264 0.026974
7 0.268777 0.349013 0.363746 0.044737
7 0.675734 0.185526 0.359653 0.028289
7 0.264805 0.522697 0.372653 0.039474
7 0.274916 0.246217 0.375542 0.047039
5 0.091839 0.155428 0.036832 0.041118
5 0.758426 0.690789 0.043091 0.035526
7 0.269379 0.279441 0.359172 0.045066
7 0.264324 0.729112 0.373616 0.041776
7 0.679225 0.119901 0.365190 0.032566
7 0.703900 0.393750 0.328358 0.029605
5 0.756379 0.491612 0.023110 0.043750
7 0.684039 0.808553 0.381560 0.026316
5 0.155633 0.683224 0.026240 0.046053
5 0.651059 0.796711 0.037313 0.036842
7 0.679345 0.462171 0.371690 0.029605
5 0.738204 0.729276 0.030573 0.044737
5 0.607607 0.521382 0.028888 0.042105
5 0.783943 0.213651 0.033943 0.045066
5 0.197159 0.332730 0.032258 0.045724
7 0.261435 0.555263 0.356283 0.043421
7 0.276601 0.141447 0.367357 0.051974
7 0.670920 0.600164 0.354357 0.024671
5 0.497472 0.587993 0.038276 0.033224
7 0.272027 0.418586 0.373616 0.044408
5 0.826432 0.587500 0.034184 0.035526
13 0.684641 0.466941 0.396245 0.749013
5 0.626986 0.556250 0.030091 0.034211
5 0.849422 0.384211 0.025758 0.037500
7 0.270703 0.208717 0.359894 0.045724
7 0.259148 0.660362 0.357487 0.042434
10 0.810785 0.319079 0.107366 0.044737
5 0.495065 0.695724 0.025277 0.042105
5 0.682475 0.488980 0.024555 0.038487
7 0.686206 0.774507 0.377227 0.027303
7 0.266731 0.452961 0.361098 0.042763
5 0.520221 0.655757 0.034184 0.034539
7 0.260472 0.800822 0.368320 0.038487
7 0.679104 0.255099 0.370246 0.029934
7 0.671521 0.497697 0.362783 0.030263
7 0.694030 0.427467 0.310063 0.025329
5 0.166225 0.436184 0.028647 0.038158
7 0.268897 0.175000 0.352913 0.043421
5 0.620847 0.175987 0.028406 0.036842
5 0.648772 0.762829 0.033702 0.038158
7 0.674771 0.325000 0.364949 0.030921
7 0.265046 0.593750 0.371208 0.040789
7 0.675253 0.529605 0.363505 0.028947
7 0.698844 0.359211 0.325951 0.025658
7 0.677660 0.737664 0.371208 0.027961
