3 0.671726 0.626225 0.027778 0.029902
7 0.298933 0.482230 0.235099 0.011520
8 0.652226 0.507843 0.354121 0.764706
3 0.202079 0.359681 0.047645 0.057598
13 0.635762 0.470466 0.264165 0.518873
7 0.298473 0.458088 0.232708 0.012745
7 0.294794 0.243505 0.227189 0.015931
7 0.321652 0.346324 0.191869 0.012745
7 0.639809 0.284314 0.246137 0.024510
3 0.546542 0.367157 0.044150 0.058824
7 0.324411 0.374510 0.199227 0.014216
3 0.234915 0.670588 0.033848 0.045098
3 0.186810 0.265809 0.038079 0.040441
7 0.301416 0.642402 0.238595 0.014706
3 0.537987 0.512623 0.035504 0.040441
7 0.631439 0.257353 0.247792 0.026471
7 0.631255 0.577206 0.245217 0.025980
7 0.302980 0.400735 0.240250 0.012255
7 0.640820 0.307966 0.228661 0.029167
7 0.300313 0.428676 0.234547 0.015196
7 0.636865 0.448039 0.238411 0.026471
9 0.406549 0.318260 0.027962 0.029167
7 0.665471 0.363603 0.187454 0.027206
7 0.321836 0.268260 0.220935 0.014461
7 0.299485 0.293382 0.233996 0.015196
3 0.536608 0.272059 0.034584 0.036765
7 0.655077 0.525000 0.212656 0.023039
7 0.639441 0.499020 0.232156 0.023039
3 0.340508 0.399020 0.026858 0.046078
7 0.633830 0.654779 0.227557 0.028676
3 0.189570 0.531005 0.050221 0.051716
3 0.732248 0.333701 0.020787 0.040441
13 0.296358 0.456618 0.286608 0.505392
3 0.536700 0.433578 0.038079 0.032353
7 0.661700 0.391422 0.189478 0.026471
7 0.636957 0.683946 0.239698 0.031618
7 0.636589 0.603676 0.230132 0.026961
3 0.639625 0.599020 0.029433 0.035784
7 0.297369 0.561152 0.236019 0.012010
7 0.301968 0.615686 0.241538 0.023529
7 0.635670 0.550245 0.227925 0.025490
7 0.318801 0.536152 0.214128 0.013480
7 0.299761 0.320098 0.232708 0.015686
7 0.303532 0.508701 0.240618 0.012010
8 0.289459 0.497059 0.354121 0.761275
3 0.340968 0.317647 0.039919 0.038235
7 0.305556 0.670833 0.246873 0.015686
3 0.265636 0.612377 0.034584 0.037010
7 0.639901 0.629044 0.235651 0.027696
7 0.297185 0.588971 0.233444 0.019608
3 0.628863 0.302083 0.028514 0.030147
7 0.639993 0.472304 0.240986 0.029412
7 0.641096 0.418995 0.232892 0.028676
7 0.644224 0.332843 0.235099 0.025490
