13 0.246536 0.463465 0.355142 0.690887
7 0.221290 0.236248 0.310191 0.050493
7 0.556881 0.468904 0.058036 0.026888
7 0.108990 0.386084 0.069581 0.030378
7 0.255157 0.735427 0.293257 0.043514
7 0.651170 0.654454 0.267857 0.043309
7 0.571890 0.383108 0.029865 0.041256
7 0.568812 0.268062 0.030788 0.036535
7 0.112069 0.467672 0.077586 0.038793
3 0.130311 0.172824 0.093750 0.086617
7 0.568350 0.500000 0.040640 0.037767
7 0.244612 0.502976 0.266933 0.045772
7 0.247306 0.353243 0.332050 0.042282
7 0.550262 0.543411 0.060807 0.040025
13 0.687500 0.428777 0.370998 0.587028
7 0.243227 0.779557 0.348830 0.054187
8 0.725754 0.508723 0.461977 0.916051
7 0.296105 0.159996 0.244920 0.055213
7 0.574892 0.235735 0.029095 0.051519
7 0.104988 0.655070 0.072352 0.049466
7 0.572737 0.163485 0.049415 0.045772
8 0.263162 0.500924 0.466287 0.916051
7 0.566195 0.611556 0.025554 0.037562
7 0.713670 0.697250 0.329433 0.051724
7 0.103679 0.580460 0.071275 0.036535
7 0.267934 0.197557 0.186730 0.038793
7 0.127463 0.424158 0.034483 0.029351
7 0.552956 0.426006 0.071429 0.047003
7 0.234067 0.541667 0.324969 0.043514
7 0.691195 0.310858 0.362069 0.037562
7 0.126155 0.618021 0.033405 0.036535
7 0.722060 0.191708 0.182420 0.043514
7 0.128310 0.312089 0.029095 0.033046
7 0.110760 0.693247 0.071275 0.038793
7 0.693427 0.582204 0.341903 0.047003
7 0.108067 0.276273 0.071429 0.036535
7 0.663485 0.347906 0.287254 0.038588
