7 0.754541 0.255747 0.156558 0.019704
7 0.347445 0.220443 0.238300 0.018883
7 0.331743 0.469212 0.267241 0.018883
5 0.213285 0.490045 0.036176 0.027709
8 0.290179 0.505644 0.431958 0.856527
7 0.697660 0.551006 0.258929 0.025657
3 0.619766 0.230911 0.117611 0.109606
7 0.276401 0.568658 0.154095 0.019089
7 0.327586 0.195197 0.256466 0.020936
7 0.358913 0.345649 0.206743 0.019294
7 0.696890 0.598625 0.258313 0.025246
7 0.759159 0.277709 0.159021 0.019294
7 0.334975 0.519499 0.266626 0.022578
7 0.354988 0.244663 0.228140 0.018473
7 0.364070 0.369766 0.218288 0.019910
7 0.704203 0.302443 0.264317 0.019499
9 0.282405 0.192837 0.029711 0.031814
7 0.702663 0.501847 0.266472 0.024220
9 0.461669 0.344725 0.026786 0.027709
5 0.223676 0.358888 0.061576 0.056445
7 0.331204 0.445505 0.264624 0.018268
8 0.733220 0.505644 0.446736 0.856527
9 0.201355 0.417898 0.027401 0.035714
7 0.700508 0.572763 0.264624 0.025246
7 0.702740 0.327997 0.259236 0.021757
7 0.703818 0.674364 0.275246 0.025657
7 0.700508 0.450123 0.261853 0.022167
7 0.700277 0.426314 0.261084 0.022989
13 0.334129 0.381979 0.289563 0.417488
7 0.699200 0.475677 0.258313 0.021962
7 0.334129 0.319684 0.270166 0.019910
7 0.758005 0.204639 0.155172 0.020115
5 0.220982 0.231835 0.051570 0.058498
7 0.331589 0.544027 0.212438 0.019089
7 0.703202 0.352217 0.263239 0.021757
9 0.369997 0.242098 0.026632 0.025657
7 0.697121 0.524836 0.254772 0.025862
9 0.409329 0.192837 0.106527 0.033046
7 0.701663 0.401273 0.261084 0.020525
7 0.698815 0.375411 0.254772 0.022167
9 0.296567 0.418617 0.019550 0.027709
7 0.334129 0.271860 0.269243 0.019499
7 0.696429 0.650554 0.257081 0.024015
7 0.332666 0.419951 0.263239 0.019294
7 0.336284 0.296080 0.270782 0.018268
5 0.212131 0.517241 0.035406 0.026683
5 0.394627 0.397373 0.030018 0.034893
5 0.211746 0.543411 0.036176 0.031814
13 0.707204 0.438013 0.293411 0.522989
7 0.756619 0.231424 0.161330 0.018678
7 0.341518 0.494150 0.261546 0.019499
7 0.701509 0.623666 0.269704 0.026478
7 0.333898 0.394191 0.266626 0.017857
5 0.435037 0.370690 0.026170 0.030788
9 0.450816 0.468801 0.050031 0.024631
