8 0.668137 0.510089 0.402224 0.754921
7 0.621933 0.281127 0.167561 0.017470
3 0.230445 0.263287 0.039877 0.046752
8 0.258723 0.498155 0.392830 0.751722
7 0.321894 0.343627 0.159126 0.018455
7 0.320169 0.579724 0.152224 0.016240
2 0.498179 0.453617 0.062308 0.406250
7 0.326016 0.627953 0.152416 0.017224
7 0.323428 0.463829 0.148390 0.018701
7 0.621262 0.563115 0.180406 0.018455
7 0.309049 0.441314 0.177914 0.018455
7 0.323236 0.513287 0.154908 0.018209
7 0.299080 0.559424 0.155675 0.017470
3 0.228048 0.456570 0.042370 0.031742
3 0.229294 0.572958 0.044862 0.031742
7 0.307995 0.537525 0.180406 0.017470
7 0.628834 0.443036 0.152607 0.016978
7 0.308953 0.605069 0.188075 0.017224
3 0.541603 0.298844 0.038727 0.033219
7 0.618577 0.396654 0.181173 0.017717
7 0.632573 0.348056 0.158551 0.017963
7 0.633436 0.515748 0.153374 0.019193
9 0.681461 0.560162 0.069210 0.022392
7 0.617811 0.540846 0.175805 0.018701
7 0.639858 0.584523 0.126725 0.016486
7 0.325537 0.277190 0.156442 0.016978
13 0.629218 0.458046 0.207055 0.415108
7 0.624712 0.326895 0.181557 0.016486
3 0.539877 0.505659 0.039877 0.030020
3 0.230541 0.341781 0.044670 0.040846
7 0.318252 0.394439 0.163344 0.017224
7 0.306940 0.369218 0.175613 0.017470
7 0.620590 0.467643 0.185199 0.019439
7 0.577358 0.490896 0.092600 0.017717
7 0.619536 0.633981 0.182324 0.016978
3 0.230445 0.387918 0.037577 0.036171
7 0.308282 0.419291 0.175997 0.015748
7 0.306844 0.486836 0.177722 0.016978
7 0.616852 0.371801 0.178489 0.016732
3 0.541603 0.434670 0.038727 0.036171
10 0.687596 0.629675 0.059241 0.019193
3 0.550997 0.593996 0.055215 0.059055
10 0.653566 0.487451 0.118482 0.022638
7 0.635736 0.609498 0.151074 0.019193
13 0.318156 0.450664 0.231787 0.433317
7 0.307803 0.298844 0.180406 0.016978
10 0.381039 0.556471 0.045054 0.020423
7 0.636311 0.304011 0.152991 0.017963
3 0.542178 0.343381 0.035276 0.031742
10 0.383723 0.436885 0.036235 0.016978
7 0.309049 0.320743 0.180598 0.017470
3 0.228144 0.624877 0.039877 0.030266
3 0.229294 0.504921 0.039877 0.034941
10 0.690280 0.416585 0.046971 0.021654
7 0.618673 0.420399 0.178298 0.017963
