7 0.331853 0.321310 0.208376 0.027972
13 0.302538 0.466875 0.277157 0.417004
7 0.287310 0.461907 0.224873 0.027972
7 0.669289 0.503865 0.239086 0.025764
7 0.299492 0.546375 0.243147 0.029076
7 0.604315 0.612808 0.104061 0.022819
7 0.676269 0.391976 0.247462 0.027236
7 0.268909 0.377254 0.192132 0.027236
8 0.698096 0.516010 0.429188 0.955466
7 0.227411 0.598454 0.099492 0.023555
7 0.667132 0.586124 0.233249 0.024660
7 0.272970 0.570298 0.189086 0.030548
7 0.307741 0.407067 0.260660 0.027972
7 0.673223 0.642621 0.238832 0.024291
8 0.255964 0.504417 0.432741 0.957306
7 0.612563 0.531100 0.120051 0.022083
2 0.652411 0.214391 0.273350 0.150534
13 0.689213 0.487854 0.294162 0.391240
7 0.271701 0.491167 0.190609 0.026868
2 0.704188 0.753957 0.220558 0.198381
3 0.191751 0.318366 0.055584 0.092749
2 0.289721 0.202797 0.221574 0.203901
7 0.677919 0.558704 0.253299 0.025028
7 0.614721 0.444976 0.120812 0.025028
7 0.255964 0.432646 0.160152 0.023923
7 0.669543 0.363084 0.136041 0.024660
7 0.230711 0.517483 0.102538 0.023555
7 0.680838 0.473868 0.260660 0.028340
7 0.287310 0.348362 0.122843 0.024660
7 0.704061 0.333272 0.210152 0.025396
3 0.572208 0.335480 0.056599 0.086492
7 0.305203 0.630475 0.242386 0.024291
7 0.683629 0.420685 0.258122 0.030180
