2 0.184971 0.479534 0.079286 0.755147
7 0.663539 0.419730 0.251656 0.022794
7 0.666207 0.329044 0.251840 0.024755
13 0.359915 0.459804 0.276122 0.506863
7 0.375460 0.545466 0.220751 0.028186
8 0.712196 0.504534 0.395327 0.818873
7 0.664735 0.361397 0.245953 0.024755
9 0.448859 0.261029 0.080206 0.031373
5 0.545438 0.297917 0.030537 0.030147
5 0.628587 0.388480 0.027962 0.032353
7 0.682211 0.509436 0.201067 0.025245
7 0.666023 0.668873 0.254047 0.021078
5 0.387785 0.473775 0.023547 0.035784
7 0.668138 0.392279 0.255335 0.024755
5 0.243010 0.506127 0.026122 0.025490
7 0.367182 0.700980 0.255335 0.022059
7 0.429360 0.388848 0.110007 0.022794
3 0.550681 0.531127 0.070456 0.085784
5 0.729489 0.570588 0.022627 0.034804
7 0.363595 0.482108 0.252208 0.023529
7 0.658481 0.235172 0.241906 0.026716
2 0.324687 0.780025 0.358720 0.147304
5 0.319536 0.264951 0.026122 0.031373
9 0.385210 0.508333 0.019500 0.031373
7 0.666115 0.451838 0.253863 0.021814
7 0.431751 0.329289 0.108536 0.023775
7 0.361295 0.609314 0.259382 0.023039
5 0.320548 0.662255 0.025570 0.033333
7 0.433499 0.358088 0.121229 0.022549
7 0.664275 0.611029 0.253495 0.022059
7 0.660412 0.301593 0.240250 0.025245
7 0.359547 0.451348 0.256623 0.022794
7 0.665195 0.574020 0.254967 0.017157
7 0.681659 0.543627 0.197756 0.020588
7 0.360559 0.235294 0.238043 0.024510
5 0.430464 0.354779 0.025386 0.030147
7 0.643948 0.479902 0.213208 0.020098
3 0.302060 0.338113 0.149742 0.137990
7 0.662252 0.270711 0.243929 0.023284
7 0.363687 0.640196 0.249816 0.024510
13 0.674209 0.461029 0.289919 0.516176
7 0.433131 0.298407 0.110927 0.023284
9 0.766648 0.475000 0.037344 0.031373
7 0.358904 0.579044 0.244297 0.029167
2 0.319077 0.161765 0.345659 0.119608
5 0.571560 0.232475 0.037528 0.029167
5 0.769960 0.326961 0.039183 0.027941
7 0.668230 0.641912 0.257726 0.021078
5 0.713944 0.414583 0.031273 0.029167
7 0.373068 0.512868 0.232892 0.022304
7 0.664183 0.701838 0.252208 0.020833
3 0.249724 0.555025 0.048749 0.077696
5 0.324135 0.605882 0.029065 0.034804
9 0.479397 0.508333 0.022075 0.031373
5 0.412987 0.387377 0.028698 0.032598
7 0.362307 0.269118 0.241538 0.022549
5 0.711645 0.640196 0.039183 0.037255
7 0.360467 0.668873 0.250368 0.022549
7 0.363687 0.419118 0.245033 0.022059
8 0.307671 0.502819 0.392752 0.815441
