7 0.404312 0.241185 0.472305 0.025701
7 0.390381 0.389337 0.453068 0.021240
7 0.396352 0.417906 0.464345 0.021453
7 0.345274 0.301508 0.384743 0.025276
7 0.396517 0.594626 0.460697 0.023152
5 0.198839 0.621814 0.079934 0.041844
7 0.398507 0.331988 0.458706 0.022940
5 0.196849 0.330926 0.090547 0.039082
8 0.480763 0.500319 0.867330 0.912277
5 0.197181 0.560004 0.071973 0.033347
10 0.586070 0.297048 0.112106 0.028675
7 0.412935 0.711661 0.495522 0.022727
5 0.196020 0.441907 0.080929 0.035472
7 0.306468 0.213042 0.301161 0.021665
7 0.396849 0.535472 0.475290 0.024214
5 0.198010 0.241610 0.092869 0.031648
7 0.393532 0.182137 0.478607 0.026126
7 0.404312 0.655480 0.482919 0.023789
10 0.551410 0.210174 0.198673 0.029524
13 0.401824 0.429482 0.520398 0.592608
7 0.431177 0.682031 0.448425 0.025489
7 0.397347 0.449448 0.466998 0.022090
7 0.410614 0.564890 0.495522 0.023152
7 0.406136 0.507753 0.492537 0.022302
7 0.401327 0.478760 0.472968 0.023364
7 0.420730 0.625850 0.466003 0.021878
7 0.396186 0.152931 0.475290 0.025064
5 0.198839 0.677782 0.083914 0.036109
5 0.203814 0.387319 0.091874 0.035896
7 0.402653 0.360556 0.479602 0.022727
5 0.197678 0.502867 0.079602 0.038445
7 0.405473 0.271984 0.480597 0.022302
