9 0.658251 0.157328 0.226601 0.070813
7 0.670874 0.484195 0.221059 0.036125
7 0.744920 0.410201 0.091749 0.027709
7 0.680881 0.584770 0.235222 0.033662
7 0.676339 0.652401 0.226447 0.033456
7 0.305342 0.283251 0.227986 0.030378
7 0.741610 0.307369 0.101139 0.030583
8 0.270705 0.495895 0.443196 0.904762
7 0.307651 0.558498 0.238147 0.030378
7 0.308959 0.147783 0.239224 0.029967
3 0.711438 0.252566 0.042026 0.065887
7 0.309421 0.249589 0.236453 0.027915
7 0.675954 0.516626 0.231835 0.036535
7 0.306188 0.386700 0.237377 0.029967
7 0.284791 0.691708 0.203202 0.027504
7 0.306342 0.489532 0.236761 0.027504
7 0.305804 0.455049 0.231065 0.031199
7 0.679418 0.448378 0.239378 0.034688
7 0.298799 0.520628 0.225677 0.029351
7 0.763624 0.271654 0.050031 0.027709
7 0.308036 0.420669 0.238916 0.030993
7 0.743688 0.341441 0.097291 0.030993
7 0.683805 0.685140 0.235222 0.034893
7 0.311653 0.181240 0.249846 0.031199
7 0.757774 0.235940 0.041410 0.029351
7 0.306573 0.591954 0.241533 0.026683
0 0.622152 0.325842 0.145474 0.213259
7 0.299800 0.625000 0.231065 0.024631
7 0.307189 0.316605 0.239070 0.028530
7 0.684575 0.618432 0.238916 0.035714
7 0.306265 0.350575 0.232913 0.028736
7 0.665640 0.142549 0.221367 0.039204
7 0.304264 0.658970 0.242765 0.027299
8 0.712746 0.486658 0.450739 0.925287
7 0.620998 0.207820 0.138239 0.030583
7 0.747460 0.376437 0.102679 0.034072
7 0.595443 0.180727 0.081589 0.017036
7 0.673722 0.552648 0.231989 0.033867
7 0.304957 0.215209 0.225369 0.030172
13 0.312808 0.426108 0.272475 0.608785
13 0.674261 0.413896 0.282943 0.624179
