9 0.292382 0.590332 0.041491 0.029406
7 0.645705 0.610473 0.205835 0.024169
7 0.639789 0.471299 0.221556 0.026586
8 0.676418 0.513192 0.349271 0.768983
7 0.382820 0.561329 0.216856 0.033837
7 0.638574 0.552467 0.224635 0.024169
7 0.632577 0.662034 0.213938 0.024572
3 0.300891 0.630715 0.056888 0.055791
7 0.637115 0.311480 0.213938 0.022759
7 0.623015 0.390433 0.183144 0.019537
10 0.701864 0.388922 0.080875 0.018530
10 0.468963 0.660423 0.053971 0.016113
7 0.394408 0.477644 0.174878 0.032427
3 0.278849 0.264250 0.041005 0.034642
7 0.657131 0.231017 0.181361 0.020544
7 0.406888 0.614199 0.160292 0.031219
7 0.641491 0.445418 0.225284 0.027996
7 0.383955 0.589728 0.210697 0.033434
7 0.387844 0.667271 0.213614 0.036657
7 0.659481 0.337563 0.195786 0.023766
3 0.546191 0.411883 0.038898 0.034642
10 0.472447 0.444109 0.028849 0.017321
13 0.644652 0.441289 0.242950 0.473716
7 0.630146 0.634441 0.212318 0.022155
7 0.377066 0.398691 0.216045 0.030816
3 0.547245 0.330111 0.041005 0.032226
7 0.372285 0.452165 0.201945 0.031017
10 0.416613 0.232628 0.122690 0.016113
7 0.383712 0.504733 0.216694 0.033837
7 0.385494 0.263041 0.165802 0.031017
13 0.377796 0.456898 0.269368 0.471903
7 0.564749 0.495468 0.074392 0.020544
7 0.652188 0.527190 0.176661 0.023565
3 0.540276 0.601611 0.034846 0.032226
7 0.385089 0.532427 0.218476 0.034441
7 0.371394 0.317221 0.212156 0.033837
7 0.369854 0.371400 0.200648 0.033434
3 0.545300 0.279154 0.032901 0.029809
7 0.641248 0.365458 0.221556 0.024773
7 0.374230 0.290030 0.223015 0.034240
7 0.374635 0.425579 0.204700 0.031823
8 0.323906 0.513998 0.347974 0.770594
3 0.546759 0.223968 0.035818 0.033434
7 0.652350 0.419637 0.174392 0.023162
7 0.413047 0.639174 0.162885 0.032830
7 0.306240 0.240282 0.090600 0.024169
10 0.673420 0.495569 0.143598 0.023565
3 0.541248 0.519033 0.032901 0.031017
7 0.639465 0.582477 0.228687 0.028600
7 0.651216 0.285398 0.186062 0.022961
9 0.437115 0.580866 0.103728 0.031017
7 0.373258 0.343001 0.212318 0.033031
3 0.286872 0.481873 0.040843 0.038469
7 0.639222 0.258610 0.208428 0.022155
