7 0.324182 0.516530 0.257818 0.018757
7 0.645091 0.575029 0.253455 0.018523
7 0.463909 0.730246 0.029273 0.061196
7 0.321000 0.695662 0.243091 0.015944
7 0.641091 0.297773 0.258545 0.015944
3 0.573818 0.201172 0.017091 0.018757
1 0.296273 0.765533 0.195455 0.097538
7 0.285818 0.615006 0.116000 0.013130
3 0.275727 0.663658 0.020182 0.020399
7 0.337091 0.451348 0.227273 0.018288
3 0.211727 0.447362 0.037636 0.031419
7 0.313273 0.174560 0.256364 0.019930
7 0.643091 0.413130 0.257091 0.016882
7 0.648545 0.606448 0.254182 0.019930
7 0.327909 0.597538 0.197273 0.016178
3 0.523818 0.177374 0.029455 0.028839
13 0.211364 0.148535 0.064182 0.019461
13 0.319091 0.436811 0.274545 0.549590
7 0.658091 0.329660 0.224182 0.015006
1 0.464273 0.405979 0.036182 0.570457
7 0.642182 0.379015 0.255273 0.016647
7 0.314818 0.190504 0.256545 0.020868
13 0.644091 0.434467 0.280909 0.547245
7 0.660545 0.444549 0.223273 0.016882
7 0.639545 0.266002 0.257273 0.016178
7 0.341727 0.629894 0.224909 0.017116
7 0.642636 0.363775 0.254000 0.015709
7 0.516182 0.726964 0.033091 0.060727
7 0.639000 0.216295 0.257273 0.016178
3 0.332273 0.647831 0.020182 0.017819
7 0.639545 0.200821 0.258364 0.015709
7 0.317182 0.239742 0.254000 0.020399
7 0.316455 0.256038 0.258364 0.020633
3 0.641818 0.463189 0.022182 0.020868
3 0.607182 0.428488 0.018000 0.016647
7 0.211545 0.146659 0.057273 0.035873
2 0.603364 0.137280 0.197636 0.038687
7 0.318818 0.320281 0.260909 0.019695
3 0.345182 0.677843 0.018364 0.014537
3 0.592909 0.231887 0.019273 0.018288
3 0.363091 0.632474 0.017455 0.019461
7 0.649273 0.183587 0.231273 0.015006
7 0.648909 0.623681 0.255273 0.017351
7 0.319455 0.271747 0.258182 0.019695
3 0.425545 0.659555 0.016909 0.018757
7 0.323909 0.549472 0.254364 0.017585
7 0.662182 0.461665 0.222909 0.016413
7 0.639909 0.249590 0.258364 0.016178
7 0.639000 0.233177 0.258000 0.016647
1 0.817182 0.727667 0.073636 0.140445
1 0.148818 0.321102 0.077636 0.141383
3 0.528727 0.341735 0.034182 0.036342
7 0.318455 0.303165 0.258000 0.019695
3 0.217636 0.600469 0.015636 0.018757
7 0.323909 0.499062 0.258364 0.018054
7 0.662909 0.476084 0.217091 0.017116
7 0.316364 0.222392 0.256364 0.020868
7 0.647091 0.558734 0.249455 0.018288
3 0.532545 0.455334 0.034909 0.036577
7 0.249636 0.421923 0.113091 0.014771
1 0.809818 0.304220 0.074545 0.141852
3 0.534364 0.488159 0.037818 0.032825
7 0.339182 0.662368 0.230000 0.015944
3 0.612818 0.265651 0.018000 0.019226
13 0.735545 0.136928 0.063091 0.018757
1 0.145000 0.189918 0.079091 0.115826
7 0.341909 0.645369 0.227091 0.016647
2 0.212000 0.147831 0.066909 0.039625
7 0.318727 0.337866 0.256000 0.020164
1 0.500455 0.406448 0.038727 0.570926
7 0.270273 0.567057 0.147091 0.014302
3 0.621182 0.511020 0.019818 0.017585
7 0.319091 0.385932 0.262182 0.019226
1 0.683273 0.755451 0.196727 0.095193
3 0.593636 0.542204 0.014545 0.019461
7 0.322455 0.403283 0.256182 0.019695
7 0.326455 0.679484 0.254000 0.016413
1 0.158545 0.745487 0.076364 0.139508
8 0.260273 0.526846 0.460909 0.880657
7 0.661818 0.639273 0.233091 0.017585
1 0.344091 0.146190 0.200182 0.040094
7 0.652455 0.346659 0.234000 0.016647
1 0.438364 0.752403 0.082909 0.125674
7 0.639273 0.282298 0.257818 0.015475
3 0.533455 0.649355 0.027273 0.035404
8 0.708364 0.516295 0.465818 0.864713
7 0.318273 0.369519 0.255818 0.019226
1 0.808727 0.173623 0.074545 0.119343
7 0.643000 0.395545 0.254000 0.016413
7 0.638636 0.429074 0.072182 0.014537
7 0.324182 0.468347 0.254909 0.018523
7 0.736727 0.135404 0.052727 0.035404
1 0.156455 0.605510 0.078727 0.140445
7 0.645818 0.509027 0.254182 0.018288
7 0.340909 0.433763 0.221091 0.018288
7 0.646909 0.590621 0.260000 0.019695
7 0.662909 0.493200 0.218545 0.017116
3 0.574091 0.575967 0.016909 0.017585
3 0.661091 0.314068 0.017455 0.018992
3 0.718182 0.442673 0.016364 0.022509
7 0.323545 0.482532 0.257636 0.019226
7 0.317182 0.287925 0.255455 0.019695
1 0.812273 0.447362 0.078000 0.142556
2 0.734727 0.135639 0.065091 0.041970
7 0.652727 0.167878 0.225091 0.014537
7 0.616455 0.316061 0.207455 0.015475
1 0.541273 0.747597 0.093455 0.117468
7 0.316273 0.207034 0.258000 0.020164
7 0.645455 0.525909 0.254545 0.018757
7 0.656909 0.654279 0.233455 0.018523
1 0.814909 0.589801 0.075636 0.140445
7 0.647182 0.670574 0.254364 0.019226
7 0.320000 0.352989 0.255273 0.019461
7 0.650818 0.687925 0.256909 0.019695
1 0.152909 0.462837 0.079273 0.143025
7 0.643364 0.542204 0.254727 0.018054
13 0.514909 0.727433 0.035636 0.066823
13 0.466182 0.728136 0.039273 0.072450
3 0.212000 0.648652 0.034545 0.047128
7 0.324182 0.533529 0.255636 0.018523
