9 0.591918 0.621240 0.080820 0.033420
4 0.318441 0.299851 0.397837 0.250650
7 0.567445 0.411437 0.084234 0.020795
7 0.370233 0.473450 0.488902 0.020795
7 0.437109 0.626068 0.383608 0.018567
7 0.449915 0.656517 0.412635 0.018567
2 0.410359 0.101931 0.792260 0.082807
7 0.572567 0.259562 0.097894 0.020795
9 0.225669 0.564426 0.043825 0.033420
3 0.173876 0.636651 0.129197 0.068697
7 0.575697 0.350538 0.105293 0.018567
2 0.065168 0.471036 0.101878 0.806164
2 0.413204 0.775343 0.793398 0.199777
7 0.377063 0.564798 0.505976 0.018567
13 0.379909 0.407352 0.540125 0.527293
7 0.564314 0.195878 0.087080 0.019681
7 0.574559 0.227999 0.107570 0.020795
7 0.577974 0.291125 0.110985 0.020795
9 0.374787 0.160973 0.503699 0.030821
2 0.726522 0.466209 0.180421 0.809135
8 0.489186 0.497958 0.972681 0.963981
7 0.376209 0.503899 0.500854 0.020795
7 0.379624 0.443557 0.504269 0.021909
7 0.377632 0.162644 0.498008 0.023023
7 0.576551 0.320460 0.107001 0.018567
7 0.569437 0.380431 0.093910 0.019681
7 0.377063 0.533234 0.505976 0.020795
7 0.371941 0.593576 0.492316 0.019681
