7 0.359063 0.495565 0.210920 0.026608
9 0.655211 0.627402 0.108093 0.051552
7 0.358162 0.562177 0.207178 0.023836
3 0.532567 0.362528 0.024390 0.036585
7 0.359964 0.628511 0.208564 0.037509
7 0.636502 0.364745 0.182373 0.019217
7 0.626317 0.595436 0.211613 0.027162
7 0.619110 0.624630 0.198864 0.027531
7 0.629365 0.330469 0.213553 0.026792
7 0.358162 0.332687 0.212722 0.026792
7 0.355599 0.366778 0.203714 0.026977
8 0.286585 0.494919 0.381652 0.846452
7 0.356499 0.435791 0.206901 0.024945
7 0.354975 0.297764 0.200249 0.026792
7 0.629019 0.432188 0.214523 0.026977
7 0.375485 0.531227 0.187500 0.023651
7 0.625970 0.563101 0.210089 0.027901
3 0.265313 0.595990 0.027023 0.038618
9 0.694637 0.497228 0.095482 0.035107
3 0.598739 0.493902 0.027023 0.038064
7 0.626247 0.298965 0.210643 0.026608
7 0.625000 0.465447 0.213415 0.027716
3 0.609132 0.429416 0.028963 0.035846
7 0.625624 0.264043 0.204130 0.028455
7 0.356984 0.262934 0.215355 0.026608
7 0.626940 0.499353 0.213969 0.026423
7 0.628257 0.533814 0.212167 0.026238
13 0.634701 0.435052 0.245565 0.435144
13 0.350956 0.440965 0.247090 0.435144
7 0.359271 0.400776 0.207456 0.027347
3 0.686322 0.256375 0.025360 0.037879
7 0.373683 0.595159 0.184451 0.027347
7 0.357331 0.467849 0.206901 0.027347
3 0.261294 0.528363 0.031458 0.037879
3 0.334465 0.397081 0.028409 0.035846
3 0.354767 0.291297 0.029933 0.036031
8 0.688539 0.499908 0.386225 0.836475
7 0.629227 0.398559 0.219651 0.025499
