3 0.581178 0.576784 0.081576 0.107748
2 0.516415 0.472230 0.059093 0.696196
13 0.685635 0.584699 0.127338 0.119689
2 0.157780 0.405859 0.120573 0.444043
2 0.808695 0.481394 0.132312 0.696751
8 0.712296 0.522494 0.478313 0.925021
8 0.241643 0.489170 0.482093 0.935573
7 0.676582 0.546098 0.107640 0.017495
7 0.677477 0.575257 0.103462 0.015829
10 0.737664 0.543044 0.013331 0.021383
7 0.671707 0.627465 0.089136 0.015829
10 0.738261 0.571230 0.015718 0.027215
10 0.729606 0.623854 0.022682 0.026382
7 0.683745 0.601916 0.116793 0.015829
2 0.678472 0.735212 0.383605 0.189114
3 0.683745 0.569425 0.037604 0.029159
0 0.643056 0.328103 0.209710 0.403499
