7 0.398420 0.481338 0.141353 0.017738
7 0.369942 0.426460 0.191103 0.024390
13 0.375346 0.450665 0.222145 0.453067
7 0.667683 0.664449 0.150222 0.023282
9 0.433897 0.453067 0.053492 0.039542
3 0.295801 0.491593 0.063054 0.064117
8 0.295316 0.514782 0.415188 0.870658
2 0.528201 0.504804 0.032289 0.771249
7 0.673088 0.634885 0.055710 0.019217
10 0.439163 0.242424 0.061253 0.032151
10 0.410962 0.657890 0.129296 0.029749
7 0.691865 0.574557 0.092711 0.018662
3 0.564717 0.665650 0.052106 0.031966
7 0.395995 0.511364 0.134008 0.023836
2 0.698517 0.786585 0.371258 0.212121
7 0.404864 0.275499 0.125139 0.023282
8 0.715078 0.516999 0.424335 0.872875
2 0.195953 0.455192 0.151608 0.472838
7 0.369387 0.394401 0.191103 0.023466
7 0.370704 0.540096 0.211197 0.022542
7 0.375208 0.568736 0.197201 0.022912
2 0.696438 0.134146 0.377079 0.025499
7 0.374792 0.629157 0.216602 0.019956
7 0.339939 0.242701 0.141630 0.021988
7 0.371674 0.337398 0.192073 0.022173
7 0.311114 0.659183 0.074279 0.019032
7 0.408606 0.307373 0.131236 0.021619
7 0.364537 0.453437 0.178631 0.022912
7 0.364537 0.365576 0.200249 0.024575
0 0.639690 0.352919 0.192350 0.409830
10 0.719304 0.633592 0.046425 0.023282
2 0.812500 0.496582 0.143293 0.794346
13 0.638927 0.618718 0.212167 0.134701
3 0.301136 0.286678 0.082040 0.074095
7 0.367309 0.599963 0.198864 0.021064
7 0.692004 0.605506 0.095205 0.021434
9 0.375901 0.239098 0.082178 0.047672
3 0.584604 0.602642 0.116824 0.094050
