7 0.663331 0.310447 0.203202 0.024015
3 0.247768 0.394397 0.035560 0.031404
3 0.243996 0.515497 0.032635 0.031814
7 0.683267 0.369561 0.179341 0.023604
7 0.334437 0.610222 0.210437 0.025041
7 0.340671 0.276478 0.213978 0.027915
7 0.680419 0.461104 0.169951 0.024425
8 0.721521 0.496921 0.415333 0.934319
7 0.601601 0.580460 0.076970 0.023810
7 0.665871 0.338875 0.208282 0.022578
3 0.247152 0.240764 0.032789 0.032020
7 0.669258 0.551724 0.215055 0.022989
7 0.336438 0.336720 0.210437 0.026067
7 0.352063 0.520833 0.180419 0.024425
3 0.575585 0.368945 0.033559 0.033456
7 0.354834 0.306240 0.181650 0.024220
7 0.348060 0.578818 0.178571 0.024220
7 0.334591 0.429187 0.210437 0.025041
7 0.337208 0.189039 0.208898 0.025041
7 0.664640 0.401067 0.205819 0.022578
3 0.576047 0.521141 0.036946 0.035714
3 0.575200 0.461207 0.037716 0.034072
7 0.671259 0.249487 0.219982 0.022783
8 0.289717 0.495895 0.415333 0.936371
3 0.242380 0.577278 0.030634 0.033046
13 0.670720 0.402299 0.254002 0.478243
10 0.391780 0.368637 0.094212 0.016420
7 0.340055 0.489737 0.219828 0.027504
7 0.287946 0.364224 0.108528 0.024836
13 0.336053 0.398296 0.250924 0.517857
3 0.577047 0.612172 0.040179 0.036741
7 0.689578 0.612890 0.184267 0.023399
10 0.711130 0.429085 0.117765 0.028120
7 0.686653 0.218493 0.182112 0.025657
7 0.336900 0.548132 0.211361 0.026888
7 0.664024 0.490558 0.202432 0.022989
10 0.705588 0.576868 0.131004 0.019499
7 0.354603 0.397783 0.175647 0.026273
7 0.336900 0.212849 0.204280 0.025862
7 0.662792 0.189142 0.204280 0.022783
7 0.357143 0.245074 0.182266 0.024220
7 0.684883 0.278120 0.182574 0.022989
7 0.606065 0.430932 0.090517 0.022783
7 0.683882 0.521141 0.176262 0.024220
7 0.332820 0.460283 0.202894 0.028530
3 0.576355 0.278222 0.033867 0.028941
3 0.246998 0.302135 0.028479 0.027915
3 0.575816 0.217570 0.034329 0.031199
