7 0.679490 0.326387 0.270095 0.028653
7 0.326483 0.507554 0.277587 0.023704
7 0.681211 0.426283 0.265843 0.027351
7 0.322940 0.554572 0.266451 0.023444
7 0.680603 0.497656 0.268678 0.026309
2 0.866370 0.414822 0.086657 0.515499
7 0.320004 0.190154 0.263414 0.021881
7 0.674226 0.252409 0.258757 0.025527
7 0.685868 0.594035 0.273537 0.022662
7 0.683134 0.375879 0.277789 0.025527
7 0.315448 0.281844 0.251468 0.022402
7 0.322940 0.330946 0.269690 0.022662
7 0.681818 0.449596 0.267463 0.025527
8 0.271209 0.508466 0.446042 0.902318
7 0.325268 0.433055 0.271108 0.023183
7 0.326989 0.483069 0.273335 0.022662
7 0.322940 0.626595 0.265236 0.024746
7 0.319498 0.259833 0.262806 0.023704
7 0.324560 0.603412 0.273740 0.022662
7 0.678072 0.182860 0.270500 0.028132
7 0.678984 0.522792 0.261389 0.025527
7 0.677769 0.353868 0.259769 0.026309
7 0.320105 0.233915 0.266856 0.024486
7 0.321219 0.213337 0.267463 0.026048
7 0.684450 0.569549 0.271917 0.025267
7 0.675845 0.206043 0.270500 0.028132
7 0.321928 0.530607 0.266046 0.022923
7 0.679085 0.402188 0.259567 0.026569
7 0.688601 0.642225 0.268880 0.024746
13 0.330634 0.432144 0.296821 0.529825
7 0.324053 0.384215 0.272322 0.025527
7 0.317676 0.410003 0.256732 0.025007
7 0.677769 0.299557 0.268273 0.027090
7 0.682223 0.547929 0.268678 0.025267
2 0.141628 0.435009 0.086455 0.518885
7 0.676554 0.232092 0.269488 0.026048
7 0.681616 0.617869 0.258554 0.024486
7 0.325471 0.677260 0.270703 0.022402
7 0.686070 0.473952 0.269893 0.027351
7 0.326382 0.457541 0.274550 0.024746
8 0.731727 0.502735 0.446244 0.900234
7 0.679085 0.276114 0.266046 0.024486
7 0.324560 0.577494 0.272120 0.022402
7 0.322332 0.306590 0.266046 0.025007
7 0.688500 0.666189 0.277182 0.026309
7 0.329824 0.649518 0.272525 0.025267
7 0.315752 0.358166 0.252885 0.027090
13 0.681717 0.424459 0.295201 0.536338
