13 0.449484 0.485052 0.460848 0.454671
2 0.454354 0.904152 0.159664 0.043875
7 0.363732 0.051349 0.070474 0.015225
2 0.461803 0.055156 0.447288 0.061315
13 0.531608 0.049273 0.072765 0.021869
5 0.235581 0.364567 0.029221 0.021869
7 0.320856 0.673564 0.202445 0.017855
7 0.449198 0.648581 0.449962 0.018270
1 0.452158 0.176886 0.468869 0.166367
5 0.237490 0.320138 0.029221 0.024637
2 0.753247 0.486920 0.129488 0.798339
7 0.277311 0.626574 0.116883 0.017163
8 0.473644 0.499931 0.898014 0.955294
9 0.295741 0.414325 0.142284 0.024498
5 0.348549 0.553080 0.023300 0.024637
9 0.254775 0.388512 0.056914 0.029619
1 0.451490 0.800208 0.469060 0.165675
13 0.363159 0.050173 0.079259 0.018408
2 0.151451 0.484014 0.132162 0.796401
7 0.427426 0.461107 0.414820 0.017855
7 0.320856 0.297924 0.196333 0.017301
5 0.236058 0.695294 0.030176 0.022561
7 0.445760 0.320346 0.446142 0.016747
7 0.378533 0.366367 0.310160 0.018270
7 0.495034 0.531696 0.315508 0.018408
7 0.450535 0.438824 0.453400 0.018131
7 0.505539 0.508304 0.348739 0.018408
7 0.531226 0.051765 0.061688 0.011903
9 0.460180 0.486505 0.161765 0.027128
7 0.451203 0.415294 0.459320 0.018685
3 0.276261 0.541453 0.114400 0.084983
7 0.408136 0.391073 0.369366 0.018408
7 0.319710 0.343737 0.195569 0.017024
7 0.453591 0.274325 0.459511 0.018547
7 0.458365 0.486090 0.161192 0.018547
7 0.443277 0.578478 0.208938 0.017855
5 0.236536 0.647336 0.027311 0.016886
7 0.444423 0.697093 0.448816 0.018131
7 0.508212 0.554810 0.340718 0.018685
5 0.236058 0.602145 0.030176 0.022561
7 0.451299 0.602837 0.454545 0.018408
5 0.233671 0.272872 0.025401 0.023391
