7 0.669183 0.623095 0.402395 0.023705
7 0.729047 0.560955 0.253514 0.022689
0 0.639511 0.284795 0.472150 0.447680
2 0.920094 0.454622 0.066111 0.776498
7 0.738417 0.530816 0.258719 0.022689
3 0.496616 0.555537 0.194690 0.089062
13 0.642374 0.577718 0.489328 0.120555
3 0.435190 0.616322 0.069755 0.032509
8 0.498438 0.498645 0.964602 0.979682
7 0.762624 0.591940 0.245705 0.024382
3 0.632483 0.585337 0.061426 0.032848
2 0.551275 0.745852 0.815200 0.208263
2 0.271994 0.453776 0.246226 0.796478
