7 0.424166 0.563849 0.524897 0.030100
7 0.412746 0.631347 0.505710 0.029492
7 0.424395 0.462755 0.529009 0.030404
7 0.419598 0.394041 0.522156 0.030404
7 0.411603 0.259805 0.494290 0.031317
7 0.421882 0.360748 0.525811 0.029492
7 0.417314 0.496656 0.519415 0.028276
7 0.415030 0.428398 0.517588 0.031012
7 0.419370 0.327151 0.512563 0.030404
7 0.414573 0.599270 0.516674 0.027972
7 0.422111 0.666464 0.518045 0.032837
7 0.428278 0.185011 0.516674 0.031317
8 0.492462 0.502888 0.966651 0.979021
7 0.410233 0.527820 0.502513 0.028580
13 0.423709 0.424293 0.536775 0.532989
7 0.425765 0.293402 0.529009 0.031012
7 0.423253 0.222408 0.523984 0.030708
