7 0.316887 0.485735 0.099292 0.011700
10 0.718673 0.451047 0.038639 0.019910
7 0.658944 0.358682 0.159021 0.023194
10 0.418103 0.480603 0.099754 0.023194
7 0.371459 0.239943 0.205973 0.024631
10 0.657789 0.328202 0.163177 0.018062
7 0.662869 0.485222 0.160714 0.024220
7 0.312808 0.604167 0.095443 0.022373
7 0.633005 0.423440 0.190887 0.024220
7 0.638008 0.239635 0.201817 0.024015
8 0.301570 0.486864 0.363916 0.870279
3 0.554957 0.480296 0.057574 0.037356
8 0.693042 0.490969 0.386084 0.858374
7 0.556881 0.327176 0.034945 0.022578
7 0.373538 0.360324 0.211977 0.023194
7 0.371998 0.266112 0.204587 0.022783
7 0.368765 0.450021 0.207050 0.024425
7 0.636007 0.387828 0.196583 0.022373
3 0.555419 0.206281 0.051108 0.036535
7 0.634390 0.271346 0.196736 0.022989
7 0.393858 0.302340 0.164255 0.023399
3 0.286946 0.419335 0.047106 0.036535
7 0.667180 0.573789 0.169643 0.025657
10 0.414563 0.603654 0.101909 0.022167
7 0.341903 0.387418 0.151478 0.022783
3 0.286869 0.296080 0.048183 0.033456
7 0.369073 0.549672 0.207666 0.022578
7 0.390163 0.516420 0.161484 0.023399
7 0.638008 0.606117 0.199969 0.024631
3 0.285099 0.510878 0.046490 0.032020
10 0.688347 0.542385 0.105142 0.023194
7 0.635006 0.301827 0.197660 0.024015
7 0.370459 0.332512 0.205203 0.021346
7 0.394243 0.209565 0.158867 0.023399
7 0.618611 0.455665 0.158097 0.011905
13 0.641395 0.405070 0.240917 0.475164
7 0.659406 0.210283 0.154711 0.022783
7 0.638162 0.514984 0.202124 0.024220
7 0.582358 0.547824 0.088978 0.010673
3 0.286099 0.205562 0.057112 0.031404
7 0.366225 0.575226 0.205049 0.021141
7 0.385776 0.419540 0.147783 0.022989
13 0.359221 0.404146 0.251385 0.481117
10 0.443196 0.388034 0.047722 0.021962
3 0.556419 0.571121 0.050031 0.032635
3 0.552494 0.358990 0.049261 0.035714
