10 0.399598 0.515798 0.045870 0.024945
13 0.323864 0.448356 0.210920 0.411493
7 0.277647 0.289172 0.112943 0.018847
7 0.671979 0.429416 0.182927 0.028455
10 0.390729 0.320122 0.068875 0.026053
7 0.288179 0.318921 0.135394 0.024021
7 0.679601 0.458703 0.204823 0.026423
10 0.387749 0.261179 0.074834 0.023836
7 0.285823 0.261641 0.133453 0.025868
7 0.318944 0.596637 0.199972 0.020695
10 0.390175 0.432465 0.056125 0.023836
9 0.391838 0.541667 0.029241 0.027901
7 0.287971 0.345806 0.136086 0.023836
8 0.293514 0.482631 0.396064 0.758684
7 0.297118 0.486881 0.161585 0.023651
7 0.316519 0.404656 0.136641 0.021803
3 0.606638 0.524298 0.051968 0.062269
7 0.676691 0.316242 0.203714 0.030488
9 0.774875 0.478566 0.025083 0.033259
10 0.386017 0.459072 0.069706 0.027162
7 0.688331 0.595990 0.206486 0.026792
10 0.391907 0.346822 0.064579 0.020325
8 0.710158 0.487158 0.408121 0.744826
7 0.681749 0.485218 0.202744 0.025499
3 0.224848 0.561715 0.036447 0.037324
7 0.287694 0.459350 0.138858 0.025499
9 0.769886 0.449649 0.025083 0.029010
7 0.290119 0.431633 0.141214 0.021803
2 0.185768 0.444290 0.058620 0.426275
10 0.400499 0.486327 0.037417 0.018108
7 0.683689 0.568644 0.204407 0.030488
2 0.552176 0.451220 0.067212 0.433112
7 0.706763 0.512380 0.146896 0.025499
10 0.396619 0.402901 0.053492 0.023836
7 0.296771 0.513766 0.168653 0.026423
7 0.317766 0.628141 0.196231 0.022727
10 0.379642 0.289542 0.096037 0.032890
7 0.706347 0.537971 0.146064 0.028271
7 0.675651 0.287694 0.198864 0.029194
7 0.677453 0.343219 0.191657 0.029379
7 0.312154 0.544069 0.196092 0.023466
3 0.231638 0.395602 0.028132 0.038433
10 0.380405 0.372967 0.087583 0.027162
9 0.756583 0.423503 0.043376 0.027716
7 0.676552 0.373060 0.194845 0.028825
7 0.687154 0.626755 0.197755 0.026977
7 0.680155 0.399760 0.197894 0.030857
7 0.278201 0.374261 0.121813 0.018662
7 0.672395 0.263027 0.198448 0.026423
13 0.687846 0.446693 0.222700 0.408167
7 0.332040 0.570584 0.168514 0.024760
