7 0.365161 0.658167 0.207040 0.018108
2 0.199349 0.462491 0.106292 0.418330
7 0.607747 0.570676 0.087445 0.017554
3 0.577882 0.589339 0.038803 0.027901
3 0.580169 0.396341 0.041990 0.026977
7 0.590078 0.289634 0.046563 0.019032
7 0.290327 0.616038 0.053492 0.015152
7 0.665466 0.444752 0.213969 0.019586
7 0.365161 0.552106 0.220067 0.018847
7 0.673988 0.332040 0.215493 0.021803
7 0.631929 0.615761 0.147727 0.020510
3 0.580169 0.306726 0.037278 0.032151
7 0.383453 0.634885 0.178215 0.019956
8 0.316172 0.524113 0.400083 0.818367
3 0.579823 0.481707 0.042683 0.029933
7 0.681957 0.400222 0.175166 0.019956
10 0.716394 0.571138 0.121813 0.020695
7 0.685006 0.488359 0.186253 0.021434
10 0.707456 0.378788 0.139690 0.020695
7 0.598947 0.375277 0.075388 0.018108
7 0.365646 0.442073 0.216879 0.021619
13 0.366824 0.461567 0.231153 0.426829
2 0.834326 0.463230 0.111280 0.433481
7 0.669831 0.354490 0.218265 0.019771
3 0.275499 0.570676 0.041020 0.030118
7 0.364606 0.531689 0.203714 0.019771
3 0.274737 0.510163 0.039496 0.031042
7 0.671078 0.660384 0.218265 0.021064
7 0.671563 0.551644 0.212306 0.019771
7 0.366408 0.593681 0.211197 0.018477
13 0.667406 0.464893 0.225055 0.436807
7 0.366547 0.467757 0.209812 0.019401
10 0.700457 0.291759 0.159784 0.026977
7 0.362805 0.421101 0.209257 0.021064
10 0.447062 0.331024 0.061253 0.018662
7 0.365438 0.377310 0.218681 0.019956
7 0.614606 0.466463 0.107816 0.017923
3 0.274321 0.291205 0.041990 0.029933
10 0.446646 0.264320 0.066796 0.019771
7 0.332178 0.265429 0.159922 0.019032
7 0.365230 0.355783 0.222700 0.018293
7 0.338553 0.333426 0.167406 0.021249
10 0.743140 0.615669 0.077744 0.020695
7 0.371743 0.288895 0.201912 0.018662
7 0.669900 0.528548 0.212029 0.019771
7 0.372090 0.489283 0.222561 0.019217
7 0.382275 0.510440 0.176968 0.019032
10 0.400499 0.611604 0.156042 0.020695
7 0.670870 0.265152 0.224778 0.023651
3 0.275083 0.632206 0.038803 0.029010
7 0.669207 0.423503 0.219235 0.021434
7 0.364052 0.399205 0.212860 0.020510
7 0.384216 0.570769 0.187223 0.019956
7 0.369318 0.311992 0.222007 0.019771
8 0.717433 0.529102 0.402439 0.808389
10 0.467572 0.549427 0.015521 0.018662
7 0.671078 0.509331 0.216602 0.021249
7 0.685698 0.310606 0.179878 0.019586
3 0.274321 0.445953 0.041990 0.026792
7 0.683204 0.637657 0.183758 0.021803
10 0.720205 0.466094 0.117239 0.023836
7 0.685352 0.594235 0.183897 0.020325
3 0.577813 0.631652 0.037278 0.027901
3 0.272381 0.355414 0.033398 0.030118
