9 0.434899 0.302610 0.038777 0.031069
7 0.319830 0.442419 0.220996 0.026512
7 0.333701 0.338442 0.221627 0.026512
2 0.534521 0.504764 0.046343 0.761806
7 0.328657 0.407208 0.218474 0.024855
3 0.608922 0.660522 0.129571 0.120547
13 0.339533 0.341549 0.289407 0.263049
8 0.733449 0.508906 0.457440 0.936620
7 0.339533 0.274027 0.261665 0.026098
5 0.234552 0.406794 0.051072 0.042254
7 0.335120 0.306338 0.233922 0.025269
10 0.398487 0.442212 0.078815 0.044325
5 0.237074 0.369304 0.056116 0.038525
13 0.677175 0.658244 0.246532 0.125932
5 0.238178 0.337614 0.053909 0.036454
0 0.675284 0.364747 0.230139 0.475145
9 0.438525 0.337200 0.026482 0.034797
7 0.726513 0.692833 0.115069 0.026926
7 0.335435 0.372204 0.234552 0.027755
2 0.707598 0.799089 0.389975 0.159901
2 0.846469 0.498757 0.112232 0.760563
9 0.417718 0.237987 0.087011 0.040182
7 0.733449 0.621790 0.130202 0.027341
7 0.333859 0.239851 0.246532 0.025684
5 0.234868 0.270298 0.051702 0.041011
7 0.732976 0.654722 0.119168 0.026926
8 0.267812 0.513049 0.473834 0.928335
9 0.337484 0.439105 0.051387 0.048882
