3 0.242996 0.395012 0.021398 0.025246
7 0.675647 0.252360 0.217980 0.029351
3 0.318273 0.420053 0.022014 0.027709
7 0.652325 0.111145 0.248922 0.028941
7 0.342826 0.148296 0.249692 0.030993
7 0.339440 0.254721 0.249076 0.032841
3 0.422799 0.449302 0.017395 0.026273
7 0.836130 0.782635 0.059267 0.013957
2 0.679803 0.074610 0.371305 0.068760
7 0.673414 0.277299 0.221213 0.029967
7 0.330973 0.527915 0.252463 0.032430
7 0.336977 0.338670 0.254310 0.033251
7 0.662485 0.530583 0.251078 0.031609
7 0.835437 0.770628 0.056342 0.012931
1 0.180650 0.145628 0.078972 0.135263
7 0.332897 0.463978 0.248922 0.032635
3 0.652171 0.658456 0.021090 0.027915
7 0.666410 0.615353 0.253387 0.034072
3 0.637623 0.236864 0.027709 0.022989
7 0.668950 0.699097 0.256004 0.032841
7 0.332666 0.444889 0.253079 0.033046
7 0.333359 0.401786 0.250770 0.033867
7 0.664409 0.594007 0.247845 0.032020
7 0.342980 0.215825 0.252771 0.032225
7 0.655249 0.214183 0.248922 0.032225
7 0.323199 0.672516 0.253849 0.035099
2 0.701355 0.849548 0.392857 0.091133
1 0.160175 0.615045 0.082666 0.251847
7 0.154403 0.760057 0.057266 0.011084
7 0.661176 0.467672 0.249076 0.031814
3 0.712284 0.461310 0.019089 0.020731
8 0.277017 0.491071 0.451509 0.959154
7 0.346290 0.591954 0.211669 0.030788
3 0.682266 0.591646 0.020936 0.019089
3 0.697044 0.527504 0.020936 0.024220
7 0.826047 0.467159 0.055419 0.009442
1 0.435730 0.762007 0.101447 0.115969
7 0.666256 0.571018 0.252771 0.032020
7 0.652632 0.172106 0.250462 0.031814
13 0.461207 0.741174 0.060037 0.083744
7 0.168796 0.450021 0.055265 0.011289
7 0.666487 0.635776 0.255080 0.032225
7 0.667257 0.678571 0.252001 0.034072
3 0.723984 0.630850 0.022475 0.024836
13 0.165871 0.464491 0.072814 0.066092
7 0.336823 0.317426 0.251847 0.033046
2 0.297260 0.846162 0.383005 0.098317
1 0.833128 0.621305 0.086823 0.245074
3 0.542950 0.579947 0.018165 0.021141
1 0.558498 0.762110 0.093288 0.122332
7 0.658636 0.403120 0.249230 0.031609
3 0.303033 0.253797 0.016780 0.027709
1 0.701893 0.764470 0.197506 0.120484
7 0.343442 0.193144 0.248153 0.032430
7 0.662177 0.508415 0.249538 0.032430
7 0.326278 0.613095 0.252309 0.035714
7 0.341364 0.233169 0.249538 0.032430
13 0.827432 0.472291 0.067426 0.067323
3 0.207435 0.665846 0.021090 0.029967
1 0.817657 0.148707 0.074353 0.122537
3 0.338824 0.507081 0.022475 0.024015
7 0.129387 0.783149 0.011546 0.009236
7 0.658405 0.382389 0.248153 0.031199
3 0.757620 0.481219 0.020782 0.022373
3 0.342518 0.318760 0.023091 0.027094
7 0.655018 0.192939 0.250000 0.032020
7 0.835283 0.759031 0.057574 0.013136
8 0.716826 0.491790 0.451201 0.957307
3 0.688655 0.403941 0.021398 0.026273
3 0.662946 0.338875 0.019550 0.023810
2 0.322275 0.070608 0.349908 0.064860
7 0.167257 0.461720 0.056496 0.011700
3 0.260853 0.164819 0.018935 0.023810
3 0.547491 0.274938 0.039255 0.047003
7 0.826740 0.479680 0.050954 0.009852
7 0.816964 0.490866 0.034175 0.009647
1 0.172260 0.324097 0.079433 0.237274
7 0.344212 0.130439 0.249692 0.030172
7 0.334744 0.358990 0.253849 0.035304
3 0.228756 0.105193 0.018473 0.019910
7 0.660022 0.486556 0.251078 0.031814
7 0.347829 0.570402 0.210745 0.029557
3 0.576663 0.451252 0.021244 0.025246
3 0.449353 0.283764 0.021860 0.023194
13 0.153248 0.767447 0.078972 0.070197
13 0.835822 0.767447 0.071583 0.053366
7 0.336592 0.380644 0.253233 0.033046
3 0.542873 0.326868 0.024169 0.021552
7 0.339748 0.275554 0.248768 0.032225
13 0.661330 0.404044 0.279249 0.628695
7 0.826663 0.455255 0.055111 0.009031
7 0.657558 0.318042 0.249846 0.031404
7 0.151863 0.772270 0.056188 0.011289
13 0.335591 0.403325 0.284175 0.641215
7 0.660560 0.445402 0.249692 0.031199
7 0.344135 0.632800 0.216595 0.029967
3 0.751539 0.358067 0.022475 0.026888
2 0.475292 0.478038 0.051262 0.840722
1 0.291872 0.757800 0.205357 0.117816
7 0.659560 0.363403 0.252925 0.030583
3 0.259390 0.499076 0.020936 0.024836
3 0.317118 0.190579 0.017241 0.021552
7 0.166256 0.473112 0.055111 0.011905
7 0.654480 0.151683 0.250154 0.032020
3 0.242919 0.351498 0.019089 0.023194
7 0.660637 0.424466 0.249230 0.031199
3 0.559575 0.158662 0.024323 0.025452
3 0.338208 0.132492 0.024938 0.025246
7 0.666641 0.658662 0.250770 0.033251
7 0.323815 0.694684 0.253541 0.034278
3 0.367996 0.551211 0.025400 0.026067
7 0.336823 0.654659 0.212746 0.030583
7 0.339132 0.297003 0.254926 0.032841
7 0.657712 0.299364 0.248922 0.031404
1 0.825508 0.326868 0.075585 0.230501
3 0.216518 0.631466 0.035252 0.042488
7 0.331512 0.507389 0.252309 0.032841
7 0.663716 0.551724 0.251078 0.031199
3 0.747537 0.272681 0.023707 0.028530
7 0.164640 0.485530 0.053110 0.012110
3 0.378002 0.614943 0.028171 0.023399
13 0.533251 0.746305 0.042180 0.087028
7 0.346521 0.110222 0.250616 0.027915
7 0.532097 0.743124 0.021706 0.030993
2 0.517780 0.476190 0.041410 0.835386
7 0.154095 0.748050 0.056342 0.010878
7 0.653710 0.131568 0.244612 0.031609
7 0.328433 0.547722 0.251078 0.033046
3 0.453125 0.220238 0.016780 0.025452
7 0.332743 0.420874 0.252925 0.035920
7 0.341826 0.169643 0.251078 0.031404
7 0.648399 0.235119 0.239224 0.031404
3 0.218904 0.571326 0.037254 0.048235
7 0.331204 0.486351 0.253233 0.032225
7 0.459821 0.742200 0.035099 0.059113
3 0.537639 0.119458 0.019550 0.022167
7 0.656481 0.341954 0.247075 0.031609
