2 0.495305 0.447455 0.037408 0.742200
1 0.166564 0.442529 0.098522 0.742200
7 0.349292 0.415230 0.250924 0.017241
7 0.383236 0.205255 0.186730 0.016831
13 0.346829 0.344828 0.256773 0.465107
7 0.382620 0.243534 0.184575 0.017036
8 0.744997 0.509852 0.456743 0.903530
3 0.232759 0.537356 0.015702 0.020936
7 0.271398 0.146654 0.103140 0.017857
7 0.347137 0.547106 0.218596 0.016215
7 0.398476 0.186884 0.153171 0.015805
7 0.335822 0.509442 0.222752 0.016420
7 0.250000 0.563937 0.062192 0.014984
2 0.347829 0.096675 0.256004 0.046798
2 0.540563 0.502360 0.039871 0.878695
7 0.346983 0.376950 0.253387 0.015805
2 0.743688 0.098727 0.446121 0.071429
0 0.253849 0.222804 0.068658 0.136494
1 0.354372 0.723317 0.232759 0.190887
3 0.305342 0.177135 0.030018 0.034072
7 0.347675 0.471675 0.248922 0.016420
7 0.347829 0.396141 0.251078 0.016420
7 0.348676 0.319992 0.252463 0.016010
2 0.311268 0.858477 0.405480 0.099959
7 0.361068 0.130337 0.225216 0.015189
9 0.351062 0.543514 0.218442 0.023399
2 0.228294 0.727011 0.022475 0.162972
7 0.383467 0.224138 0.184421 0.016831
7 0.346059 0.452689 0.253079 0.016215
2 0.938732 0.502360 0.053571 0.878695
7 0.382158 0.281712 0.182112 0.014984
7 0.348291 0.338465 0.249538 0.015189
0 0.739301 0.487069 0.377617 0.720033
9 0.361453 0.125308 0.234298 0.027709
9 0.251847 0.563013 0.063424 0.022167
7 0.347983 0.300800 0.253233 0.015394
7 0.346444 0.433805 0.251693 0.016215
7 0.347599 0.357656 0.249692 0.016215
7 0.400092 0.167796 0.144704 0.015805
2 0.741225 0.893576 0.448584 0.092980
7 0.337977 0.490558 0.233528 0.016420
3 0.236068 0.124487 0.018319 0.017447
8 0.294412 0.506466 0.441656 0.920156
7 0.381927 0.262931 0.183498 0.016010
