7 0.349831 0.617919 0.230142 0.027299
7 0.672568 0.393883 0.199507 0.025862
10 0.379849 0.296182 0.174723 0.021757
7 0.367149 0.684524 0.211515 0.025452
7 0.654326 0.490866 0.227986 0.026888
3 0.254387 0.497947 0.059883 0.061987
7 0.672568 0.681137 0.199200 0.027299
7 0.654557 0.555521 0.233682 0.028941
7 0.352756 0.551519 0.235068 0.029146
10 0.713978 0.363608 0.110837 0.014163
7 0.310730 0.233477 0.053110 0.024015
7 0.370844 0.264573 0.202894 0.030378
7 0.654480 0.235837 0.225523 0.027915
7 0.326355 0.458846 0.177340 0.026478
3 0.551955 0.682984 0.037408 0.031814
3 0.252925 0.318350 0.029865 0.029967
7 0.651093 0.205152 0.223676 0.027299
3 0.258159 0.211515 0.049261 0.063834
9 0.338901 0.423235 0.080819 0.032841
7 0.651401 0.299466 0.222752 0.025862
7 0.654634 0.456281 0.232297 0.028325
7 0.375154 0.201663 0.180727 0.026478
10 0.404172 0.233067 0.131619 0.019910
7 0.596829 0.363506 0.121305 0.025862
7 0.653864 0.426519 0.231989 0.025452
13 0.660868 0.452997 0.265086 0.538998
7 0.378464 0.488403 0.183959 0.023604
7 0.372768 0.519294 0.171644 0.023810
7 0.371767 0.327894 0.203510 0.029762
13 0.346444 0.444992 0.264932 0.562808
7 0.306342 0.650965 0.147475 0.025657
7 0.349061 0.584975 0.227063 0.025862
7 0.351755 0.424158 0.230603 0.027709
7 0.351062 0.390907 0.229218 0.027709
7 0.652632 0.269704 0.226447 0.027915
7 0.364224 0.358067 0.195813 0.027299
8 0.289640 0.496921 0.408713 0.866174
3 0.244920 0.680521 0.031712 0.037151
3 0.553725 0.393678 0.032943 0.029967
7 0.655326 0.619458 0.233067 0.029146
8 0.706512 0.494869 0.413023 0.866174
7 0.654326 0.521860 0.229218 0.026888
10 0.424107 0.653120 0.083436 0.018473
3 0.248845 0.262828 0.042026 0.031814
3 0.252155 0.353243 0.028325 0.032020
10 0.702817 0.650144 0.136238 0.017036
10 0.441502 0.459873 0.049261 0.017857
7 0.649861 0.587849 0.221829 0.027504
7 0.587438 0.653120 0.094828 0.018062
7 0.647937 0.329947 0.211823 0.026888
7 0.263778 0.293822 0.052802 0.023194
