7 0.360889 0.509165 0.485015 0.027823
7 0.356643 0.296236 0.482517 0.025532
7 0.366633 0.376759 0.447552 0.020949
3 0.148102 0.233715 0.075425 0.037316
10 0.471778 0.209002 0.278222 0.027823
7 0.250500 0.455319 0.266234 0.022259
7 0.352148 0.482324 0.468531 0.025859
7 0.230519 0.589689 0.227273 0.025859
3 0.146603 0.475941 0.074426 0.034043
7 0.354396 0.267758 0.476024 0.022913
3 0.141608 0.610966 0.079421 0.033061
13 0.365884 0.412275 0.500000 0.502455
7 0.355644 0.644681 0.478521 0.027169
8 0.481518 0.501473 0.854146 0.937480
7 0.364885 0.564484 0.494006 0.021277
2 0.705794 0.411457 0.158841 0.497545
7 0.357393 0.241571 0.479021 0.021604
7 0.382118 0.618822 0.411588 0.023895
10 0.523726 0.349591 0.174326 0.024877
10 0.453546 0.590671 0.304695 0.023241
7 0.359640 0.403110 0.485514 0.027169
3 0.144106 0.369558 0.065435 0.034043
7 0.355644 0.429460 0.472527 0.023568
7 0.251998 0.210311 0.267233 0.020622
7 0.346154 0.350900 0.461538 0.026841
7 0.361888 0.182324 0.490010 0.025532
7 0.351149 0.321440 0.466533 0.022913
7 0.350150 0.536334 0.469530 0.027169
10 0.477772 0.454501 0.270230 0.023241
