7 0.588407 0.395003 0.107160 0.015467
7 0.363127 0.187686 0.478811 0.015467
2 0.303702 0.255651 0.361909 0.030042
7 0.622260 0.294170 0.082319 0.015467
3 0.514613 0.499405 0.066732 0.040452
7 0.388699 0.679952 0.524111 0.017847
7 0.386020 0.213712 0.516805 0.017549
7 0.592060 0.317817 0.134925 0.015170
2 0.462981 0.392029 0.054067 0.287329
2 0.077691 0.481112 0.148563 0.902736
7 0.618120 0.266359 0.053580 0.015764
9 0.565757 0.701071 0.147589 0.033314
3 0.528495 0.286883 0.109109 0.078227
8 0.496590 0.501487 0.935704 0.965497
3 0.149294 0.645449 0.066732 0.025580
7 0.572577 0.447650 0.173892 0.015467
7 0.367267 0.602469 0.510472 0.018144
0 0.302971 0.389798 0.301997 0.251933
7 0.369459 0.577186 0.498295 0.018739
3 0.150268 0.594438 0.072577 0.031231
7 0.388212 0.550416 0.532879 0.018739
5 0.153434 0.620018 0.071115 0.024093
2 0.347053 0.832986 0.676571 0.198989
3 0.371895 0.547739 0.079396 0.033016
7 0.575743 0.343099 0.153921 0.014575
7 0.364101 0.654521 0.503166 0.011600
9 0.564783 0.571535 0.132976 0.027067
7 0.574282 0.367787 0.178276 0.018144
7 0.561861 0.420286 0.148563 0.014872
9 0.255480 0.236615 0.257672 0.027067
7 0.560156 0.500149 0.165611 0.015170
7 0.392109 0.234979 0.530930 0.026175
7 0.559669 0.472189 0.156844 0.018144
3 0.626887 0.187091 0.062348 0.027365
10 0.628349 0.236466 0.076961 0.033908
7 0.383585 0.628495 0.494398 0.013682
9 0.427423 0.574063 0.158305 0.024390
3 0.518022 0.387864 0.069654 0.035098
7 0.579152 0.527513 0.161715 0.015764
5 0.146128 0.672219 0.062348 0.027960
2 0.350950 0.098751 0.640526 0.133849
7 0.371408 0.706871 0.508037 0.018144
2 0.299318 0.516954 0.359961 0.028554
9 0.492937 0.233195 0.213346 0.030934
2 0.141013 0.389352 0.043351 0.286139
13 0.398685 0.453450 0.573307 0.569007
