7 0.654985 0.441912 0.191501 0.025000
13 0.659492 0.420466 0.208609 0.407598
8 0.282561 0.500368 0.440029 0.858088
7 0.356420 0.599632 0.187086 0.019853
7 0.374908 0.283824 0.169242 0.020588
7 0.357892 0.452819 0.191501 0.019853
7 0.356788 0.622794 0.191133 0.019608
3 0.577815 0.561642 0.032745 0.025245
7 0.671174 0.560784 0.151030 0.021569
3 0.275570 0.286275 0.026858 0.022059
3 0.279341 0.405147 0.028514 0.024020
8 0.733352 0.495711 0.440213 0.872304
2 0.701987 0.166667 0.302060 0.090686
3 0.274834 0.236397 0.028330 0.030147
2 0.308499 0.172672 0.284400 0.087990
7 0.659216 0.491299 0.195548 0.022304
7 0.650110 0.228431 0.185430 0.021569
7 0.659216 0.514093 0.196284 0.021324
7 0.650202 0.250735 0.190765 0.020588
7 0.355776 0.354902 0.188742 0.021078
7 0.375000 0.331985 0.164275 0.021324
13 0.361847 0.429779 0.208609 0.421324
2 0.800405 0.426716 0.105592 0.610784
7 0.377759 0.521324 0.159860 0.020098
3 0.278606 0.522794 0.029985 0.024020
7 0.654893 0.346078 0.194260 0.020588
7 0.361479 0.570956 0.198675 0.024265
7 0.356696 0.475490 0.186166 0.022059
7 0.354948 0.380270 0.182303 0.019853
3 0.632910 0.344730 0.025938 0.027206
7 0.654065 0.321691 0.193709 0.020343
3 0.378127 0.451961 0.034400 0.025980
7 0.361939 0.499387 0.197020 0.019363
2 0.315305 0.697794 0.298013 0.110294
7 0.651858 0.418627 0.185614 0.022059
7 0.652410 0.466176 0.185614 0.024020
3 0.396155 0.620588 0.028514 0.027941
7 0.654525 0.394240 0.194628 0.020343
3 0.726821 0.389216 0.023179 0.025490
7 0.356696 0.261275 0.192421 0.021078
7 0.652962 0.370588 0.191501 0.020588
7 0.357248 0.548039 0.188742 0.020098
7 0.659032 0.586397 0.195916 0.021814
3 0.277870 0.333211 0.028514 0.028186
7 0.367090 0.236152 0.158021 0.018382
7 0.362031 0.307108 0.201251 0.019118
7 0.657561 0.539216 0.192605 0.020588
3 0.716703 0.606127 0.027226 0.023529
7 0.654433 0.297304 0.193709 0.021569
2 0.705758 0.686029 0.295254 0.124510
7 0.653238 0.272917 0.191685 0.020833
7 0.661608 0.610539 0.195916 0.023039
7 0.361663 0.430025 0.194628 0.020833
2 0.211921 0.439583 0.091244 0.631618
3 0.641740 0.274142 0.029985 0.027206
3 0.366170 0.570833 0.025570 0.027941
3 0.683315 0.462868 0.031457 0.027206
7 0.371229 0.403676 0.150110 0.019608
