3 0.378890 0.481321 0.088408 0.045726
7 0.452188 0.583234 0.542625 0.031381
7 0.446775 0.518828 0.529093 0.028691
7 0.464141 0.312313 0.557510 0.025702
7 0.468651 0.379707 0.556608 0.024208
7 0.442715 0.414525 0.523681 0.026300
7 0.456924 0.616258 0.549391 0.029886
7 0.451737 0.483413 0.535408 0.029588
3 0.210419 0.198745 0.124041 0.042439
7 0.456698 0.650329 0.545332 0.031082
7 0.451737 0.170203 0.528191 0.023610
7 0.449030 0.449193 0.527289 0.028691
7 0.456473 0.345338 0.532251 0.026001
13 0.465268 0.403019 0.575101 0.526898
8 0.504285 0.500598 0.934596 0.955170
7 0.454668 0.277346 0.541272 0.023909
7 0.481055 0.207113 0.476770 0.019127
7 0.442715 0.550956 0.510149 0.027794
7 0.459179 0.241781 0.531349 0.019127
