8 0.369665 0.481892 0.338276 0.776423
7 0.579407 0.849686 0.047672 0.028271
7 0.628326 0.158444 0.167406 0.030488
7 0.404795 0.439763 0.261641 0.027347
13 0.704268 0.487158 0.330931 0.766999
7 0.336682 0.312361 0.198032 0.027162
7 0.627356 0.551829 0.166851 0.031966
9 0.800859 0.722746 0.066242 0.050074
5 0.258938 0.522912 0.050859 0.059867
7 0.686461 0.685052 0.289218 0.036401
9 0.415119 0.475148 0.223808 0.040835
7 0.685906 0.718034 0.285061 0.035107
7 0.382968 0.764412 0.220205 0.029564
7 0.380890 0.274760 0.287833 0.026238
7 0.342295 0.699095 0.210920 0.027162
7 0.354144 0.668237 0.229906 0.026423
7 0.762057 0.853936 0.023282 0.022727
7 0.636641 0.192350 0.179324 0.032890
7 0.336475 0.602827 0.195676 0.025684
7 0.386502 0.213969 0.300443 0.028825
8 0.710643 0.485126 0.340632 0.769956
7 0.630474 0.421748 0.170870 0.030488
7 0.383661 0.502587 0.193320 0.025499
7 0.643085 0.455839 0.193598 0.033999
7 0.331624 0.570030 0.186530 0.025868
7 0.615299 0.520048 0.143293 0.029749
7 0.410269 0.476718 0.210782 0.028455
7 0.636086 0.226441 0.187084 0.033814
9 0.406666 0.440225 0.272312 0.044900
7 0.628049 0.648189 0.171286 0.031412
9 0.662694 0.718773 0.041574 0.039542
7 0.629088 0.618348 0.170870 0.031966
7 0.400707 0.112897 0.096868 0.026238
7 0.394748 0.343404 0.069983 0.026423
10 0.252910 0.639597 0.029933 0.026053
10 0.545108 0.321323 0.003742 0.021803
7 0.684798 0.817720 0.283398 0.034922
7 0.376732 0.636271 0.205238 0.023836
7 0.616962 0.387472 0.146064 0.029194
7 0.662486 0.325018 0.227966 0.034738
7 0.400152 0.536678 0.227688 0.027162
13 0.371258 0.476996 0.329545 0.762565
7 0.356984 0.799797 0.244457 0.027531
7 0.413872 0.181726 0.136502 0.025684
7 0.326912 0.409183 0.109202 0.024575
10 0.252910 0.768385 0.032982 0.023836
10 0.255197 0.441981 0.031458 0.029933
7 0.368071 0.731800 0.265244 0.030118
7 0.639551 0.357631 0.191519 0.033814
7 0.691034 0.752033 0.270094 0.032520
7 0.630820 0.487251 0.174889 0.035477
5 0.546702 0.758222 0.013304 0.051922
7 0.407151 0.243625 0.098670 0.025684
7 0.387611 0.145972 0.296009 0.026238
7 0.651954 0.126478 0.213553 0.035292
9 0.709188 0.685698 0.047533 0.034368
7 0.637611 0.290650 0.186253 0.031042
7 0.386987 0.376293 0.296702 0.030488
7 0.652093 0.587676 0.215216 0.033075
7 0.690687 0.784553 0.272450 0.033629
7 0.623198 0.258777 0.159922 0.029749
