7 2.287598 0.800189 1.420898 0.082702
7 2.293945 1.543876 1.412109 0.070076
7 2.279785 1.883523 1.418945 0.068813
7 2.268066 1.044192 1.360352 0.078283
7 2.288086 1.215909 1.382812 0.078283
8 2.210938 1.313763 1.589844 1.635101
7 2.291504 1.462121 1.409180 0.073232
7 2.273438 1.722222 1.373047 0.068182
7 2.302246 1.382260 1.411133 0.075126
7 2.263184 0.714015 1.350586 0.066919
7 2.272949 0.969381 1.370117 0.087753
7 2.255859 0.634154 1.375000 0.061237
7 2.300293 1.627841 1.434570 0.070076
13 2.219238 1.315341 1.604492 1.636995
7 2.297852 0.885101 1.419922 0.075758
7 2.280762 1.298611 1.368164 0.070707
7 2.291504 1.801136 1.416992 0.073232
7 2.253906 1.135417 1.324219 0.075126
