7 0.750230 0.303521 0.322403 0.021127
7 0.743947 0.521549 0.312289 0.020000
7 0.751915 0.356901 0.322709 0.021408
7 0.744867 0.248592 0.310451 0.021127
7 0.750690 0.603944 0.316580 0.023099
7 0.748851 0.496620 0.322096 0.022535
7 0.748851 0.276056 0.323322 0.021972
7 0.749310 0.193099 0.319338 0.022817
9 0.721728 0.352535 0.022066 0.035211
7 0.747625 0.440845 0.313515 0.023099
13 0.754980 0.408592 0.347839 0.488732
9 0.857187 0.270563 0.020840 0.031268
7 0.743488 0.384789 0.314435 0.021972
7 0.749617 0.468592 0.328532 0.020563
7 0.749923 0.574930 0.322403 0.022535
7 0.752528 0.330986 0.323322 0.018592
9 0.891511 0.488873 0.028195 0.029577
7 0.749157 0.546479 0.318419 0.019718
9 0.789764 0.186901 0.026969 0.033521
9 0.891664 0.433521 0.030953 0.032113
7 0.753295 0.221127 0.327306 0.020845
9 0.690009 0.598592 0.026663 0.032113
8 0.656911 0.498873 0.613852 0.897465
2 0.506436 0.411127 0.149249 0.474648
7 0.748391 0.413099 0.313822 0.022254
7 0.751609 0.633662 0.316580 0.021690
