7 0.417449 0.279194 0.128658 0.026727
7 0.304114 0.529194 0.355329 0.030016
2 0.075097 0.452508 0.083932 0.793174
7 0.311706 0.630757 0.357261 0.032484
8 0.441055 0.497019 0.816952 0.924959
7 0.428078 0.242701 0.149917 0.028577
13 0.307841 0.401727 0.408614 0.495066
7 0.341524 0.595600 0.330756 0.030428
7 0.297764 0.387747 0.347046 0.032895
2 0.660685 0.442537 0.298178 0.805715
3 0.151022 0.597245 0.044727 0.031250
7 0.319575 0.562089 0.382938 0.029194
2 0.422833 0.096731 0.773882 0.114926
7 0.296107 0.352385 0.347046 0.031250
7 0.412203 0.313528 0.117062 0.026316
7 0.301077 0.423931 0.354776 0.031250
7 0.300801 0.492599 0.353120 0.030839
3 0.226394 0.247327 0.250138 0.179688
7 0.426974 0.173725 0.147708 0.028372
7 0.299696 0.457648 0.354224 0.028783
7 0.422557 0.209190 0.137769 0.027344
9 0.462176 0.558697 0.122032 0.042558
2 0.408200 0.749178 0.740199 0.196546
