7 0.165185 0.596979 0.177138 0.024562
7 0.238278 0.537691 0.328838 0.024562
7 0.227245 0.563241 0.304934 0.027103
3 0.095311 0.507764 0.061906 0.038679
10 0.321943 0.596838 0.138829 0.025409
7 0.275513 0.445229 0.229850 0.027103
7 0.233221 0.325381 0.327306 0.026821
7 0.236286 0.265810 0.328532 0.030209
7 0.227398 0.238989 0.308918 0.022304
7 0.228164 0.382411 0.312289 0.027950
3 0.112780 0.431254 0.096843 0.064088
3 0.097610 0.213156 0.072020 0.038961
13 0.230463 0.408526 0.346920 0.488989
3 0.101440 0.298701 0.074165 0.036702
7 0.263255 0.209768 0.252528 0.028797
7 0.264481 0.505929 0.273981 0.028797
3 0.096384 0.625494 0.064051 0.040937
7 0.161508 0.179418 0.169169 0.029644
7 0.261416 0.627753 0.262948 0.033032
7 0.226325 0.477414 0.301257 0.023715
7 0.229390 0.353331 0.316580 0.033597
7 0.266013 0.296443 0.259884 0.028797
2 0.482378 0.405280 0.159975 0.495483
8 0.329911 0.494495 0.610788 0.900903
10 0.322249 0.183512 0.133926 0.025409
7 0.280110 0.413185 0.237205 0.027950
