8 0.639208 0.492896 0.617710 0.922468
7 0.786079 0.312259 0.252022 0.024559
13 0.756492 0.397098 0.345253 0.465801
7 0.756599 0.544347 0.316518 0.032068
2 0.498084 0.396996 0.163048 0.456667
3 0.622393 0.402882 0.067263 0.043434
10 0.806833 0.458697 0.239464 0.018267
7 0.746914 0.220215 0.322691 0.025573
7 0.748936 0.341892 0.321201 0.025370
7 0.751064 0.248731 0.322052 0.024153
7 0.751703 0.432921 0.316518 0.025979
3 0.622393 0.310432 0.067263 0.036736
7 0.759898 0.516440 0.329928 0.026182
3 0.627182 0.490664 0.067476 0.036330
7 0.637080 0.463162 0.100894 0.028009
7 0.785121 0.488533 0.240741 0.025573
3 0.636867 0.592247 0.096211 0.066166
7 0.807046 0.601279 0.234781 0.037548
7 0.800766 0.574183 0.228182 0.030850
7 0.752661 0.280800 0.325245 0.024153
7 0.782993 0.189872 0.251384 0.023747
7 0.633355 0.372742 0.094295 0.025370
3 0.623776 0.186117 0.074287 0.047899
10 0.799808 0.366349 0.239464 0.015831
7 0.784589 0.403592 0.249042 0.026994
9 0.766816 0.542318 0.031716 0.036939
