5 0.247526 0.388776 0.023177 0.035159
8 0.255599 0.499493 0.442969 0.874577
7 0.222396 0.242901 0.285417 0.028059
7 0.227865 0.556457 0.306771 0.031778
7 0.223568 0.395368 0.287760 0.028736
5 0.308333 0.468729 0.023438 0.036849
13 0.232682 0.472617 0.328906 0.590264
7 0.227344 0.434584 0.300521 0.031440
7 0.231771 0.748141 0.308333 0.048005
5 0.088151 0.199290 0.027865 0.036173
7 0.226042 0.594828 0.299479 0.028736
7 0.225260 0.514537 0.297917 0.032454
5 0.344661 0.740703 0.025781 0.030426
7 0.236328 0.206728 0.284115 0.031440
5 0.088542 0.659567 0.024479 0.037863
7 0.232422 0.669878 0.303385 0.030088
7 0.219922 0.632860 0.286719 0.031778
5 0.233984 0.276707 0.029427 0.039554
5 0.085807 0.584009 0.025781 0.039554
7 0.225911 0.710446 0.295052 0.044287
7 0.227604 0.358350 0.300000 0.035159
7 0.235547 0.474476 0.315365 0.031440
7 0.227995 0.281440 0.292448 0.029412
7 0.231641 0.320994 0.306510 0.028059
