9 0.529726 0.201392 0.033400 0.028770
7 0.362725 0.415081 0.492986 0.022738
7 0.436206 0.568213 0.346025 0.023666
7 0.342017 0.260325 0.451570 0.020418
9 0.510354 0.613225 0.038744 0.032947
7 0.373413 0.621810 0.506346 0.022274
9 0.416500 0.228074 0.040748 0.033875
7 0.361389 0.338515 0.492986 0.021810
7 0.425852 0.543619 0.334669 0.022738
3 0.490648 0.488167 0.052772 0.027842
7 0.350367 0.363805 0.468270 0.023202
7 0.364729 0.236195 0.488978 0.020418
13 0.377756 0.403016 0.557782 0.497912
7 0.367735 0.595824 0.493654 0.024130
7 0.400134 0.313225 0.398130 0.022274
9 0.396126 0.488631 0.122912 0.029698
3 0.160321 0.293735 0.082832 0.057541
7 0.361389 0.210905 0.495658 0.022738
7 0.346359 0.390487 0.468270 0.022738
7 0.354041 0.184919 0.478290 0.023666
7 0.408818 0.287703 0.398130 0.021346
3 0.187041 0.540139 0.129593 0.080742
7 0.431530 0.519026 0.348697 0.020882
7 0.358383 0.440139 0.476286 0.021810
7 0.363059 0.467517 0.481630 0.023666
7 0.364061 0.492575 0.498330 0.023666
9 0.513026 0.255220 0.094856 0.025986
