7 0.750204 0.693957 0.317823 0.027847
7 0.728299 0.627263 0.355646 0.024784
7 0.736599 0.345865 0.368435 0.024506
3 0.569524 0.554581 0.056599 0.051518
7 0.725850 0.450571 0.350204 0.026177
7 0.740952 0.557366 0.334150 0.025341
3 0.678231 0.134642 0.061224 0.044834
7 0.735238 0.380952 0.363537 0.026734
7 0.731837 0.730576 0.362177 0.026455
3 0.569524 0.689780 0.060952 0.042885
13 0.735510 0.432470 0.403265 0.666110
7 0.730476 0.593985 0.370884 0.022278
7 0.735782 0.243247 0.354286 0.025341
7 0.735510 0.519632 0.359184 0.026177
7 0.728435 0.281398 0.349932 0.026455
7 0.732789 0.486912 0.367891 0.024784
3 0.574830 0.409774 0.059592 0.047619
3 0.564082 0.483570 0.067483 0.050404
7 0.730612 0.659566 0.343946 0.024227
3 0.638912 0.310638 0.066939 0.044834
7 0.738367 0.312865 0.368163 0.024227
7 0.734558 0.414508 0.364898 0.026455
7 0.738231 0.177249 0.360816 0.027569
8 0.668435 0.498886 0.596190 0.933723
3 0.564626 0.241019 0.048435 0.040936
7 0.733878 0.138402 0.352109 0.026734
3 0.829660 0.591339 0.070748 0.043163
7 0.734830 0.210387 0.356190 0.025898
