13 0.384169 0.419033 0.449476 0.487208
7 0.383795 0.332865 0.436751 0.017430
7 0.379304 0.286477 0.430015 0.017993
8 0.475674 0.499719 0.845808 0.931965
7 0.380801 0.620186 0.436751 0.017993
7 0.432448 0.451364 0.344686 0.023334
9 0.499439 0.427186 0.217440 0.026708
7 0.378930 0.380236 0.433009 0.019398
7 0.384169 0.573658 0.438997 0.018274
7 0.381362 0.550183 0.433383 0.018555
7 0.385853 0.501265 0.435629 0.017430
9 0.177208 0.381923 0.032560 0.022772
9 0.587388 0.258645 0.036302 0.030363
3 0.209768 0.438994 0.085704 0.052010
7 0.383608 0.358026 0.440120 0.018274
7 0.382111 0.526989 0.426647 0.018274
7 0.380427 0.404976 0.439746 0.018274
7 0.380614 0.644223 0.439371 0.018274
7 0.386228 0.259910 0.438623 0.018274
7 0.384543 0.477931 0.433757 0.017430
7 0.387350 0.236716 0.447605 0.019117
7 0.424401 0.429575 0.336826 0.018555
7 0.380427 0.308968 0.424775 0.019680
2 0.701160 0.418330 0.174775 0.485803
7 0.387163 0.188502 0.441243 0.020523
9 0.320172 0.283947 0.045284 0.026989
7 0.387163 0.211836 0.443488 0.019398
9 0.404379 0.617936 0.046033 0.029800
7 0.386228 0.596008 0.445359 0.018555
