7 0.234600 0.611095 0.322709 0.021174
13 0.233681 0.389187 0.328226 0.479108
3 0.100981 0.550395 0.042599 0.027386
10 0.365155 0.391446 0.025437 0.018916
3 0.101134 0.280774 0.047809 0.032468
7 0.254674 0.552513 0.258045 0.021457
10 0.336347 0.416431 0.092859 0.014681
7 0.215906 0.390034 0.266932 0.021739
7 0.262182 0.279785 0.266319 0.021457
7 0.268771 0.446217 0.247012 0.022304
3 0.098529 0.225720 0.047502 0.027950
7 0.260956 0.474026 0.224027 0.020327
3 0.113546 0.457228 0.062213 0.052795
3 0.100981 0.495200 0.042599 0.023151
7 0.233527 0.528374 0.316886 0.020045
7 0.230463 0.584274 0.310757 0.021174
7 0.235826 0.312535 0.320257 0.020892
10 0.256666 0.335545 0.263255 0.016657
3 0.102053 0.415302 0.040454 0.028797
7 0.100674 0.336815 0.046889 0.022021
7 0.205945 0.415443 0.161201 0.020610
3 0.099755 0.365048 0.045051 0.029927
7 0.257125 0.366742 0.264174 0.022586
7 0.262489 0.226990 0.270610 0.023715
7 0.231689 0.256776 0.311370 0.022868
9 0.260803 0.415726 0.050260 0.029644
10 0.306466 0.196640 0.172847 0.020610
7 0.147410 0.199887 0.133006 0.022021
8 0.326540 0.493930 0.613239 0.896386
7 0.259117 0.498024 0.263868 0.020892
7 0.235213 0.176172 0.314128 0.024280
2 0.480080 0.387916 0.150475 0.472614
