7 0.518779 0.198200 0.294515 0.031200
3 0.137395 0.452700 0.046204 0.023000
3 0.389354 0.546700 0.061605 0.027400
2 0.748581 0.397800 0.124561 0.660400
7 0.398811 0.609800 0.563631 0.032000
2 0.462848 0.792900 0.702513 0.134200
7 0.521075 0.293600 0.285598 0.028800
3 0.435558 0.608500 0.055661 0.032200
7 0.520940 0.229600 0.295055 0.032400
7 0.387058 0.328200 0.544447 0.019600
8 0.457444 0.503800 0.856525 0.938400
7 0.382599 0.452100 0.537693 0.029000
7 0.390165 0.514400 0.548500 0.033600
3 0.175898 0.357900 0.055661 0.034200
13 0.397190 0.430000 0.590651 0.595200
9 0.511754 0.164000 0.280465 0.032000
2 0.394083 0.101700 0.584437 0.067400
4 0.212780 0.222700 0.314239 0.174600
7 0.405701 0.704800 0.581735 0.033600
7 0.389354 0.358600 0.546879 0.031200
7 0.389354 0.425000 0.544718 0.020000
7 0.391381 0.548600 0.553094 0.021200
7 0.387328 0.483700 0.544988 0.035000
3 0.576601 0.261900 0.058363 0.034600
3 0.590381 0.482700 0.049176 0.032200
7 0.397325 0.674400 0.559038 0.032000
7 0.516887 0.165200 0.296136 0.036400
7 0.400838 0.390900 0.569846 0.034200
3 0.574980 0.390000 0.055120 0.039200
7 0.383680 0.579000 0.533369 0.021200
7 0.521616 0.262100 0.288841 0.033400
7 0.393407 0.640600 0.551202 0.032800
2 0.075520 0.464400 0.073223 0.773600
3 0.243853 0.670400 0.049446 0.027600
