7 0.493887 0.252323 0.107440 0.016970
3 0.224116 0.513939 0.054370 0.027071
3 0.508585 0.465859 0.036941 0.025051
7 0.344823 0.465859 0.410770 0.022626
4 0.289412 0.324141 0.297347 0.217576
7 0.343522 0.633535 0.404527 0.018586
7 0.494927 0.275859 0.111602 0.017576
13 0.352367 0.435455 0.427940 0.497576
7 0.495187 0.368081 0.114204 0.023838
3 0.164412 0.560202 0.052029 0.028687
7 0.344043 0.539192 0.403486 0.018182
2 0.661550 0.388586 0.180021 0.594545
2 0.441467 0.782323 0.616545 0.192121
7 0.341051 0.586162 0.405307 0.019192
7 0.343002 0.611414 0.402445 0.017980
7 0.342092 0.490808 0.407388 0.017576
7 0.345343 0.442020 0.411811 0.025051
3 0.159079 0.607273 0.044485 0.026263
7 0.493626 0.298788 0.111082 0.023434
7 0.343002 0.513333 0.405567 0.022626
3 0.461108 0.394545 0.046046 0.026667
8 0.442118 0.505354 0.819719 0.938384
7 0.494537 0.346869 0.116545 0.023838
7 0.344823 0.204141 0.412851 0.019192
7 0.493106 0.416263 0.110042 0.020808
2 0.353668 0.137071 0.435744 0.091515
7 0.341961 0.658485 0.402445 0.018788
9 0.348335 0.199798 0.413111 0.036364
2 0.091311 0.481010 0.088970 0.776162
7 0.493626 0.393939 0.106920 0.024646
7 0.492976 0.321919 0.114464 0.020404
7 0.492456 0.227778 0.098335 0.017980
7 0.345994 0.562525 0.405307 0.019192
