7 0.761569 0.504188 0.335887 0.025126
2 0.945909 0.421133 0.045663 0.552485
7 0.761722 0.413875 0.316580 0.020380
7 0.770303 0.169598 0.346614 0.033222
7 0.755287 0.380793 0.297579 0.028476
7 0.768311 0.200168 0.325467 0.026242
7 0.767852 0.584031 0.335581 0.042993
7 0.802482 0.554718 0.264481 0.032942
7 0.745786 0.445701 0.295127 0.027080
7 0.761876 0.351619 0.307692 0.019263
7 0.766013 0.258096 0.306160 0.027080
1 0.503218 0.470826 0.139749 0.794249
7 0.761109 0.530151 0.322096 0.042993
2 0.779497 0.113205 0.385228 0.069514
7 0.743794 0.474456 0.284401 0.020380
7 0.761876 0.322027 0.305854 0.028197
7 0.772449 0.290620 0.312289 0.026242
1 0.766932 0.788526 0.391971 0.184534
7 0.774747 0.229620 0.320564 0.028197
