3 0.099758 0.294770 0.039903 0.029562
3 0.258615 0.323337 0.035973 0.034395
7 0.295193 0.185475 0.405985 0.020750
9 0.487757 0.202530 0.030532 0.027572
7 0.302449 0.672115 0.410822 0.019045
7 0.298972 0.162592 0.409311 0.020466
7 0.296554 0.695992 0.401451 0.019613
3 0.336306 0.156055 0.040810 0.029562
3 0.267231 0.436043 0.041717 0.027288
7 0.303809 0.533115 0.413543 0.021319
7 0.299728 0.276009 0.417473 0.022172
7 0.322703 0.601336 0.358827 0.020750
3 0.397219 0.226407 0.036276 0.030415
7 0.303658 0.344372 0.405985 0.017908
3 0.294740 0.482518 0.047763 0.032689
7 0.300333 0.509238 0.404776 0.019045
7 0.314692 0.391273 0.351270 0.019045
3 0.103688 0.417425 0.033857 0.027572
7 0.300181 0.556282 0.402056 0.019898
7 0.300786 0.322058 0.411729 0.019329
7 0.297310 0.462905 0.402963 0.023593
3 0.248035 0.459636 0.043229 0.028425
7 0.300030 0.579591 0.405985 0.019898
3 0.109734 0.217595 0.075574 0.057135
3 0.097491 0.380898 0.100060 0.059125
7 0.304111 0.438886 0.410520 0.020466
7 0.318622 0.625782 0.360943 0.018476
3 0.334190 0.343093 0.048065 0.029562
7 0.300937 0.252700 0.416868 0.020466
3 0.279021 0.202530 0.050786 0.030984
13 0.301693 0.427374 0.422612 0.561967
7 0.296100 0.300028 0.410218 0.020750
7 0.296705 0.648948 0.410822 0.019329
7 0.301239 0.486214 0.412636 0.020750
7 0.294891 0.365975 0.301391 0.017908
8 0.350212 0.501563 0.649637 0.893405
3 0.455562 0.621518 0.042926 0.030415
3 0.352177 0.505685 0.046554 0.036953
3 0.255744 0.553013 0.041717 0.032121
3 0.238362 0.646106 0.049274 0.029562
3 0.396463 0.669130 0.039601 0.031836
3 0.472340 0.249574 0.039601 0.035247
3 0.099607 0.612280 0.102479 0.051165
7 0.316505 0.206225 0.368803 0.020750
7 0.315599 0.228965 0.360943 0.019613
7 0.291264 0.416146 0.402358 0.020466
