7 0.356533 0.628360 0.478004 0.020389
7 0.358503 0.549815 0.472751 0.020853
2 0.438936 0.126506 0.774130 0.078777
2 0.079777 0.447868 0.062377 0.721501
3 0.515102 0.543559 0.061064 0.025023
7 0.366382 0.522011 0.499015 0.020853
2 0.729153 0.447868 0.212081 0.721501
7 0.358831 0.596617 0.465529 0.026413
3 0.485883 0.596154 0.064347 0.026413
7 0.354892 0.574143 0.468155 0.021316
2 0.446815 0.724513 0.776756 0.168211
8 0.491136 0.492817 0.871963 0.898517
4 0.362114 0.330630 0.521996 0.338740
13 0.368680 0.571826 0.503611 0.137164
