7 0.769415 0.551584 0.331315 0.032336
7 0.779228 0.279806 0.336743 0.032556
8 0.697077 0.502860 0.542380 0.936208
7 0.776722 0.585790 0.339248 0.031676
7 0.772129 0.414650 0.325052 0.029916
7 0.768998 0.449076 0.327975 0.029256
13 0.779123 0.393533 0.354071 0.571931
7 0.775052 0.481742 0.338413 0.032556
7 0.774635 0.344919 0.328392 0.030356
7 0.766910 0.628245 0.319624 0.030356
9 0.830063 0.623185 0.217537 0.043995
7 0.778392 0.379454 0.335908 0.029916
2 0.542902 0.373295 0.124217 0.568412
7 0.776931 0.210955 0.332985 0.030356
7 0.774635 0.312253 0.326722 0.029696
7 0.775261 0.244831 0.334656 0.032116
7 0.779854 0.139243 0.327140 0.034316
7 0.778601 0.175429 0.332985 0.032776
7 0.775261 0.515838 0.337161 0.036516
