10 0.827536 0.142504 0.097585 0.040079
7 0.719807 0.550965 0.313043 0.025730
3 0.604589 0.495176 0.103382 0.072489
7 0.747947 0.186170 0.250000 0.023008
10 0.795411 0.605641 0.169082 0.032657
7 0.722705 0.381371 0.316425 0.025977
7 0.767029 0.516452 0.222464 0.023998
7 0.720048 0.583869 0.302415 0.026225
7 0.722464 0.316428 0.318357 0.024245
3 0.582488 0.182088 0.071739 0.044038
3 0.590821 0.343147 0.080676 0.052944
13 0.723913 0.377288 0.344444 0.514597
8 0.639372 0.482929 0.592271 0.914399
7 0.707729 0.219198 0.301449 0.022761
3 0.582367 0.273874 0.082126 0.044038
7 0.765217 0.483671 0.214493 0.024740
7 0.741425 0.282410 0.273671 0.023503
7 0.748551 0.416502 0.246377 0.023998
7 0.685266 0.151905 0.252174 0.025730
7 0.718116 0.452004 0.313043 0.023256
10 0.790217 0.241712 0.177053 0.031173
3 0.587077 0.407843 0.078502 0.048243
7 0.667874 0.616279 0.208213 0.030678
7 0.653744 0.248516 0.193478 0.026472
2 0.465821 0.383226 0.159179 0.521524
7 0.722585 0.349579 0.320048 0.022266
