2 0.441508 0.773979 0.801268 0.169991
3 0.463002 0.561016 0.088795 0.035613
7 0.392178 0.628680 0.486963 0.023742
7 0.397111 0.538699 0.494010 0.021368
7 0.541931 0.266619 0.140944 0.021368
7 0.548978 0.449668 0.147992 0.022792
7 0.532770 0.480057 0.132488 0.022792
7 0.383016 0.659307 0.481325 0.024217
9 0.369274 0.224359 0.487667 0.048908
2 0.086328 0.473884 0.090909 0.770180
7 0.377731 0.237654 0.469345 0.021368
7 0.392530 0.567901 0.489077 0.021842
7 0.556025 0.388177 0.160677 0.022317
13 0.391825 0.439221 0.534179 0.486230
8 0.470049 0.500000 0.873855 0.893637
7 0.534884 0.419041 0.119803 0.022317
7 0.553559 0.327873 0.154334 0.022317
3 0.583157 0.593305 0.079634 0.035613
7 0.553911 0.296296 0.153629 0.022792
2 0.740662 0.465100 0.207188 0.755461
7 0.393235 0.597341 0.490486 0.023742
7 0.398872 0.509022 0.458069 0.022792
2 0.444679 0.151472 0.813249 0.121557
3 0.201903 0.501662 0.110641 0.040361
7 0.557787 0.357787 0.150106 0.024217
4 0.252643 0.363960 0.423538 0.241690
