7 0.741803 0.372953 0.336066 0.032456
7 0.882465 0.603509 0.055913 0.026316
0 0.670667 0.554094 0.193794 0.231579
7 0.891833 0.631871 0.077576 0.023977
3 0.812354 0.616374 0.075527 0.054971
7 0.842945 0.503655 0.153103 0.019591
7 0.836066 0.456725 0.137002 0.025731
7 0.847629 0.525585 0.161885 0.029532
2 0.548156 0.494298 0.052400 0.677485
7 0.736827 0.226901 0.323770 0.034503
7 0.736388 0.326754 0.325234 0.026608
7 0.733021 0.200146 0.320258 0.021930
8 0.686475 0.497953 0.588407 0.903509
7 0.742535 0.402632 0.328747 0.018713
7 0.735070 0.428216 0.339578 0.031287
13 0.751171 0.397076 0.373536 0.608187
2 0.712237 0.124269 0.380562 0.060819
7 0.737412 0.141959 0.338407 0.093860
7 0.732582 0.251316 0.319379 0.024854
7 0.741950 0.300439 0.331674 0.024269
7 0.852313 0.580263 0.156616 0.023099
7 0.840749 0.554386 0.149297 0.026901
7 0.741071 0.275439 0.337529 0.027485
7 0.839578 0.484211 0.144028 0.029240
7 0.852898 0.658041 0.156616 0.025439
7 0.749415 0.683333 0.336651 0.029240
2 0.742242 0.765789 0.336944 0.135088
7 0.736095 0.351023 0.316452 0.021345
