13 0.327759 0.428169 0.410889 0.496177
7 0.321777 0.445976 0.380371 0.018712
7 0.453979 0.324849 0.115967 0.018712
3 0.345459 0.628571 0.039551 0.025352
9 0.319336 0.199799 0.408203 0.033803
7 0.451904 0.396479 0.125977 0.018712
7 0.321411 0.517203 0.388916 0.017907
7 0.457520 0.301107 0.123047 0.017907
2 0.618652 0.477465 0.170898 0.785915
7 0.453491 0.372334 0.114990 0.017907
8 0.414795 0.502012 0.778809 0.929980
7 0.404663 0.564085 0.213623 0.017505
2 0.376587 0.778571 0.652100 0.192958
3 0.206299 0.581388 0.170898 0.110463
7 0.455688 0.230684 0.122314 0.017907
7 0.327759 0.207646 0.383545 0.024547
7 0.405396 0.611167 0.217041 0.016700
7 0.324951 0.469718 0.380859 0.018712
7 0.320923 0.659658 0.382080 0.018310
7 0.402588 0.634809 0.211426 0.018913
4 0.256714 0.307948 0.262451 0.185714
7 0.457275 0.348994 0.122559 0.017907
7 0.324707 0.419618 0.385254 0.020724
7 0.404663 0.587827 0.208252 0.017505
7 0.459839 0.277968 0.121338 0.016700
2 0.375366 0.136922 0.657471 0.090342
9 0.463989 0.533903 0.106689 0.027163
2 0.084229 0.479175 0.073242 0.777666
7 0.405762 0.540141 0.224609 0.017103
7 0.325928 0.493863 0.392090 0.017907
7 0.456421 0.254024 0.119873 0.017907
