3 0.586310 0.594550 0.055000 0.033521
2 0.476905 0.441146 0.158571 0.548106
3 0.575833 0.176689 0.048333 0.039150
7 0.727738 0.512027 0.324524 0.024565
7 0.718929 0.185517 0.324524 0.025077
7 0.719762 0.268040 0.303810 0.023797
7 0.733571 0.593526 0.334762 0.026356
10 0.848214 0.374872 0.094524 0.025077
13 0.728095 0.442938 0.352857 0.562436
3 0.578810 0.484647 0.044286 0.032242
7 0.723690 0.459570 0.328333 0.025077
7 0.725833 0.377303 0.335952 0.025333
7 0.728333 0.432830 0.327619 0.025333
7 0.729643 0.701894 0.322619 0.025589
8 0.678333 0.499744 0.590000 0.903787
7 0.727500 0.404427 0.325952 0.024309
7 0.730476 0.674898 0.326667 0.026868
7 0.729762 0.296059 0.339524 0.025077
3 0.586310 0.671059 0.045000 0.028915
10 0.815595 0.562052 0.167857 0.022262
7 0.731667 0.620650 0.337619 0.020727
3 0.575833 0.263562 0.048333 0.035312
7 0.732500 0.324463 0.339286 0.025589
7 0.734405 0.539278 0.338810 0.026868
10 0.825000 0.640353 0.154762 0.024309
7 0.730952 0.484903 0.333333 0.025077
7 0.715238 0.208930 0.317143 0.018168
7 0.728095 0.354273 0.340476 0.020727
7 0.713571 0.237334 0.313810 0.023286
7 0.694167 0.642400 0.254048 0.026356
3 0.575000 0.320880 0.043333 0.035312
7 0.672500 0.567810 0.215952 0.020471
3 0.577143 0.403403 0.043333 0.030450
