7 0.577336 0.559100 0.177533 0.023244
10 0.724104 0.642928 0.225515 0.020772
7 0.664126 0.613378 0.349421 0.030910
13 0.666526 0.427547 0.366074 0.471810
8 0.599633 0.394782 0.752187 0.789565
3 0.527942 0.585806 0.077053 0.031652
7 0.779706 0.381677 0.095117 0.024975
7 0.780977 0.236523 0.099351 0.030415
3 0.769263 0.350767 0.060683 0.030910
7 0.668925 0.469585 0.365227 0.030663
7 0.819785 0.349407 0.035281 0.029674
9 0.744285 0.467730 0.208863 0.036350
7 0.703641 0.587908 0.270392 0.023986
2 0.404459 0.466246 0.158058 0.734174
7 0.714084 0.500247 0.230313 0.026212
3 0.525684 0.443002 0.074231 0.033383
7 0.773497 0.206108 0.088343 0.025470
7 0.701524 0.440158 0.274626 0.034619
9 0.780553 0.436820 0.113745 0.033877
3 0.543043 0.514837 0.108947 0.061325
7 0.721423 0.528314 0.239345 0.026459
2 0.770957 0.162463 0.097375 0.059842
7 0.549252 0.645401 0.120237 0.023244
0 0.607818 0.266444 0.249788 0.267804
10 0.749365 0.558358 0.163703 0.018299
7 0.780977 0.295994 0.100480 0.021266
7 0.655800 0.410979 0.338414 0.032146
7 0.782811 0.263353 0.099633 0.025717
7 0.777025 0.322948 0.088061 0.020772
2 0.656788 0.747527 0.351679 0.165678
2 0.651849 0.112760 0.336720 0.039565
