9 0.648835 0.296432 0.337647 0.018573
7 0.788179 0.353006 0.100949 0.020772
7 0.790768 0.327713 0.087719 0.021994
7 0.783290 0.381232 0.098073 0.022483
7 0.655450 0.297898 0.339948 0.022483
2 0.564999 0.147361 0.520851 0.093842
8 0.605695 0.499267 0.738568 0.909580
7 0.668248 0.613148 0.365545 0.027859
0 0.607133 0.412023 0.259994 0.206745
7 0.784728 0.409824 0.095197 0.022972
7 0.788036 0.498656 0.105838 0.024194
7 0.649267 0.213099 0.344262 0.025415
13 0.665229 0.428275 0.381938 0.479228
7 0.652574 0.239003 0.345700 0.024438
7 0.785447 0.435239 0.106414 0.021994
7 0.666235 0.556818 0.357492 0.026149
7 0.667386 0.642229 0.360943 0.025415
7 0.785735 0.467742 0.109865 0.021994
7 0.662640 0.270283 0.358930 0.025415
2 0.389848 0.470674 0.174576 0.743891
3 0.762151 0.322458 0.043141 0.030059
2 0.574346 0.753177 0.543572 0.181329
7 0.664510 0.585655 0.356917 0.024682
7 0.663791 0.528348 0.357780 0.025904
