7 0.728471 0.218732 0.334661 0.021690
7 0.848452 0.464648 0.098989 0.021690
7 0.842783 0.493803 0.089488 0.020845
7 0.840791 0.630845 0.114312 0.021690
8 0.652007 0.499718 0.638983 0.900282
7 0.729543 0.326901 0.328838 0.021127
7 0.715599 0.410563 0.300337 0.021127
7 0.840178 0.570986 0.105731 0.020282
7 0.842936 0.599718 0.107570 0.021972
2 0.472418 0.464225 0.160895 0.729014
7 0.837420 0.518732 0.099602 0.017746
7 0.724333 0.190423 0.330064 0.020845
3 0.814894 0.479296 0.052712 0.032958
0 0.671621 0.530845 0.220349 0.214930
13 0.733987 0.405352 0.352436 0.474930
7 0.734294 0.383521 0.347533 0.020563
9 0.847073 0.444648 0.107876 0.049296
7 0.725100 0.273099 0.327306 0.020563
2 0.638523 0.132254 0.490653 0.062254
7 0.728164 0.355915 0.327919 0.021690
7 0.846307 0.439014 0.112473 0.019437
7 0.838799 0.544789 0.099295 0.019718
2 0.641281 0.738169 0.488814 0.181127
7 0.725253 0.300423 0.335581 0.022254
7 0.728930 0.246901 0.340484 0.020563
