7 0.794561 0.427315 0.269038 0.032280
3 0.629184 0.603517 0.046653 0.032947
8 0.684414 0.497551 0.570502 0.931434
3 0.627301 0.386020 0.043724 0.032502
10 0.881485 0.149265 0.047071 0.025156
7 0.796653 0.393811 0.274895 0.030276
7 0.795816 0.264359 0.278243 0.036287
7 0.796234 0.296638 0.279079 0.034506
7 0.794351 0.227961 0.281172 0.031167
3 0.629184 0.640361 0.047490 0.038068
3 0.628556 0.147039 0.045397 0.037622
7 0.792469 0.574466 0.284100 0.028718
7 0.792469 0.151937 0.281590 0.028718
10 0.851464 0.424421 0.098745 0.022930
13 0.775418 0.393811 0.339958 0.552538
3 0.627092 0.456923 0.044142 0.032280
10 0.860042 0.323909 0.094142 0.022707
7 0.798117 0.192231 0.286192 0.031389
7 0.793096 0.609751 0.270293 0.037400
3 0.628138 0.421527 0.045397 0.038513
3 0.628347 0.321683 0.041632 0.028050
10 0.839644 0.221282 0.130753 0.023152
10 0.855649 0.288513 0.098745 0.025378
7 0.797280 0.328807 0.273640 0.034283
2 0.516632 0.392698 0.158368 0.538736
3 0.627092 0.565116 0.044142 0.040294
3 0.627510 0.527716 0.043305 0.034506
10 0.865377 0.570570 0.079289 0.022707
7 0.795188 0.361866 0.278661 0.030944
10 0.844979 0.255454 0.124268 0.022930
10 0.837448 0.643700 0.118410 0.022484
7 0.795188 0.503117 0.270293 0.031612
3 0.627092 0.288847 0.044979 0.034951
3 0.628347 0.491095 0.045816 0.036064
7 0.792678 0.645258 0.267782 0.030053
10 0.853556 0.493989 0.094561 0.020481
3 0.627092 0.353851 0.041632 0.031834
10 0.852510 0.358081 0.109205 0.018032
10 0.850209 0.391362 0.113808 0.020926
7 0.795188 0.464047 0.271967 0.030499
3 0.626255 0.253896 0.041632 0.031389
10 0.839540 0.607079 0.122594 0.027605
10 0.844979 0.459929 0.115900 0.020481
3 0.627510 0.218166 0.044979 0.036509
3 0.627301 0.182435 0.043724 0.036732
7 0.797699 0.536175 0.272803 0.033615
