1 0.14501679731243 0.210946816122108 0.0757745427398283 0.0400667779632721
1 0.661440836132885 0.317553064631529 0.0670026129152669 0.033508227999046
1 0.473124300111982 0.379084187932268 0.0524449421425905 0.0373241116145958
1 0.523889511011571 0.817195325542571 0.0559910414333707 0.0256379680419747
1 0.322321761851437 0.775816837586454 0.0546845837999253 0.0310040543763415
1 0.209219858156028 0.509062723586931 0.0535647629712579 0.0271881707607918
1 0.799178798058977 0.210469830670165 0.0772676371780515 0.0391128070593847
1 0.27939529675252 0.318507035535416 0.0670026129152669 0.0317195325542571
1 0.211086226203807 0.695683281659909 0.0505785740948115 0.028499880753637
1 0.469578200821202 0.145599809205819 0.736468831653602 0.0773908895778679
1 0.210712952594252 0.421058907703315 0.0612168719671519 0.0298115907464822
1 0.211086226203807 0.608871929406153 0.0505785740948115 0.0271881707607918
1 0.680664427025009 0.775816837586454 0.0559910414333707 0.0287383734796089