0 0.4442 0.34490042245021124 0.046 0.06216053108026554
0 0.7764 0.6116475558237779 0.216 0.20941460470730236
0 0.4398 0.21726010863005432 0.098 0.09414604707302354
0 0.4598 0.611949305974653 0.1308 0.07362703681351841
0 0.4692 0.703983101991551 0.112 0.09837054918527459
0 0.476 0.4894387447193724 0.0824 0.06517803258901629
0 0.4192 0.7305371152685576 0.0864 0.08871454435727218
0 0.689 0.24502112251056127 0.218 0.0627640313820157
0 0.45 0.6807483403741702 0.1536 0.18467109233554616
0 0.7852 0.20911285455642728 0.0832 0.07905853952926976
0 0.7342 0.45292697646348823 0.2556 0.14061557030778515
0 0.8322 0.48823174411587206 0.0676 0.08569704284852142