0 0.4554 0.20549185274592638 0.0452 0.06940253470126735
0 0.7714 0.1964393482196741 0.0852 0.08871454435727218
0 0.42 0.659625829812915 0.1312 0.24381412190706095
0 0.4062 0.6372963186481593 0.1116 0.13397706698853348
0 0.7832 0.5331925165962583 0.1008 0.057332528666264336
0 0.4704 0.3744719372359686 0.0632 0.22872661436330718
0 0.3782 0.5129752564876282 0.0596 0.09173204586602293
0 0.3892 0.7628243814121907 0.0632 0.09173204586602293
0 0.4596 0.6122510561255281 0.0584 0.15630657815328908
0 0.697 0.5612552806276403 0.2956 0.16053108026554014
0 0.364 0.23989136994568497 0.0488 0.06095353047676524